                                                                                
********************************************************************************
                                                                                
                Super level assignmenys for PX
                E%LS=5 %
                                                                                
********************************************************************************
                                                                                
26-Aug-2022                            !Date
527                                    !Number of energy levels
6                                      !Entry number of link to super level
  
2s2_2p2_3Pe[0]              1.0          0.0000   102.6190   2.921E+01     1     0      1
2s2_2p2_3Pe[1]              3.0       3692.0000   102.5083   2.925E+01     1     0      2
2s2_2p2_3Pe[2]              5.0       9045.0000   102.3478   2.929E+01     1     0      3
2s2_2p2_1De[2]              5.0      59690.0000   100.8295   2.973E+01     2     0      4
2s2_2p2_1Se[0]              1.0     119960.0000    99.0226   3.028E+01     3     0      5
2s_2p3_5So[2]               5.0     167740.0000    97.5902   3.072E+01     4     0      6
2s_2p3_3Do[2]               5.0     323201.0000    92.9296   3.226E+01     5     0      7
2s_2p3_3Do[3]               7.0     323234.0000    92.9286   3.226E+01     5     0      8
2s_2p3_3Do[1]               3.0     323416.0000    92.9232   3.226E+01     5     0      9
2s_2p3_3Po[1]               3.0     379910.0000    91.2295   3.286E+01     6     0     10
2s_2p3_3Po[0]               1.0     379929.0000    91.2290   3.286E+01     6     0     11
2s_2p3_3Po[2]               5.0     380149.0000    91.2224   3.286E+01     6     0     12
2s_2p3_1Do[2]               5.0     484750.0000    88.0865   3.403E+01     7     0     13
2s_2p3_3So[1]               3.0     490592.0000    87.9114   3.410E+01     8     0     14
2s_2p3_1Po[1]               3.0     541990.0000    86.3705   3.471E+01     9     0     15
2p4_3Pe[2]                  5.0     742590.0000    80.3567   3.731E+01    10     0     16
2p4_3Pe[1]                  3.0     749011.0000    80.1642   3.740E+01    10     0     17
2p4_3Pe[0]                  1.0     751411.0000    80.0922   3.743E+01    10     0     18
2p4_1De[2]                  5.0     793130.0000    78.8415   3.802E+01    11     0     19
2p4_1Se[0]                  1.0     975672.5901    73.3690   4.086E+01    12     0     20
2s2_2p_3s_3Po[0]            1.0    1954000.0000    44.0395   6.807E+01    13     0     21
2s2_2p_3s_3Po[1]            3.0    1956300.0000    43.9706   6.818E+01    13     0     22
2s2_2p_3s_3Po[2]            5.0    1963700.0000    43.7487   6.853E+01    13     0     23
2s2_2p_3s_1Po[1]            3.0    1976900.0000    43.3530   6.915E+01    14     0     24
2s2_2p_3p_1Pe               3.0    2037804.8307    41.5271   7.219E+01    15     0     25
2s2_2p_3p_3De              15.0    2049128.3914    41.1876   7.279E+01    16     0     26
2s2_2p_3p_3Se               3.0    2061947.6184    40.8033   7.347E+01    16     0     27
2s2_2p_3p_3Pe               9.0    2069912.4683    40.5645   7.391E+01    16     0     28
2s2_2p_3p_1De               5.0    2100043.8223    39.6612   7.559E+01    15     0     29
2s_2p2(4Pe)3s_5Pe[1]        3.0    2133530.0000    38.6573   7.755E+01    17     0     30
2s2_2p_3p_1Se               1.0    2135058.5260    38.6115   7.764E+01    15     0     31
2s_2p2(4Pe)3s_5Pe[2]        5.0    2137250.0000    38.5458   7.778E+01    17     0     32
2s_2p2(4Pe)3s_5Pe[3]        7.0    2141250.0000    38.4259   7.802E+01    17     0     33
2s2_2p_3d_1Do[2]            5.0    2147600.0000    38.2355   7.841E+01    18     0     34
2s2_2p_3d_3Fo              21.0    2155804.4195    37.9896   7.891E+01    19     0     35
2s2_2p_3d_3Do[1]            3.0    2162985.0000    37.7743   7.936E+01    19     0     36
2s2_2p_3d_3Do[2]            5.0    2164200.0000    37.7379   7.944E+01    19     0     37
2s2_2p_3d_3Do[3]            7.0    2167500.0000    37.6389   7.965E+01    19     0     38
2s2_2p_3d_3Po[2]            5.0    2172100.0000    37.5010   7.994E+01    19     0     39
2s2_2p_3d_3Po[1]            3.0    2173800.0000    37.4501   8.005E+01    19     0     40
2s2_2p_3d_3Po[0]            1.0    2174793.0000    37.4203   8.011E+01    19     0     41
2s_2p2(4Pe)3s_3Pe           9.0    2194294.9098    36.8357   8.139E+01    20     0     42
2s2_2p_3d_1Fo[3]            7.0    2197900.0000    36.7276   8.163E+01    18     0     43
2s2_2p_3d_1Po[1]            3.0    2198400.0000    36.7126   8.166E+01    18     0     44
2s_2p2(4Pe)3p_3So[1]        3.0    2217300.0000    36.1460   8.294E+01    19     0     45
2s_2p2(4Pe)3p_5Do          25.0    2236546.9251    35.5690   8.428E+01    21     0     46
2s_2p2(4Pe)3p_5Po          15.0    2246980.5297    35.2562   8.503E+01    21     0     47
2s_2p2(4Pe)3p_3Do[1]        3.0    2258500.0000    34.9108   8.587E+01    19     0     48
2s_2p2(4Pe)3p_3Do[2]        5.0    2259500.0000    34.8809   8.595E+01    19     0     49
2s_2p2(4Pe)3p_3Do[3]        7.0    2263100.0000    34.7729   8.621E+01    19     0     50
2s_2p2(4Pe)3p_5So           5.0    2279183.4328    34.2908   8.743E+01    21     0     51
2s_2p2(4Pe)3p_3Po           9.0    2290021.2691    33.9658   8.826E+01    22     0     52
2s_2p2(2De)3s_3De[3]        7.0    2301143.4987    33.6324   8.914E+01    20     0     53
2s_2p2(2De)3s_3De[2]        5.0    2301143.4987    33.6324   8.914E+01    20     0     54
2s_2p2(2De)3s_3De[1]        3.0    2301143.4987    33.6324   8.914E+01    20     0     55
2s_2p2(2De)3s_1De           5.0    2333145.3037    32.6730   9.176E+01    23     0     56
2s_2p2(4Pe)3d_5Fe          35.0    2333532.1706    32.6614   9.179E+01    24     0     57
2s_2p2(4Pe)3d_5Pe[3]        7.0    2343400.0000    32.3656   9.263E+01    24     0     58
2s_2p2(4Pe)3d_5Pe[2]        5.0    2344920.0000    32.3200   9.276E+01    24     0     59
2s_2p2(4Pe)3d_5Pe[1]        3.0    2346130.0000    32.2838   9.286E+01    24     0     60
2s_2p2(4Pe)3d_5De          25.0    2347859.6114    32.2319   9.301E+01    24     0     61
2s_2p2(4Pe)3d_3Fe[2]        5.0    2358400.0000    31.9159   9.393E+01    25     0     62
2s_2p2(4Pe)3d_3Fe[3]        7.0    2360850.0000    31.8425   9.415E+01    25     0     63
2s_2p2(4Pe)3d_3Fe[4]        9.0    2364500.0000    31.7330   9.447E+01    25     0     64
2s_2p2(4Pe)3d_3Pe[2]        5.0    2370444.1171    31.5548   9.501E+01    25     0     65
2s_2p2(4Pe)3d_3De[2]        5.0    2388700.0000    31.0075   9.668E+01    25     0     66
2s_2p2(4Pe)3d_3De[3]        7.0    2389750.0000    30.9761   9.678E+01    25     0     67
2s_2p2(2De)3p_3Fo          21.0    2399568.2182    30.6817   9.771E+01    22     0     68
2s_2p2(2Se)3s_3Se           3.0    2400874.9673    30.6425   9.784E+01    25     0     69
2s_2p2(2De)3p_1Fo[3]        7.0    2402031.5659    30.6079   9.795E+01    26     0     70
2s_2p2(2De)3p_1Do[2]        5.0    2413591.9078    30.2613   9.907E+01    26     0     71
2s_2p2(2De)3p_3Do          15.0    2414282.4536    30.2406   9.914E+01    27     0     72
2s_2p2(2De)3p_1Po           3.0    2420188.2565    30.0635   9.972E+01    26     0     73
2s_2p2(2Se)3s_1Se           1.0    2429289.8410    29.7907   1.006E+02    23     0     74
2s_2p2(2Pe)3s_3Pe           9.0    2429628.7504    29.7805   1.007E+02    25     0     75
2s_2p2(2De)3p_3Po           9.0    2431516.9798    29.7239   1.009E+02    27     0     76
2s_2p2(2Pe)3s_1Pe           3.0    2443004.6562    29.3795   1.020E+02    23     0     77
2s_2p2(2De)3d_3Fe[4]        9.0    2467700.0000    28.6392   1.047E+02    25     0     78
2s_2p2(2De)3d_3Fe[3]        7.0    2467700.0000    28.6392   1.047E+02    25     0     79
2s_2p2(2De)3d_3Fe[2]        5.0    2467700.0000    28.6392   1.047E+02    25     0     80
2s_2p2(2De)3d_3De[1]        3.0    2476500.0000    28.3754   1.057E+02    28     0     81
2s_2p2(2De)3d_3De[3]        7.0    2476500.0000    28.3754   1.057E+02    28     0     82
2s_2p2(2De)3d_3De[2]        5.0    2476500.0000    28.3754   1.057E+02    28     0     83
2s_2p2(2De)3d_3Ge          27.0    2500552.1528    27.6543   1.084E+02    28     0     84
2s_2p2(2Pe)3p_1So           1.0    2501594.0014    27.6231   1.085E+02    26     0     85
2s_2p2(2Se)3p_3Po           9.0    2506524.7909    27.4752   1.091E+02    27     0     86
2s_2p2(2Se)3p_1Po           3.0    2512703.8419    27.2900   1.099E+02    26     0     87
2s_2p2(2De)3d_1Fe           7.0    2514315.3176    27.2417   1.100E+02    29     0     88
2s_2p2(2Pe)3p_3Do          15.0    2520264.7291    27.0633   1.108E+02    27     0     89
2s_2p2(2De)3d_1Ge           9.0    2526214.5732    26.8850   1.115E+02    29     0     90
2s_2p2(2Pe)3p_3Po           9.0    2530674.2123    26.7513   1.121E+02    27     0     91
2s_2p2(2De)3d_3Pe           9.0    2533546.4454    26.6651   1.124E+02    28     0     92
2s_2p2(2Pe)3p_3So           3.0    2538770.0477    26.5085   1.131E+02    30     0     93
2s_2p2(2De)3d_1De           5.0    2541921.3389    26.4141   1.135E+02    29     0     94
2s_2p2(2De)3d_3Se           3.0    2542139.5092    26.4075   1.135E+02    28     0     95
2s_2p2(2De)3d_1Pe           3.0    2548648.5397    26.2124   1.144E+02    29     0     96
2s_2p2(2Pe)3p_1Do           5.0    2563098.7458    25.7792   1.163E+02    31     0     97
2s_2p2(2De)3d_1Se           1.0    2568493.9835    25.6174   1.170E+02    29     0     98
2p3(4So)3s_5So              5.0    2572640.6773    25.4931   1.176E+02    32     0     99
2s_2p2(2Pe)3p_1Po           3.0    2580194.9918    25.2667   1.187E+02    31     0    100
2s_2p2(2Se)3d_3De          15.0    2608259.9905    24.4253   1.227E+02    33     0    101
2s_2p2(2Se)3d_1De           5.0    2624686.2428    23.9328   1.253E+02    29     0    102
2p3(4So)3s_3So              3.0    2627112.8523    23.8601   1.256E+02    30     0    103
2s_2p2(2Pe)3d_3De          15.0    2630194.7497    23.7677   1.261E+02    33     0    104
2s_2p2(2Pe)3d_1Pe           3.0    2633652.9231    23.6640   1.267E+02    29     0    105
2s_2p2(2Pe)3d_3Fe[4]        9.0    2635238.0190    23.6165   1.269E+02    33     0    106
2s_2p2(2Pe)3d_3Fe[3]        7.0    2635238.0190    23.6165   1.269E+02    33     0    107
2s_2p2(2Pe)3d_3Fe[2]        5.0    2635238.0190    23.6165   1.269E+02    33     0    108
2s2_2p_4s_3Po               9.0    2644720.0597    23.3322   1.285E+02    30     0    109
2s_2p2(2Pe)3d_3Pe           9.0    2648919.1681    23.2064   1.292E+02    33     0    110
2s_2p2(2Pe)3d_1Fe           7.0    2652135.3933    23.1099   1.297E+02    34     0    111
2s2_2p_4s_1Po               3.0    2653300.5481    23.0750   1.299E+02    31     0    112
2p3(4So)3p_5Pe             15.0    2663642.0200    22.7650   1.317E+02    35     0    113
2p3(2Do)3s_3Do             15.0    2668012.0489    22.6340   1.325E+02    36     0    114
2s_2p2(2Pe)3d_1De           5.0    2674385.4256    22.4429   1.336E+02    34     0    115
2s2_2p_4p_1Pe               3.0    2678622.4782    22.3159   1.343E+02    34     0    116
2s2_2p_4p_3De              15.0    2682847.6086    22.1892   1.351E+02    33     0    117
2s2_2p_4p_3Se               3.0    2684863.1219    22.1288   1.355E+02    33     0    118
2s2_2p_4p_3Pe               9.0    2688445.0278    22.0214   1.361E+02    33     0    119
2p3(2Do)3s_1Do              5.0    2688469.3122    22.0207   1.361E+02    31     0    120
2p3(4So)3p_3Pe              9.0    2692925.6676    21.8871   1.370E+02    33     0    121
2s2_2p_4p_1De               5.0    2703357.1567    21.5743   1.390E+02    34     0    122
2s2_2p_4p_1Se               1.0    2709308.1930    21.3959   1.401E+02    34     0    123
2s2_2p_4d_3Fo              21.0    2718223.4118    21.1287   1.419E+02    36     0    124
2s2_2p_4d_1Do               5.0    2718223.4118    21.1287   1.419E+02    37     0    125
2s2_2p_4d_3Do[1]            3.0    2723489.6945    20.9708   1.430E+02    36     0    126
2s2_2p_4d_3Do[2]            5.0    2724983.1929    20.9260   1.433E+02    36     0    127
2s2_2p_4d_3Po               9.0    2727479.7462    20.8512   1.438E+02    36     0    128
2s2_2p_4d_3Do[3]            7.0    2727590.7592    20.8478   1.438E+02    36     0    129
2s2_2p_4d_1Fo               7.0    2738596.0165    20.5179   1.461E+02    37     0    130
2s2_2p_4d_1Po               3.0    2739361.4544    20.4950   1.463E+02    37     0    131
2s2_2p_4f_3Fe              21.0    2744100.0401    20.3529   1.473E+02    38     0    132
2s2_2p_4f_3Ge              27.0    2744877.6800    20.3296   1.475E+02    38     0    133
2s2_2p_4f_1Ge               9.0    2745424.4619    20.3132   1.476E+02    34     0    134
2s2_2p_4f_1Fe               7.0    2745934.7963    20.2979   1.477E+02    34     0    135
2p3(2Do)3p_1Pe              3.0    2746639.5473    20.2768   1.479E+02    34     0    136
2s2_2p_4f_3De              15.0    2747320.0036    20.2564   1.480E+02    38     0    137
2p3(2Do)3p_3De             15.0    2751074.7629    20.1438   1.488E+02    38     0    138
2s2_2p_4f_1De               5.0    2752520.8155    20.1005   1.491E+02    34     0    139
2p3(2Po)3s_3Po              9.0    2756142.1366    19.9919   1.500E+02    36     0    140
2p3(2Do)3p_3Fe             21.0    2757260.1602    19.9584   1.502E+02    38     0    141
2p3(4So)3d_5Do             25.0    2758645.5599    19.9168   1.505E+02    39     0    142
2p3(2Do)3p_1Fe              7.0    2762327.9172    19.8065   1.514E+02    34     0    143
2p3(2Po)3s_1Po              3.0    2776390.4533    19.3849   1.547E+02    37     0    144
2p3(4So)3d_3Do             15.0    2791731.9385    18.9249   1.584E+02    36     0    145
2p3(2Do)3p_3Pe              9.0    2798564.8061    18.7201   1.601E+02    38     0    146
2p3(2Do)3p_1De              5.0    2820623.5274    18.0588   1.660E+02    40     0    147
2s_2p2(4Pe)4s_5Pe          15.0    2826376.3065    17.8863   1.676E+02    41     0    148
2p3(2Po)3p_3Se              3.0    2837980.3890    17.5384   1.709E+02    38     0    149
2p3(2Do)3d_3Fo             21.0    2842408.3737    17.4057   1.722E+02    42     0    150
2s_2p2(4Pe)4s_3Pe           9.0    2844160.1692    17.3532   1.728E+02    38     0    151
2p3(2Po)3p_3De             15.0    2844865.7647    17.3320   1.730E+02    38     0    152
2p3(2Do)3d_1So              1.0    2846702.7734    17.2770   1.735E+02    37     0    153
2p3(2Do)3d_3Go             27.0    2848053.1836    17.2365   1.739E+02    42     0    154
2p3(2Do)3d_1Go              9.0    2851800.3839    17.1241   1.751E+02    37     0    155
2p3(2Po)3p_1Pe              3.0    2852372.2122    17.1070   1.752E+02    40     0    156
2s_2p2(4Pe)4p_3So           3.0    2864673.5599    16.7382   1.791E+02    42     0    157
2s_2p2(4Pe)4p_5Do          25.0    2865233.3081    16.7214   1.793E+02    39     0    158
2p3(2Po)3p_3Pe              9.0    2867776.5637    16.6452   1.801E+02    38     0    159
2s_2p2(4Pe)4p_5Po          15.0    2868019.9420    16.6379   1.802E+02    39     0    160
2p3(2Do)3d_3Do             15.0    2870076.5128    16.5762   1.809E+02    42     0    161
2p3(2Do)3d_1Po              3.0    2872522.5611    16.5029   1.817E+02    43     0    162
2s_2p2(4Pe)4p_5So           5.0    2878291.1422    16.3300   1.836E+02    39     0    163
2p3(2Po)3p_1De              5.0    2879179.5885    16.3033   1.839E+02    40     0    164
2s_2p2(4Pe)4p_3Do          15.0    2881236.4395    16.2417   1.846E+02    42     0    165
2s_2p2(4Pe)4p_3Po           9.0    2885033.8368    16.1278   1.859E+02    42     0    166
2p3(2Do)3d_3Po              9.0    2888332.3584    16.0289   1.870E+02    42     0    167
2p3(2Do)3d_1Do              5.0    2890669.3998    15.9589   1.879E+02    43     0    168
2p3(2Do)3d_3So              3.0    2899579.9762    15.6917   1.911E+02    42     0    169
2s_2p2(4Pe)4d_5Fe          35.0    2900931.2532    15.6512   1.915E+02    41     0    170
2p3(2Do)3d_1Fo              7.0    2903999.1030    15.5593   1.927E+02    43     0    171
2s_2p2(4Pe)4d_5De          25.0    2905581.7676    15.5118   1.933E+02    41     0    172
2s_2p2(4Pe)4d_5Pe          15.0    2911839.6796    15.3242   1.956E+02    41     0    173
2s_2p2(4Pe)4d_3Pe           9.0    2914433.0782    15.2465   1.966E+02    44     0    174
2s_2p2(4Pe)4d_3Fe          21.0    2921069.1419    15.0475   1.992E+02    44     0    175
2s_2p2(4Pe)4f_5Go          45.0    2926585.3954    14.8821   2.014E+02    45     0    176
2s_2p2(4Pe)4f_3Go          27.0    2928399.8732    14.8277   2.022E+02    42     0    177
2s_2p2(4Pe)4f_5Do          25.0    2928789.5654    14.8161   2.023E+02    45     0    178
2s_2p2(4Pe)4d_3De          15.0    2930323.9943    14.7701   2.030E+02    44     0    179
2s_2p2(4Pe)4f_5Fo          35.0    2930945.0807    14.7514   2.032E+02    45     0    180
2s_2p2(4Pe)4f_3Do          15.0    2931407.8540    14.7376   2.034E+02    42     0    181
2s_2p2(4Pe)4f_3Fo          21.0    2931797.5605    14.7259   2.036E+02    42     0    182
2p3(2Po)3p_1Se              1.0    2936230.5949    14.5930   2.054E+02    40     0    183
2s2_2p_5s_3Po               9.0    2936474.1744    14.5857   2.055E+02    42     0    184
2s2_2p_5s_1Po               3.0    2939311.9376    14.5006   2.067E+02    43     0    185
2p3(2Po)3d_3Fo             21.0    2940505.5325    14.4648   2.073E+02    42     0    186
2p3(2Po)3d_3Po              9.0    2949579.8535    14.1928   2.112E+02    42     0    187
2s2_2p_5p_1Pe               3.0    2953392.5841    14.0785   2.129E+02    40     0    188
2s2_2p_5p_3De              15.0    2954220.9318    14.0536   2.133E+02    44     0    189
2p3(2Po)3d_1Do              5.0    2956547.6610    13.9839   2.144E+02    43     0    190
2s2_2p_5p_3Se               3.0    2956888.7573    13.9737   2.145E+02    44     0    191
2s2_2p_5p_3Pe               9.0    2959763.7705    13.8875   2.159E+02    44     0    192
2p3(2Po)3d_3Do             15.0    2960324.1653    13.8707   2.161E+02    42     0    193
2s2_2p_5p_1De               5.0    2962980.0054    13.7911   2.174E+02    46     0    194
2s2_2p_5p_1Se               1.0    2969096.0710    13.6077   2.203E+02    46     0    195
2p3(2Po)3d_1Fo              7.0    2970801.8274    13.5566   2.211E+02    43     0    196
2s2_2p_5d_3Fo              21.0    2974652.0942    13.4411   2.230E+02    42     0    197
2s2_2p_5d_1Do               5.0    2974968.8962    13.4316   2.232E+02    43     0    198
2s2_2p_5d_3Do              15.0    2978600.0220    13.3228   2.250E+02    42     0    199
2s2_2p_5d_3Po               9.0    2978855.9119    13.3151   2.252E+02    42     0    200
2s2_2p_5d_1Fo               7.0    2984266.3592    13.1529   2.279E+02    43     0    201
2s2_2p_5d_1Po               3.0    2984571.0120    13.1438   2.281E+02    43     0    202
2s_2p2(2De)4s_3De          15.0    2984619.7562    13.1423   2.281E+02    44     0    203
2s2_2p_5f_1Fe               7.0    2986874.2236    13.0747   2.293E+02    46     0    204
2s2_2p_5f_3Fe              21.0    2987020.4615    13.0703   2.294E+02    44     0    205
2s2_2p_5g_1Go               9.0    2987483.5496    13.0565   2.296E+02    43     0    206
2s2_2p_5g_3Go              27.0    2987483.5496    13.0565   2.296E+02    47     0    207
2s2_2p_5f_3Ge              27.0    2987520.1090    13.0554   2.296E+02    44     0    208
2s2_2p_5g_3Ho              33.0    2988275.6799    13.0327   2.300E+02    47     0    209
2s2_2p_5g_1Ho              11.0    2988324.4275    13.0312   2.301E+02    43     0    210
2s2_2p_5f_1Ge               9.0    2988348.8007    13.0305   2.301E+02    46     0    211
2s2_2p_5g_3Fo              21.0    2988531.6011    13.0250   2.302E+02    47     0    212
2s2_2p_5g_1Fo               7.0    2988604.7220    13.0228   2.302E+02    43     0    213
2s2_2p_5f_3De              15.0    2989214.0609    13.0046   2.305E+02    44     0    214
2s2_2p_5f_1De               5.0    2989811.2161    12.9867   2.308E+02    46     0    215
2s_2p2(2De)4s_1De           5.0    2996233.9683    12.7941   2.343E+02    46     0    216
2p3(2Po)3d_1Po              3.0    3006740.5704    12.4791   2.402E+02    43     0    217
2s_2p2(2De)4p_3Fo          21.0    3023380.7903    11.9803   2.502E+02    47     0    218
2s_2p2(2De)4p_3Do          15.0    3025867.9693    11.9057   2.518E+02    47     0    219
2s_2p2(2De)4p_1Fo           7.0    3028001.6376    11.8418   2.532E+02    48     0    220
2s_2p2(2De)4p_1Do           5.0    3028708.8076    11.8206   2.536E+02    48     0    221
2s_2p2(2De)4p_3Po           9.0    3031927.7304    11.7241   2.557E+02    47     0    222
2s_2p2(2De)4p_1Po           3.0    3035256.5215    11.6243   2.579E+02    48     0    223
2s_2p2(2De)4d_3Fe          21.0    3059964.4882    10.8835   2.755E+02    44     0    224
2s_2p2(2De)4d_3Ge          27.0    3060220.6303    10.8759   2.756E+02    49     0    225
2s_2p2(2De)4d_3De          15.0    3065551.0248    10.7161   2.798E+02    49     0    226
2s_2p2(2De)4d_1Fe           7.0    3068661.5957    10.6228   2.822E+02    46     0    227
2s_2p2(2De)4d_1Ge           9.0    3069478.9020    10.5983   2.829E+02    46     0    228
2s_2p2(2De)4d_3Pe           9.0    3070710.9767    10.5614   2.839E+02    49     0    229
2s_2p2(2De)4d_3Se           3.0    3071150.1366    10.5482   2.842E+02    49     0    230
2s_2p2(2De)4d_1De           5.0    3075346.6707    10.4224   2.876E+02    46     0    231
2s_2p2(2De)4d_1Pe           3.0    3079445.8161    10.2995   2.911E+02    46     0    232
2s_2p2(2De)4d_1Se           1.0    3079848.4209    10.2874   2.914E+02    46     0    233
2s_2p2(2De)4f_3Go          27.0    3080336.4313    10.2728   2.918E+02    47     0    234
2s_2p2(2De)4f_3Fo          21.0    3082288.4966    10.2143   2.935E+02    47     0    235
2s_2p2(2De)4f_1Go           9.0    3082325.0993    10.2132   2.935E+02    48     0    236
2s_2p2(2De)4f_3Ho          33.0    3083325.5509    10.1832   2.944E+02    47     0    237
2s_2p2(2Se)4s_3Se           3.0    3083837.9832    10.1678   2.948E+02    49     0    238
2s_2p2(2De)4f_1Ho          11.0    3084289.4136    10.1543   2.952E+02    48     0    239
2s_2p2(2De)4f_1Fo           7.0    3085680.3225    10.1126   2.965E+02    48     0    240
2s_2p2(2De)4f_3Do          15.0    3086961.4431    10.0742   2.976E+02    47     0    241
2s_2p2(2De)4f_1Do           5.0    3089865.3911     9.9871   3.002E+02    48     0    242
2s_2p2(2De)4f_3Po           9.0    3090780.5219     9.9597   3.010E+02    47     0    243
2s2_2p_6s_3Po               9.0    3091707.8646     9.9319   3.018E+02    47     0    244
2s2_2p_6s_1Po               3.0    3092525.4000     9.9074   3.026E+02    48     0    245
2s_2p2(2De)4f_1Po           3.0    3095295.3158     9.8243   3.052E+02    48     0    246
2s2_2p_6p_1Pe               3.0    3098858.5155     9.7175   3.085E+02    46     0    247
2s_2p2(2Se)4s_1Se           1.0    3099017.1546     9.7128   3.087E+02    46     0    248
2s2_2p_6p_3De              15.0    3102360.8515     9.6125   3.119E+02    49     0    249
2s2_2p_6p_3Pe               9.0    3103129.6767     9.5895   3.126E+02    49     0    250
2s2_2p_6p_3Se               3.0    3105936.5606     9.5053   3.154E+02    49     0    251
2s2_2p_6p_1De               5.0    3106449.1317     9.4900   3.159E+02    46     0    252
2s2_2p_6p_1Se               1.0    3110501.0000     9.3685   3.200E+02    46     0    253
2s2_2p_6d_3Fo              21.0    3113173.8762     9.2884   3.228E+02    47     0    254
2s2_2p_6d_1Do               5.0    3113405.7743     9.2814   3.230E+02    48     0    255
2s2_2p_6d_3Do              15.0    3115126.7177     9.2298   3.248E+02    47     0    256
2s2_2p_6d_3Po               9.0    3115175.5402     9.2283   3.249E+02    47     0    257
2s_2p2(2Pe)4s_3Pe           9.0    3115224.3615     9.2269   3.249E+02    49     0    258
2s2_2p_6d_1Po               3.0    3118361.2122     9.1328   3.283E+02    48     0    259
2s2_2p_6d_1Fo               7.0    3118629.7423     9.1248   3.285E+02    48     0    260
2s2_2p_6f_1Fe               7.0    3119581.8103     9.0962   3.296E+02    50     0    261
2s2_2p_6f_3Fe              21.0    3119813.7252     9.0893   3.298E+02    49     0    262
2s2_2p_6g_1Go               9.0    3120277.5579     9.0754   3.303E+02    48     0    263
2s2_2p_6g_3Go              27.0    3120289.7640     9.0750   3.303E+02    47     0    264
2s2_2p_6f_3Ge              27.0    3120558.3003     9.0670   3.306E+02    49     0    265
2s2_2p_6g_3Fo              21.0    3120619.3309     9.0651   3.307E+02    47     0    266
2s2_2p_6g_1Fo               7.0    3120655.9504     9.0640   3.307E+02    48     0    267
2s_2p2(2Pe)4s_1Pe           3.0    3120680.3627     9.0633   3.308E+02    50     0    268
2s2_2p_6f_3De              15.0    3120875.6621     9.0575   3.310E+02    49     0    269
2s2_2p_6f_1Ge               9.0    3120887.8683     9.0571   3.310E+02    50     0    270
2s2_2p_6h_1He              11.0    3120985.5188     9.0542   3.311E+02    50     0    271
2s2_2p_6h_3He              33.0    3120985.5188     9.0542   3.311E+02    49     0    272
2s2_2p_6h_1Ie              13.0    3121083.1682     9.0512   3.312E+02    50     0    273
2s2_2p_6h_3Ie              39.0    3121083.1682     9.0512   3.312E+02    49     0    274
2s2_2p_6h_3Ge              27.0    3121095.3744     9.0509   3.312E+02    49     0    275
2s2_2p_6h_1Ge               9.0    3121107.5818     9.0505   3.312E+02    50     0    276
2s2_2p_6f_1De               5.0    3121363.9133     9.0428   3.315E+02    50     0    277
2s2_2p_6g_1Ho              11.0    3121620.2468     9.0351   3.318E+02    48     0    278
2s2_2p_6g_3Ho              33.0    3121620.2468     9.0351   3.318E+02    47     0    279
2s_2p2(4Pe)5s_5Pe          15.0    3122291.5988     9.0150   3.325E+02    51     0    280
2s_2p2(2Se)4p_3Po           9.0    3125208.9937     8.9275   3.358E+02    47     0    281
2s_2p2(2Se)4p_1Po           3.0    3129042.0465     8.8126   3.402E+02    48     0    282
2s_2p2(4Pe)5s_3Pe           9.0    3129640.2140     8.7947   3.409E+02    49     0    283
2s_2p2(4Pe)5p_3So           3.0    3138369.0663     8.5330   3.513E+02    52     0    284
2s_2p2(4Pe)5p_5Do          25.0    3140969.5876     8.4551   3.546E+02    53     0    285
2s_2p2(4Pe)5p_5Po          15.0    3142593.4291     8.4064   3.566E+02    53     0    286
2s_2p2(2Pe)4p_1So           1.0    3143387.0470     8.3826   3.576E+02    48     0    287
2s_2p2(4Pe)5p_3Do          15.0    3147013.3685     8.2739   3.623E+02    52     0    288
2s_2p2(4Pe)5p_5So           5.0    3147074.4186     8.2720   3.624E+02    53     0    289
2s_2p2(4Pe)5p_3Po           9.0    3149956.0553     8.1857   3.662E+02    52     0    290
2s_2p2(2Pe)4p_3Do          15.0    3151738.8132     8.1322   3.686E+02    52     0    291
2s_2p2(2Pe)4p_3Po           9.0    3156049.3373     8.0030   3.746E+02    52     0    292
2s_2p2(4Pe)5d_5Fe          35.0    3159053.4051     7.9129   3.789E+02    51     0    293
2s_2p2(2Pe)4p_3So           3.0    3161031.7530     7.8536   3.817E+02    52     0    294
2s_2p2(4Pe)5d_5De          25.0    3161117.2375     7.8510   3.819E+02    51     0    295
2s_2p2(2Se)4d_3De          15.0    3161495.8166     7.8397   3.824E+02    49     0    296
2s_2p2(2Pe)4p_1Do           5.0    3162399.5272     7.8126   3.837E+02    48     0    297
2s_2p2(4Pe)5d_5Pe          15.0    3164158.1266     7.7599   3.863E+02    51     0    298
2s_2p2(4Pe)5d_3Pe           9.0    3165159.5689     7.7299   3.878E+02    49     0    299
2s_2p2(2Pe)4p_1Po           3.0    3168493.7244     7.6299   3.929E+02    48     0    300
2s_2p2(4Pe)5d_3Fe          21.0    3169214.3095     7.6083   3.940E+02    49     0    301
2s_2p2(2Se)4d_1De           5.0    3170997.4818     7.5548   3.968E+02    50     0    302
2s_2p2(4Pe)5f_5Go          45.0    3171815.7992     7.5303   3.981E+02    53     0    303
2s_2p2(4Pe)5f_5Do          25.0    3172340.9931     7.5146   3.989E+02    53     0    304
2s_2p2(4Pe)5f_3Go          27.0    3172951.6872     7.4963   3.999E+02    52     0    305
2s_2p2(4Pe)5g_5Fe          35.0    3173061.6129     7.4930   4.001E+02    51     0    306
2s_2p2(4Pe)5g_3Fe          21.0    3173073.8268     7.4926   4.001E+02    49     0    307
2s_2p2(4Pe)5f_3Do          15.0    3173098.2544     7.4919   4.002E+02    52     0    308
2s_2p2(4Pe)5g_5He          55.0    3173550.1718     7.4783   4.009E+02    51     0    309
2s_2p2(4Pe)5g_3He          33.0    3173574.5996     7.4776   4.009E+02    49     0    310
2s_2p2(4Pe)5f_5Fo          35.0    3173721.1680     7.4732   4.012E+02    53     0    311
2s_2p2(4Pe)5d_3De          15.0    3174307.4442     7.4556   4.021E+02    49     0    312
2s_2p2(4Pe)5g_5Ge          45.0    3174417.3717     7.4523   4.023E+02    51     0    313
2s_2p2(4Pe)5g_3Ge          27.0    3174454.0138     7.4512   4.023E+02    49     0    314
2s_2p2(4Pe)5f_3Fo          21.0    3175101.3659     7.4318   4.034E+02    52     0    315
2s_2p2(2Se)4f_3Fo          21.0    3182527.9584     7.2092   4.158E+02    52     0    316
2s2_2p_7s_3Po               9.0    3184115.9669     7.1616   4.186E+02    52     0    317
2s_2p2(2Se)4f_1Fo           7.0    3184177.0455     7.1597   4.187E+02    54     0    318
2s2_2p_7s_1Po               3.0    3186546.9012     7.0887   4.229E+02    54     0    319
2s_2p2(2Pe)4d_3Fe          21.0    3186607.9816     7.0869   4.230E+02    49     0    320
2s2_2p_7p_3De              15.0    3186962.2442     7.0762   4.237E+02    49     0    321
2s2_2p_7p_1Pe               3.0    3187292.0764     7.0663   4.243E+02    50     0    322
2s2_2p_7p_3Pe               9.0    3190162.8954     6.9803   4.295E+02    49     0    323
2s2_2p_7p_3Se               3.0    3190358.3587     6.9744   4.298E+02    49     0    324
2s2_2p_7p_1De               5.0    3191079.1351     6.9528   4.312E+02    50     0    325
2s_2p2(2Pe)4d_1Pe           3.0    3192911.6448     6.8979   4.346E+02    50     0    326
2s2_2p_7p_1Se               1.0    3194072.2557     6.8631   4.368E+02    50     0    327
2s_2p2(2Pe)4d_3De          15.0    3194463.2012     6.8514   4.376E+02    49     0    328
2s_2p2(2Pe)4d_1Fe           7.0    3195245.0988     6.8279   4.391E+02    50     0    329
2s2_2p_7d_3Fo              21.0    3196100.3084     6.8023   4.407E+02    52     0    330
2s2_2p_7d_1Do               5.0    3196246.9166     6.7979   4.410E+02    54     0    331
2s2_2p_7d_3Do              15.0    3197468.6614     6.7613   4.434E+02    52     0    332
2s2_2p_7d_3Po               9.0    3197615.2721     6.7569   4.437E+02    52     0    333
2s2_2p_7g_1Go               9.0    3198617.1173     6.7268   4.457E+02    54     0    334
2s2_2p_7g_3Go              27.0    3198617.1173     6.7268   4.457E+02    52     0    335
2s_2p2(2Pe)4d_3Pe           9.0    3199081.3914     6.7129   4.466E+02    49     0    336
2s2_2p_7d_1Fo               7.0    3199472.3617     6.7012   4.474E+02    54     0    337
2s2_2p_7d_1Po               3.0    3199716.7192     6.6939   4.479E+02    54     0    338
2s2_2p_7g_3Fo              21.0    3200535.3200     6.6693   4.495E+02    52     0    339
2s2_2p_7g_1Fo               7.0    3200596.4095     6.6675   4.496E+02    54     0    340
2s2_2p_7f_1De               5.0    3200633.0645     6.6664   4.497E+02    50     0    341
2s2_2p_7f_3Ge              27.0    3200633.0645     6.6664   4.497E+02    49     0    342
2s2_2p_7f_1Ge               9.0    3200938.5151     6.6572   4.503E+02    50     0    343
2s2_2p_7h_1He              11.0    3200962.9510     6.6565   4.504E+02    50     0    344
2s2_2p_7h_3He              33.0    3200962.9510     6.6565   4.504E+02    49     0    345
2s2_2p_7i_3Ho              33.0    3201048.4767     6.6539   4.505E+02    52     0    346
2s2_2p_7i_1Ho              11.0    3201060.6947     6.6536   4.506E+02    54     0    347
2s2_2p_7i_1Io              13.0    3201060.6947     6.6536   4.506E+02    54     0    348
2s2_2p_7i_3Io              39.0    3201060.6947     6.6536   4.506E+02    52     0    349
2s2_2p_7h_3Ie              39.0    3201072.9139     6.6532   4.506E+02    49     0    350
2s2_2p_7h_1Ie              13.0    3201072.9139     6.6532   4.506E+02    50     0    351
2s2_2p_7h_1Ge               9.0    3201085.1319     6.6528   4.506E+02    50     0    352
2s2_2p_7h_3Ge              27.0    3201085.1319     6.6528   4.506E+02    49     0    353
2s2_2p_7g_3Ho              33.0    3201134.0038     6.6514   4.507E+02    52     0    354
2s2_2p_7g_1Ho              11.0    3201146.2218     6.6510   4.507E+02    54     0    355
2s2_2p_7f_3Fe              21.0    3201268.4029     6.6473   4.510E+02    49     0    356
2s2_2p_7f_3De              15.0    3202306.9479     6.6162   4.531E+02    49     0    357
2s2_2p_7f_1Fe               7.0    3204249.6717     6.5580   4.571E+02    50     0    358
2s_2p2(2Pe)4d_1De           5.0    3211202.3110     6.3495   4.721E+02    50     0    359
2s_2p2(2Pe)4f_1Do           5.0    3211471.1421     6.3415   4.727E+02    54     0    360
2s_2p2(2Pe)4f_3Do          15.0    3211886.6086     6.3290   4.737E+02    52     0    361
2s_2p2(2Pe)4f_3Go          27.0    3213560.7192     6.2788   4.775E+02    52     0    362
2s_2p2(2Pe)4f_1Go           9.0    3213878.4386     6.2693   4.782E+02    54     0    363
2s_2p2(2Pe)4f_3Fo          21.0    3217837.7986     6.1506   4.874E+02    52     0    364
2s_2p2(2Pe)4f_1Fo           7.0    3218583.2536     6.1283   4.892E+02    54     0    365
2s2_2p_8s_3Po               9.0    3241194.5333     5.4504   5.500E+02    52     0    366
2s2_2p_8s_1Po               3.0    3241927.9755     5.4284   5.523E+02    54     0    367
2s2_2p_8p_1Pe               3.0    3245240.7679     5.3291   5.626E+02    50     0    368
2s2_2p_8p_3De              15.0    3245497.4847     5.3214   5.634E+02    55     0    369
2s2_2p_8p_3Se               3.0    3245839.7742     5.3111   5.645E+02    55     0    370
2s2_2p_8p_3Pe               9.0    3246353.2124     5.2957   5.661E+02    55     0    371
2s2_2p_8p_1De               5.0    3247294.5223     5.2675   5.691E+02    50     0    372
2s2_2p_8p_1Se               1.0    3248333.6434     5.2364   5.725E+02    50     0    373
2p3(4So)4s_5So              5.0    3249213.8492     5.2100   5.754E+02    53     0    374
2s2_2p_8d_3Fo              21.0    3249788.4339     5.1928   5.773E+02    52     0    375
2s2_2p_8d_1Do               5.0    3249812.8842     5.1920   5.774E+02    54     0    376
2s2_2p_8d_3Do              15.0    3250631.9806     5.1675   5.802E+02    52     0    377
2s2_2p_8d_3Po               9.0    3250705.3322     5.1653   5.804E+02    52     0    378
2s2_2p_8d_1Fo               7.0    3251976.7808     5.1271   5.847E+02    54     0    379
2s2_2p_8d_1Po               3.0    3252074.5859     5.1242   5.851E+02    54     0    380
2s2_2p_8f_3Fe              21.0    3252649.1904     5.1070   5.870E+02    55     0    381
2s2_2p_8f_3Ge              27.0    3252698.0926     5.1055   5.872E+02    55     0    382
2s2_2p_8f_1Fe               7.0    3252722.5438     5.1048   5.873E+02    50     0    383
2s2_2p_8f_1Ge               9.0    3252930.3813     5.0986   5.880E+02    50     0    384
2s2_2p_8h_3He              33.0    3252942.6069     5.0982   5.880E+02    55     0    385
2s2_2p_8h_1He              11.0    3252942.6069     5.0982   5.880E+02    50     0    386
2s2_2p_8g_3Ho              33.0    3252991.5094     5.0967   5.882E+02    52     0    387
2s2_2p_8g_1Ho              11.0    3253003.7350     5.0964   5.882E+02    54     0    388
2s2_2p_8i_1Ho              11.0    3253003.7350     5.0964   5.882E+02    54     0    389
2s2_2p_8h_3Ie              39.0    3253015.9606     5.0960   5.883E+02    55     0    390
2s2_2p_8i_3Io              39.0    3253015.9606     5.0960   5.883E+02    52     0    391
2s2_2p_8i_1Io              13.0    3253015.9606     5.0960   5.883E+02    54     0    392
2s2_2p_8h_1Ie              13.0    3253028.1862     5.0956   5.883E+02    50     0    393
2s2_2p_8h_1Ge               9.0    3253040.4118     5.0953   5.884E+02    50     0    394
2s2_2p_8h_3Ge              27.0    3253040.4118     5.0953   5.884E+02    55     0    395
2s2_2p_8i_3Ho              33.0    3253052.6375     5.0949   5.884E+02    52     0    396
2s2_2p_8f_3De              15.0    3253174.8950     5.0912   5.888E+02    55     0    397
2s2_2p_8g_3Go              27.0    3253223.7989     5.0898   5.890E+02    52     0    398
2s2_2p_8g_1Go               9.0    3253236.0245     5.0894   5.891E+02    54     0    399
2s2_2p_8f_1De               5.0    3253431.6364     5.0835   5.897E+02    50     0    400
2s2_2p_8g_3Fo              21.0    3253529.4431     5.0806   5.901E+02    52     0    401
2s2_2p_8g_1Fo               7.0    3253553.8945     5.0799   5.902E+02    54     0    402
2p3(4So)4s_3So              3.0    3259764.8309     4.8937   6.126E+02    52     0    403
2s_2p2(4Pe)6s_5Pe          15.0    3275966.8045     4.4079   6.801E+02    51     0    404
2s_2p2(2De)5s_3De          15.0    3277458.7679     4.3632   6.871E+02    55     0    405
2s_2p2(4Pe)6s_3Pe           9.0    3279354.3329     4.3064   6.962E+02    55     0    406
2s2_2p_9s_3Po               9.0    3280198.1786     4.2811   7.003E+02    52     0    407
2s2_2p_9s_1Po               3.0    3280785.2074     4.2635   7.032E+02    54     0    408
2s_2p2(2De)5s_1De           5.0    3282240.5675     4.2199   7.104E+02    56     0    409
2s2_2p_9p_1Pe               3.0    3283170.0541     4.1920   7.152E+02    56     0    410
2s2_2p_9p_3Se               3.0    3283610.3410     4.1788   7.174E+02    55     0    411
2s2_2p_9p_3De              15.0    3283781.5641     4.1737   7.183E+02    55     0    412
2s2_2p_9p_3Pe               9.0    3284417.5392     4.1546   7.216E+02    55     0    413
2s2_2p_9p_1De               5.0    3284833.3721     4.1421   7.238E+02    56     0    414
2s2_2p_9p_1Se               1.0    3285371.5109     4.1260   7.266E+02    56     0    415
2s2_2p_9d_3Fo              21.0    3286374.4168     4.0959   7.319E+02    52     0    416
2s2_2p_9d_1Do               5.0    3286411.1084     4.0948   7.321E+02    54     0    417
2s2_2p_9d_3Do              15.0    3286985.9504     4.0776   7.352E+02    52     0    418
2s2_2p_9d_3Po               9.0    3287047.1036     4.0758   7.355E+02    52     0    419
2s_2p2(4Pe)6p_5Do          25.0    3287683.1048     4.0567   7.390E+02    53     0    420
2p3(4So)4p_5Pe             15.0    3287878.7978     4.0508   7.401E+02    57     0    421
2s2_2p_9d_1Fo               7.0    3287915.4901     4.0497   7.403E+02    54     0    422
2s2_2p_9d_1Po               3.0    3287988.8759     4.0475   7.407E+02    54     0    423
2s2_2p_9f_3Fe              21.0    3288343.5713     4.0369   7.426E+02    55     0    424
2s2_2p_9f_1Fe               7.0    3288368.0330     4.0362   7.428E+02    56     0    425
2s2_2p_9f_3Ge              27.0    3288404.7255     4.0351   7.430E+02    55     0    426
2s2_2p_9f_1Ge               9.0    3288600.4214     4.0292   7.440E+02    56     0    427
2s2_2p_9h_1He              11.0    3288600.4214     4.0292   7.440E+02    56     0    428
2s2_2p_9h_3He              33.0    3288600.4214     4.0292   7.440E+02    55     0    429
2s2_2p_9g_3Ho              33.0    3288612.6523     4.0288   7.441E+02    52     0    430
2s2_2p_9g_3Go              27.0    3288637.1140     4.0281   7.443E+02    52     0    431
2s2_2p_9g_1Ho              11.0    3288637.1140     4.0281   7.443E+02    54     0    432
2s2_2p_9g_1Go               9.0    3288649.3448     4.0277   7.443E+02    54     0    433
2s2_2p_9h_3Ie              39.0    3288649.3448     4.0277   7.443E+02    55     0    434
2s2_2p_9i_1Io              13.0    3288661.5757     4.0274   7.444E+02    54     0    435
2s2_2p_9i_3Io              39.0    3288661.5757     4.0274   7.444E+02    52     0    436
2s2_2p_9h_1Ie              13.0    3288661.5757     4.0274   7.444E+02    56     0    437
2s2_2p_9h_1Ge               9.0    3288673.8066     4.0270   7.445E+02    56     0    438
2s2_2p_9h_3Ge              27.0    3288673.8066     4.0270   7.445E+02    55     0    439
2s2_2p_9i_3Ho              33.0    3288686.0374     4.0266   7.445E+02    52     0    440
2s2_2p_9i_1Ho              11.0    3288686.0374     4.0266   7.445E+02    54     0    441
2s2_2p_9f_3De              15.0    3288710.4992     4.0259   7.447E+02    55     0    442
2s2_2p_9g_3Fo              21.0    3288845.0401     4.0219   7.454E+02    52     0    443
2s2_2p_9g_1Fo               7.0    3288857.2710     4.0215   7.455E+02    54     0    444
2s2_2p_9f_1De               5.0    3288881.7328     4.0208   7.456E+02    56     0    445
2s_2p2(4Pe)6p_5Po          15.0    3288906.1958     4.0200   7.457E+02    53     0    446
2s_2p2(4Pe)6p_3Do          15.0    3289615.5961     3.9988   7.497E+02    52     0    447
2s_2p2(4Pe)6p_3So           3.0    3291266.8119     3.9493   7.591E+02    52     0    448
2s_2p2(4Pe)6p_5So           5.0    3291719.3730     3.9357   7.617E+02    53     0    449
2s_2p2(4Pe)6p_3Po           9.0    3292123.0111     3.9236   7.641E+02    52     0    450
2s_2p2(2De)5p_1Do           5.0    3296024.9421     3.8066   7.876E+02    54     0    451
2s_2p2(2De)5p_3Fo          21.0    3297211.4595     3.7710   7.950E+02    58     0    452
2s_2p2(4Pe)6d_5Fe          35.0    3298214.5083     3.7410   8.014E+02    57     0    453
2s_2p2(2De)5p_1Fo           7.0    3299229.8004     3.7105   8.079E+02    54     0    454
2s_2p2(4Pe)6d_5De          25.0    3299364.3584     3.7065   8.088E+02    57     0    455
2s_2p2(4Pe)6d_3Pe           9.0    3299572.3113     3.7003   8.102E+02    55     0    456
2s_2p2(2De)5p_3Do          15.0    3299988.2201     3.6878   8.129E+02    58     0    457
2s_2p2(4Pe)6d_5Pe          15.0    3301566.2453     3.6405   8.235E+02    57     0    458
2s_2p2(2De)5p_3Po           9.0    3302447.0151     3.6141   8.295E+02    58     0    459
2s_2p2(2De)5p_1Po           3.0    3302532.6467     3.6115   8.301E+02    54     0    460
2s_2p2(4Pe)6d_3Fe          21.0    3302642.7441     3.6082   8.309E+02    55     0    461
2p3(4So)4p_3Pe              9.0    3303596.9250     3.5796   8.375E+02    55     0    462
2s_2p2(4Pe)6f_5Do          25.0    3305175.0174     3.5323   8.487E+02    59     0    463
2s_2p2(4Pe)6g_5Fe          35.0    3305358.5183     3.5268   8.500E+02    57     0    464
2s_2p2(4Pe)6f_5Go          45.0    3305370.7516     3.5264   8.501E+02    59     0    465
2s_2p2(4Pe)6g_3Fe          21.0    3305370.7516     3.5264   8.501E+02    55     0    466
2s_2p2(4Pe)6f_3Do          15.0    3305395.2195     3.5257   8.503E+02    58     0    467
2s_2p2(4Pe)6d_3De          15.0    3306055.8268     3.5059   8.551E+02    55     0    468
2s_2p2(4Pe)6f_3Go          27.0    3306080.2936     3.5052   8.553E+02    58     0    469
2s_2p2(4Pe)6g_5He          55.0    3306410.5993     3.4953   8.577E+02    57     0    470
2s_2p2(4Pe)6g_3He          33.0    3306435.0663     3.4945   8.579E+02    55     0    471
2s_2p2(4Pe)6f_5Fo          35.0    3306459.5345     3.4938   8.581E+02    59     0    472
2s_2p2(4Pe)6h_3Go          27.0    3306594.1029     3.4898   8.591E+02    58     0    473
2s_2p2(4Pe)6h_5Go          45.0    3306594.1029     3.4898   8.591E+02    59     0    474
2s_2p2(4Pe)6h_3Io          39.0    3306618.5711     3.4890   8.592E+02    58     0    475
2s_2p2(4Pe)6h_3Ho          33.0    3306728.6728     3.4857   8.601E+02    58     0    476
2s_2p2(4Pe)6g_5Ge          45.0    3306973.3461     3.4784   8.619E+02    57     0    477
2s_2p2(4Pe)6g_3Ge          27.0    3307010.0468     3.4773   8.621E+02    55     0    478
2s_2p2(4Pe)6f_3Fo          21.0    3307352.5898     3.4670   8.647E+02    58     0    479
2s2_2p10s_1Po               3.0    3308502.5675     3.4325   8.734E+02    54     0    480
2s2_2p10s_3Po               9.0    3308796.1813     3.4237   8.756E+02    58     0    481
2s2_2p10p_1Pe               3.0    3310117.4563     3.3841   8.859E+02    56     0    482
2s2_2p10p_3De              15.0    3310349.9043     3.3772   8.877E+02    55     0    483
2s2_2p10p_3Se               3.0    3310423.3099     3.3750   8.883E+02    55     0    484
2s2_2p10p_3Pe               9.0    3310741.3987     3.3654   8.908E+02    55     0    485
2s2_2p10p_1De               5.0    3311169.5963     3.3526   8.942E+02    56     0    486
2s2_2p10p_1Se               1.0    3311732.3753     3.3357   8.987E+02    56     0    487
2s2_2p10d_3Fo              21.0    3312552.0821     3.3111   9.054E+02    58     0    488
2s2_2p10d_1Do               5.0    3312552.0821     3.3111   9.054E+02    54     0    489
2s2_2p10d_3Do              15.0    3312955.8201     3.2990   9.087E+02    58     0    490
2s2_2p10d_3Po               9.0    3313004.7579     3.2976   9.091E+02    58     0    491
2s2_2p10f_3Ge              27.0    3313653.1923     3.2781   9.145E+02    55     0    492
2s2_2p10d_1Fo               7.0    3313653.1923     3.2781   9.145E+02    54     0    493
2s2_2p10d_1Po               3.0    3313677.6614     3.2774   9.147E+02    54     0    494
2s2_2p10f_3Fe              21.0    3313812.2427     3.2734   9.159E+02    55     0    495
2s2_2p10f_1Fe               7.0    3313922.3551     3.2701   9.168E+02    56     0    496
2s2_2p10g_3Ho              33.0    3314081.4061     3.2653   9.181E+02    58     0    497
2s2_2p10g_1Go               9.0    3314093.6407     3.2649   9.182E+02    54     0    498
2s2_2p10g_3Go              27.0    3314093.6407     3.2649   9.182E+02    58     0    499
2s2_2p10g_1Ho              11.0    3314105.8753     3.2646   9.183E+02    54     0    500
2s2_2p10h_1He              11.0    3314105.8753     3.2646   9.183E+02    56     0    501
2s2_2p10h_3He              33.0    3314105.8753     3.2646   9.183E+02    55     0    502
2s2_2p10h_3Ie              39.0    3314130.3445     3.2638   9.185E+02    55     0    503
2s2_2p10h_1Ie              13.0    3314130.3445     3.2638   9.185E+02    56     0    504
2s2_2p10i_3Io              39.0    3314167.0483     3.2627   9.188E+02    58     0    505
2s2_2p10h_3Ge              27.0    3314167.0483     3.2627   9.188E+02    55     0    506
2s2_2p10i_1Io              13.0    3314167.0483     3.2627   9.188E+02    54     0    507
2p3(4So)4d_5Do             25.0    3324383.6645     2.9564   1.014E+03    59     0    508
2p3(4So)4f_5Fe             35.0    3347158.3858     2.2737   1.319E+03    57     0    509
2s_2p2(4Pe)7s_5Pe          15.0    3368874.2133     1.6227   1.848E+03    57     0    510
2s_2p2(4Pe)7p_3So           3.0    3375424.3486     1.4263   2.102E+03    58     0    511
2s_2p2(4Pe)7p_5Do          25.0    3375497.8116     1.4241   2.105E+03    59     0    512
2s_2p2(4Pe)7p_5Po          15.0    3375840.6366     1.4138   2.120E+03    59     0    513
2s_2p2(4Pe)7p_5So           5.0    3377395.6117     1.3672   2.193E+03    59     0    514
2s_2p2(4Pe)7d_5Fe          35.0    3381644.3934     1.2398   2.418E+03    57     0    515
2s_2p2(4Pe)7d_5De          25.0    3382293.3615     1.2204   2.457E+03    57     0    516
2s_2p2(4Pe)7d_5Pe          15.0    3383395.3958     1.1873   2.525E+03    57     0    517
2s_2p2(4Pe)7f_5Go          45.0    3385979.1079     1.1099   2.701E+03    59     0    518
2s_2p2(4Pe)7f_5Do          25.0    3386272.9952     1.1010   2.723E+03    59     0    519
2s_2p2(4Pe)7g_5He          55.0    3386640.3563     1.0900   2.750E+03    57     0    520
2s_2p2(4Pe)7f_5Fo          35.0    3386664.8469     1.0893   2.752E+03    59     0    521
2s_2p2(4Pe)7h_5Go          45.0    3386762.8104     1.0864   2.760E+03    59     0    522
2s_2p2(4Pe)7i_5He          55.0    3386824.0369     1.0845   2.764E+03    57     0    523
2s_2p2(4Pe)7g_5Ge          45.0    3387007.7178     1.0790   2.778E+03    57     0    524
2s_2p2(4Pe)7g_5Fe          35.0    3387191.3992     1.0735   2.793E+03    57     0    525
2p3(2Do)4d_1So              1.0    3404275.5595     0.5613   5.341E+03    60     0    526
2p3(2Do)4d_3So              3.0    3421081.4616     0.0575   5.212E+04    58     0    527
