********************************************************************************
                                                                                
                 Super level assignments for CrXIV                
                 E%LS=5
                                                                                
                       g          E(cm^-1)     10^15 Hz      eV        Lam(A)   
********************************************************************************
                                                                                
17-Jun-2014                                      !Format date                   
20-Nov-2019                            !Date
77                                     !Number of energy levels
6                                      !Entry number of link to super level
  
2p6_3s_2Se[1/2]        2.0          0.0000    92.8901   3.227E+01     1     0      1
2p6_3p_2Po[1/2]        2.0     242690.0000    85.6144   3.502E+01     2     0      2
2p6_3p_2Po[3/2]        4.0     256500.0000    85.2004   3.519E+01     2     0      3
2p6_3d_2De[3/2]        4.0     587825.0000    75.2675   3.983E+01     3     0      4
2p6_3d_2De[5/2]        6.0     589515.0000    75.2169   3.986E+01     3     0      5
2p6_4s_2Se[1/2]        2.0    1478480.0000    48.5664   6.173E+01     4     0      6
2p6_4p_2Po[1/2]        2.0    1573840.0000    45.7076   6.559E+01     5     0      7
2p6_4p_2Po[3/2]        4.0    1579180.0000    45.5475   6.582E+01     5     0      8
2p6_4d_2De[3/2]        4.0    1700540.0000    41.9092   7.153E+01     6     0      9
2p6_4d_2De[5/2]        6.0    1701320.0000    41.8858   7.157E+01     6     0     10
2p6_4f_2Fo[5/2]        6.0    1749830.0000    40.4315   7.415E+01     7     0     11
2p6_4f_2Fo[7/2]        8.0    1750080.0000    40.4240   7.416E+01     7     0     12
2p6_5s_2Se[1/2]        2.0    2102780.0000    29.8503   1.004E+02     8     0     13
2p6_5p_2Po[1/2]        2.0    2149290.0000    28.4560   1.054E+02     9     0     14
2p6_5p_2Po[3/2]        4.0    2152020.0000    28.3742   1.057E+02     9     0     15
2p6_5d_2De[3/2]        4.0    2210730.0000    26.6141   1.126E+02    10     0     16
2p6_5d_2De[5/2]        6.0    2211080.0000    26.6036   1.127E+02    10     0     17
2p6_5f_2Fo[5/2]        6.0    2235295.0000    25.8776   1.159E+02     9     0     18
2p6_5f_2Fo[7/2]        8.0    2235440.0000    25.8733   1.159E+02     9     0     19
2p6_5z_2Z             18.0    2342425.3857    22.6659   1.323E+02    11     0     20
2p6_6s_2Se[1/2]        2.0    2424470.0000    20.2063   1.484E+02    12     0     21
2p6_6p_2Po[1/2]        2.0    2450980.0000    19.4116   1.544E+02    13     0     22
2p6_6p_2Po[3/2]        4.0    2452060.0000    19.3792   1.547E+02    13     0     23
2p6_6d_2De[3/2]        4.0    2484990.0000    18.3920   1.630E+02    12     0     24
2p6_6d_2De[5/2]        6.0    2485210.0000    18.3854   1.631E+02    12     0     25
2p6_6f_2Fo[5/2]        6.0    2499105.0000    17.9688   1.668E+02    13     0     26
2p6_6f_2Fo[7/2]        8.0    2499260.0000    17.9642   1.669E+02    13     0     27
2p6_6z_2Z             40.0    2573666.8606    15.7335   1.905E+02    14     0     28
2p6_7s_2Se[1/2]        2.0    2612050.0000    14.5828   2.056E+02    15     0     29
2p6_7p_2Po[1/2]        2.0    2629090.0000    14.0720   2.130E+02    16     0     30
2p6_7p_2Po[3/2]        4.0    2629090.0000    14.0720   2.130E+02    16     0     31
2p6_7d_2De[3/2]        4.0    2649080.0000    13.4727   2.225E+02    15     0     32
2p6_7d_2De[5/2]        6.0    2649530.0000    13.4592   2.227E+02    15     0     33
2p6_7f_2Fo[5/2]        6.0    2658215.0000    13.1988   2.271E+02    16     0     34
2p6_7f_2Fo[7/2]        8.0    2658280.0000    13.1969   2.272E+02    16     0     35
2p6_7z_2Z             66.0    2712708.6707    11.5651   2.592E+02    17     0     36
2p6_8s_2Se             2.0    2735425.8349    10.8841   2.754E+02    15     0     37
2p6_8p_2Po[1/2]        2.0    2742280.0000    10.6786   2.807E+02    16     0     38
2p6_8p_2Po[3/2]        4.0    2742280.0000    10.6786   2.807E+02    16     0     39
2p6_8d_2De[5/2]        6.0    2755380.0000    10.2859   2.915E+02    18     0     40
2p6_8d_2De[3/2]        4.0    2755500.0000    10.2823   2.916E+02    18     0     41
2p6_8f_2Fo[5/2]        6.0    2761520.0000    10.1018   2.968E+02    19     0     42
2p6_8f_2Fo[7/2]        8.0    2761590.0000    10.0997   2.968E+02    19     0     43
2p6_8z_2Z             96.0    2803417.1519     8.8458   3.389E+02    17     0     44
2p6_9s_2Se             2.0    2814455.3978     8.5148   3.521E+02    18     0     45
2p6_9p_2Po[1/2]        2.0    2820870.0000     8.3225   3.602E+02    19     0     46
2p6_9p_2Po[3/2]        4.0    2820870.0000     8.3225   3.602E+02    19     0     47
2p6_9d_2De[5/2]        6.0    2827260.0000     8.1310   3.687E+02    18     0     48
2p6_9d_2De[3/2]        4.0    2828070.0000     8.1067   3.698E+02    18     0     49
2p6_9f_2Fo[5/2]        6.0    2831950.0000     7.9904   3.752E+02    19     0     50
2p6_9f_2Fo[7/2]        8.0    2832000.0000     7.9889   3.753E+02    19     0     51
2p6_9z_2Z            130.0    2863333.5367     7.0495   4.253E+02    20     0     52
2p6_10s_2Se            2.0    2867990.0513     6.9099   4.339E+02    18     0     53
2p6_10p_2Po            6.0    2872719.8857     6.7681   4.429E+02    19     0     54
2p6_10d_2De           10.0    2878500.4966     6.5948   4.546E+02    18     0     55
2p6_10f_2Fo           14.0    2881210.5337     6.5136   4.603E+02    19     0     56
2p6_10z_2Z           168.0    2907366.5669     5.7294   5.232E+02    20     0     57
2p6_11w_2W           242.0    2940140.7351     4.7469   6.316E+02    20     0     58
2p6_12w_2W           288.0    2965179.0506     3.9963   7.502E+02    20     0     59
2p6_13w_2W           338.0    2984731.0326     3.4101   8.791E+02    20     0     60
2p6_14w_2W           392.0    3000286.2139     2.9438   1.018E+03    20     0     61
2p6_15w_2W           450.0    3012861.9618     2.5668   1.168E+03    21     0     62
2p6_16w_2W           512.0    3023171.9809     2.2577   1.328E+03    21     0     63
2p6_17w_2W           578.0    3031728.7404     2.0012   1.498E+03    21     0     64
2p6_18w_2W           648.0    3038907.8118     1.7859   1.679E+03    21     0     65
2p6_19w_2W           722.0    3044989.4607     1.6036   1.869E+03    21     0     66
2p6_20w_2W           800.0    3050186.2277     1.4478   2.071E+03    21     0     67
2p6_21w_2W           882.0    3054661.6371     1.3136   2.282E+03    21     0     68
2p6_22w_2W           968.0    3058543.1490     1.1973   2.504E+03    21     0     69
2p6_23w_2W          1058.0    3061931.2907     1.0957   2.736E+03    21     0     70
2p6_24w_2W          1152.0    3064906.2026     1.0065   2.979E+03    21     0     71
2p6_25w_2W          1250.0    3067532.4019     0.9278   3.231E+03    21     0     72
2p6_26w_2W          1352.0    3069862.2974     0.8579   3.494E+03    21     0     73
2p6_27w_2W          1458.0    3071938.8157     0.7957   3.768E+03    21     0     74
2p6_28w_2W          1568.0    3073797.3870     0.7400   4.051E+03    21     0     75
2p6_29w_2W          1682.0    3075467.4613     0.6899   4.345E+03    21     0     76
2p6_30w_2W          1800.0    3076973.6803     0.6447   4.650E+03    21     0     77
