********************************************************************************
                                                                                
                 Super level assignement for ArIX
                 E%LS=2.0
    
                         g        E(cm^-1)    10^15 Hz     eV       Lam(A)      
********************************************************************************
                                                                                
17-Oct-2000                                      !Format date                   
22-Nov-2019                            !Date
247                                    !Number of energy levels
6                                      !Entry number of link to super level
  
2s2_2p6_1Se[0]           1.0          0.0000   102.1693   2.934E+01     1     0      1
2s2_2p5_3s_3Po[2]        5.0    2026545.0000    41.4150   7.239E+01     2     0      2
2s2_2p5_3s_3Po[1]        3.0    2033118.0000    41.2179   7.273E+01     2     0      3
2s2_2p5_3s_3Po[0]        1.0    2044488.0000    40.8771   7.334E+01     2     0      4
2s2_2p5_3s_1Po[1]        3.0    2051728.0000    40.6600   7.373E+01     3     0      5
2s2_2p5_3p_3Se[1]        3.0    2149303.0000    37.7348   7.945E+01     4     0      6
2s2_2p5_3p_3De[3]        7.0    2169931.0000    37.1164   8.077E+01     4     0      7
2s2_2p5_3p_3De[2]        5.0    2170884.0000    37.0878   8.083E+01     4     0      8
2s2_2p5_3p_3De[1]        3.0    2176696.0000    36.9136   8.121E+01     4     0      9
2s2_2p5_3p_3Pe[2]        5.0    2182177.0000    36.7492   8.158E+01     5     0     10
2s2_2p5_3p_1Pe[1]        3.0    2189139.0000    36.5405   8.204E+01     6     0     11
2s2_2p5_3p_3Pe[0]        1.0    2192010.0000    36.4545   8.224E+01     5     0     12
2s2_2p5_3p_1De[2]        5.0    2195028.0000    36.3640   8.244E+01     6     0     13
2s2_2p5_3p_3Pe[1]        3.0    2195887.0000    36.3382   8.250E+01     5     0     14
2s2_2p5_3p_1Se           1.0    2277683.0090    33.8861   8.847E+01     7     0     15
2s2_2p5_3d_3Po[0]        1.0    2349367.0000    31.7370   9.446E+01     8     0     16
2s2_2p5_3d_3Po[1]        3.0    2351408.0000    31.6758   9.464E+01     8     0     17
2s2_2p5_3d_3Po[2]        5.0    2355511.0000    31.5528   9.501E+01     8     0     18
2s2_2p5_3d_3Fo[4]        9.0    2358744.0000    31.4559   9.531E+01     8     0     19
2s2_2p5_3d_3Fo[3]        7.0    2361707.0000    31.3671   9.558E+01     8     0     20
2s2_2p5_3d_3Fo[2]        5.0    2362707.0000    31.3371   9.567E+01     8     0     21
2s2_2p5_3d_1Fo[3]        7.0    2370623.0000    31.0998   9.640E+01     9     0     22
2s2_2p5_3d_3Do[1]        3.0    2380896.0000    30.7918   9.736E+01     8     0     23
2s2_2p5_3d_1Do[2]        5.0    2382301.0000    30.7497   9.749E+01     9     0     24
2s2_2p5_3d_3Do[3]        7.0    2384725.0000    30.6770   9.773E+01     8     0     25
2s2_2p5_3d_3Do[2]        5.0    2384960.0000    30.6700   9.775E+01     8     0     26
2s2_2p5_3d_1Po[1]        3.0    2411033.0000    29.8883   1.003E+02     9     0     27
2s_2p6_3s_3Se            3.0    2636035.0790    23.1429   1.295E+02    10     0     28
2s_2p6_3s_1Se            1.0    2664177.9120    22.2992   1.344E+02    11     0     29
2s2_2p5_4s_3Po[2]        5.0    2700980.0000    21.1959   1.414E+02    12     0     30
2s2_2p5_4s_1Po[1]        3.0    2703950.0000    21.1069   1.420E+02    13     0     31
2s2_2p5_4s_3Po[1]        3.0    2720780.0000    20.6023   1.455E+02    12     0     32
2s2_2p5_4s_3Po[0]        1.0    2730780.0000    20.3025   1.477E+02    12     0     33
2s2_2p5_4p_3Se[1]        3.0    2755190.0000    19.5708   1.532E+02    14     0     34
2s2_2p5_4p_3De[1]        3.0    2759000.0000    19.4565   1.541E+02    14     0     35
2s2_2p5_4p_3De[2]        5.0    2759590.0000    19.4388   1.542E+02    14     0     36
2s2_2p5_4p_3De[3]        7.0    2760895.0000    19.3997   1.545E+02    14     0     37
2s2_2p5_4p_1Pe[1]        3.0    2760970.0000    19.3975   1.546E+02    15     0     38
2s2_2p5_4p_3Pe[2]        5.0    2763370.0000    19.3255   1.551E+02    14     0     39
2s2_2p5_4p_3Pe[1]        3.0    2766370.0000    19.2356   1.559E+02    14     0     40
2s2_2p5_4p_1De           5.0    2767060.5640    19.2149   1.560E+02    15     0     41
2s2_2p5_4p_3Pe[0]        1.0    2768270.0000    19.1786   1.563E+02    14     0     42
2s_2p6_3p_3Po            9.0    2778268.0620    18.8789   1.588E+02    16     0     43
2s_2p6_3p_1Po[1]         3.0    2790600.0000    18.5092   1.620E+02    17     0     44
2s2_2p5_4p_1Se           1.0    2798370.0860    18.2762   1.640E+02    15     0     45
2s2_2p5_4d_3Po[0]        1.0    2821980.0000    17.5684   1.706E+02    16     0     46
2s2_2p5_4d_3Po[1]        3.0    2823100.0000    17.5349   1.710E+02    16     0     47
2s2_2p5_4d_3Fo[4]        9.0    2824830.0000    17.4830   1.715E+02    18     0     48
2s2_2p5_4d_3Po[2]        5.0    2825170.0000    17.4728   1.716E+02    16     0     49
2s2_2p5_4d_3Fo[3]        7.0    2826310.0000    17.4386   1.719E+02    18     0     50
2s2_2p5_4d_3Do[3]        7.0    2829670.0000    17.3379   1.729E+02    18     0     51
2s2_2p5_4d_1Fo           7.0    2834702.6320    17.1870   1.744E+02    17     0     52
2s2_2p5_4d_1Do           5.0    2835665.5440    17.1582   1.747E+02    17     0     53
2s2_2p5_4d_3Do[1]        3.0    2836080.0000    17.1457   1.748E+02    18     0     54
2s2_2p5_4d_3Fo[2]        5.0    2844100.0000    16.9053   1.773E+02    18     0     55
2s2_2p5_4d_3Do[2]        5.0    2845000.0000    16.8783   1.776E+02    18     0     56
2s2_2p5_4f_3De[1]        3.0    2847060.0000    16.8166   1.783E+02    19     0     57
2s2_2p5_4f_3De[2]        5.0    2847540.0000    16.8022   1.784E+02    19     0     58
2s2_2p5_4f_3De[3]        7.0    2849640.0000    16.7392   1.791E+02    19     0     59
2s2_2p5_4f_3Ge[5]       11.0    2849860.0000    16.7326   1.792E+02    19     0     60
2s2_2p5_4f_1Ge[4]        9.0    2849920.0000    16.7308   1.792E+02    20     0     61
2s2_2p5_4f_1De[2]        5.0    2850250.0000    16.7209   1.793E+02    20     0     62
2s2_2p5_4f_1Fe[3]        7.0    2851670.0000    16.6784   1.797E+02    20     0     63
2s2_2p5_4d_1Po[1]        3.0    2855190.0000    16.5728   1.809E+02    21     0     64
2s2_2p5_4f_3Fe          21.0    2856978.6520    16.5192   1.815E+02    19     0     65
2s2_2p5_4f_3Ge[4]        9.0    2858540.0000    16.4724   1.820E+02    19     0     66
2s2_2p5_4f_3Ge[3]        7.0    2868540.0000    16.1726   1.854E+02    19     0     67
2p6_3d_3De              15.0    2959692.5460    13.4399   2.231E+02    22     0     68
2s_2p6_3d_1De            5.0    2974751.6920    12.9885   2.308E+02    23     0     69
2s2_2p5_5s_3Po[0]        1.0    2978260.0000    12.8833   2.327E+02    24     0     70
2s2_2p5_5s_3Po[1]        3.0    2978760.0000    12.8683   2.330E+02    24     0     71
2s2_2p5_5s_3Po[2]        5.0    2979260.0000    12.8533   2.332E+02    24     0     72
2s2_2p5_5s_1Po           3.0    2986008.8250    12.6510   2.370E+02    25     0     73
2s2_2p5_5p_3Se           3.0    3006617.1210    12.0332   2.491E+02    22     0     74
2s2_2p5_5p_3De          15.0    3009912.8600    11.9344   2.512E+02    22     0     75
2s2_2p5_5p_1Pe           3.0    3011382.0450    11.8903   2.521E+02    23     0     76
2s2_2p5_5p_3Pe           9.0    3011451.5340    11.8882   2.522E+02    22     0     77
2s2_2p5_5p_1De           5.0    3011620.2920    11.8832   2.523E+02    23     0     78
2s2_2p5_5p_1Se           1.0    3025388.9370    11.4704   2.614E+02    23     0     79
2s2_2p5_5d_3Po[0]        1.0    3036480.0000    11.1379   2.692E+02    26     0     80
2s2_2p5_5d_3Po[1]        3.0    3037210.0000    11.1160   2.697E+02    26     0     81
2s2_2p5_5d_3Fo[4]        9.0    3037990.0000    11.0926   2.703E+02    26     0     82
2s2_2p5_5d_3Po[2]        5.0    3038300.0000    11.0833   2.705E+02    26     0     83
2s2_2p5_5d_3Fo[3]        7.0    3038920.0000    11.0647   2.709E+02    26     0     84
2s2_2p5_5d_3Fo[2]        5.0    3039320.0000    11.0527   2.712E+02    26     0     85
2s2_2p5_5d_1Do[2]        5.0    3039850.0000    11.0369   2.716E+02    25     0     86
2s2_2p5_5d_3Do[3]        7.0    3040360.0000    11.0216   2.720E+02    26     0     87
2s2_2p5_5d_3Do[2]        5.0    3042360.0000    10.9616   2.735E+02    26     0     88
2s2_2p5_5d_1Fo           7.0    3043584.9910    10.9249   2.744E+02    25     0     89
2s2_2p5_5d_3Do[1]        3.0    3044420.0000    10.8999   2.750E+02    26     0     90
2s2_2p5_5f_3Ge[5]       11.0    3050790.0000    10.7089   2.799E+02    27     0     91
2s2_2p5_5f_1Ge[4]        9.0    3050830.0000    10.7077   2.800E+02    28     0     92
2s2_2p5_5f_3De[1]        3.0    3051700.0000    10.6816   2.807E+02    27     0     93
2s2_2p5_5f_3Fe[4]        9.0    3051730.0000    10.6807   2.807E+02    27     0     94
2s2_2p5_5f_3Fe[3]        7.0    3051730.0000    10.6807   2.807E+02    27     0     95
2s2_2p5_5f_3Fe[2]        5.0    3051730.0000    10.6807   2.807E+02    27     0     96
2s2_2p5_5f_3De[2]        5.0    3051780.0000    10.6792   2.807E+02    27     0     97
2s2_2p5_5f_1Fe[3]        7.0    3051910.0000    10.6753   2.808E+02    28     0     98
2s2_2p5_5f_1De[2]        5.0    3052420.0000    10.6600   2.812E+02    28     0     99
2s2_2p5_5g_3Fo          21.0    3054911.6120    10.5853   2.832E+02    26     0    100
2s2_2p5_5g_1Fo           7.0    3054921.5390    10.5850   2.832E+02    29     0    101
2s2_2p5_5g_1Go           9.0    3055179.6390    10.5773   2.834E+02    29     0    102
2s2_2p5_5g_3Go          27.0    3055179.6390    10.5773   2.834E+02    26     0    103
2s2_2p5_5d_1Po[1]        3.0    3061190.0000    10.3971   2.883E+02    29     0    104
2s2_2p5_5f_3Ge[4]        9.0    3068730.0000    10.1711   2.948E+02    27     0    105
2s2_2p5_5f_3Ge[3]        7.0    3069090.0000    10.1603   2.951E+02    27     0    106
2s2_2p5_5f_3De[3]        7.0    3069140.0000    10.1588   2.951E+02    27     0    107
2s2_2p5_6s_3Po           9.0    3122970.6110     8.5450   3.508E+02    30     0    108
2s2_2p5_6s_1Po           3.0    3124052.6460     8.5125   3.522E+02    31     0    109
2s2_2p5_6p_3Se           3.0    3135418.9750     8.1718   3.669E+02    32     0    110
2s2_2p5_6p_3De          15.0    3137255.4560     8.1167   3.694E+02    32     0    111
2s2_2p5_6p_1De           5.0    3138188.5870     8.0887   3.706E+02    33     0    112
2s2_2p5_6p_1Pe           3.0    3138238.2220     8.0873   3.707E+02    33     0    113
2s2_2p5_6p_3Pe           9.0    3138277.9290     8.0861   3.708E+02    32     0    114
2s2_2p5_6p_1Se           1.0    3145842.2460     7.8593   3.814E+02    33     0    115
2s2_2p5_6d_3Po           9.0    3154299.9870     7.6057   3.942E+02    30     0    116
2s2_2p5_6d_3Fo          21.0    3155094.1410     7.5819   3.954E+02    30     0    117
2s2_2p5_6d_1Fo           7.0    3156186.1020     7.5492   3.971E+02    31     0    118
2s2_2p5_6d_1Do           5.0    3156414.4220     7.5423   3.975E+02    31     0    119
2s2_2p5_6d_3Do[1]        3.0    3156570.0000     7.5377   3.977E+02    30     0    120
2s2_2p5_6d_3Do[2]        5.0    3157570.0000     7.5077   3.993E+02    30     0    121
2s2_2p5_6d_3Do[3]        7.0    3158570.0000     7.4777   4.009E+02    30     0    122
2s2_2p5_6f_3Ge[5]       11.0    3160020.0000     7.4343   4.033E+02    32     0    123
2s2_2p5_6f_1Ge[4]        9.0    3160080.0000     7.4325   4.034E+02    33     0    124
2s2_2p5_6f_3Fe[2]        5.0    3160290.0000     7.4262   4.037E+02    32     0    125
2s2_2p5_6f_3Fe[3]        7.0    3160390.0000     7.4232   4.039E+02    32     0    126
2s2_2p5_6f_3Fe[4]        9.0    3160490.0000     7.4202   4.040E+02    32     0    127
2s2_2p5_6f_1De           5.0    3162559.1880     7.3581   4.074E+02    33     0    128
2s2_2p5_6g_3Fo          21.0    3162767.6540     7.3519   4.078E+02    30     0    129
2s2_2p5_6g_1Fo           7.0    3162777.5810     7.3516   4.078E+02    31     0    130
2s2_2p5_6f_1Fe           7.0    3162827.2150     7.3501   4.079E+02    33     0    131
2s2_2p5_6h_3Ge          27.0    3162896.7040     7.3480   4.080E+02    32     0    132
2s2_2p5_6h_1Ge           9.0    3162896.7040     7.3480   4.080E+02    33     0    133
2s2_2p5_6g_1Go           9.0    3163005.9000     7.3447   4.082E+02    31     0    134
2s2_2p5_6g_3Go          27.0    3163005.9000     7.3447   4.082E+02    30     0    135
2s2_2p5_6f_3Ge[4]        9.0    3170350.0000     7.1246   4.208E+02    32     0    136
2s2_2p5_6d_1Po[1]        3.0    3173390.0000     7.0334   4.262E+02    31     0    137
2s2_2p5_6f_3De[3]        7.0    3178470.0000     6.8811   4.357E+02    32     0    138
2s2_2p5_6f_3De[2]        5.0    3178570.0000     6.8781   4.359E+02    32     0    139
2s2_2p5_6f_3De[1]        3.0    3178620.0000     6.8766   4.360E+02    32     0    140
2s2_2p5_6f_3Ge[3]        7.0    3179350.0000     6.8548   4.373E+02    32     0    141
2s2_2p5_7s_3Po           9.0    3203249.6540     6.1383   4.884E+02    34     0    142
2s2_2p5_7s_1Po           3.0    3203924.6850     6.1180   4.900E+02    35     0    143
2s2_2p5_7p_3Se           3.0    3210774.2640     5.9127   5.070E+02    36     0    144
2s2_2p5_7p_3De          15.0    3212025.0560     5.8752   5.103E+02    36     0    145
2s2_2p5_7p_1De           5.0    3212600.8180     5.8579   5.118E+02    37     0    146
2s2_2p5_7p_1Pe           3.0    3212640.5260     5.8567   5.119E+02    37     0    147
2s2_2p5_7p_3Pe           9.0    3212660.3790     5.8561   5.119E+02    36     0    148
2s2_2p5_7p_1Se           1.0    3217216.8380     5.7195   5.242E+02    37     0    149
2s2_2p5_7d_3Po           9.0    3222497.9620     5.5612   5.391E+02    34     0    150
2s2_2p5_7d_3Fo          21.0    3222994.3080     5.5463   5.405E+02    34     0    151
2s2_2p5_7d_1Fo           7.0    3223679.2660     5.5258   5.425E+02    35     0    152
2s2_2p5_7d_1Do           5.0    3223818.2430     5.5216   5.429E+02    35     0    153
2s2_2p5_7d_3Do          15.0    3223838.0970     5.5210   5.430E+02    34     0    154
2s2_2p5_7d_1Po           3.0    3226548.1480     5.4398   5.511E+02    35     0    155
2s2_2p5_7f_3Ge          27.0    3227431.6440     5.4133   5.538E+02    36     0    156
2s2_2p5_7f_3De          15.0    3227471.3520     5.4121   5.539E+02    36     0    157
2s2_2p5_7f_1Ge           9.0    3227511.0590     5.4109   5.541E+02    37     0    158
2s2_2p5_7f_1De           5.0    3227669.8900     5.4062   5.545E+02    37     0    159
2s2_2p5_7g_3Fo          21.0    3227818.7940     5.4017   5.550E+02    34     0    160
2s2_2p5_7g_1Fo           7.0    3227828.7210     5.4014   5.550E+02    35     0    161
2s2_2p5_7f_1Fe           7.0    3227848.5750     5.4008   5.551E+02    37     0    162
2s2_2p5_7f_3Fe          21.0    3227858.5020     5.4005   5.551E+02    36     0    163
2s2_2p5_7h_1Ge           9.0    3227927.9900     5.3984   5.553E+02    37     0    164
2s2_2p5_7h_3Ge          27.0    3227927.9900     5.3984   5.553E+02    36     0    165
2s2_2p5_7g_1Go           9.0    3228007.4060     5.3960   5.556E+02    35     0    166
2s2_2p5_7g_3Go          27.0    3228007.4060     5.3960   5.556E+02    34     0    167
2s2_2p5_8s_3Po           9.0    3253807.4840     4.6226   6.485E+02    34     0    168
2s2_2p5_8s_1Po           3.0    3254264.1230     4.6089   6.505E+02    35     0    169
2s2_2p5_8p_3Se           3.0    3258572.4080     4.4797   6.692E+02    36     0    170
2s2_2p5_8p_3De          15.0    3259594.8810     4.4491   6.738E+02    36     0    171
2s2_2p5_8p_1De           5.0    3259972.1050     4.4378   6.755E+02    37     0    172
2s2_2p5_8p_1Pe           3.0    3260001.8850     4.4369   6.757E+02    37     0    173
2s2_2p5_8p_3Pe           9.0    3260021.7390     4.4363   6.758E+02    36     0    174
2s2_2p5_8p_1Se           1.0    3262930.3280     4.3491   6.893E+02    37     0    175
2s2_2p5_8d_3Po           9.0    3266494.0940     4.2422   7.067E+02    34     0    176
2s2_2p5_8d_3Fo          21.0    3266821.6830     4.2324   7.083E+02    34     0    177
2s2_2p5_8d_1Fo           7.0    3267278.3220     4.2187   7.106E+02    35     0    178
2s2_2p5_8d_1Do           5.0    3267367.6640     4.2161   7.111E+02    35     0    179
2s2_2p5_8d_3Do          15.0    3267377.5910     4.2158   7.111E+02    38     0    180
2s2_2p5_8d_1Po           3.0    3269174.3640     4.1619   7.203E+02    39     0    181
2s2_2p5_8f_3Ge          27.0    3269789.8340     4.1434   7.235E+02    36     0    182
2s2_2p5_8f_3De          15.0    3269789.8340     4.1434   7.235E+02    36     0    183
2s2_2p5_8f_1Ge           9.0    3269839.4680     4.1419   7.238E+02    37     0    184
2s2_2p5_8f_1De           5.0    3269948.6640     4.1387   7.244E+02    37     0    185
2s2_2p5_8g_3Fo          21.0    3270047.9340     4.1357   7.249E+02    38     0    186
2s2_2p5_8g_1Fo           7.0    3270057.8610     4.1354   7.249E+02    39     0    187
2s2_2p5_8f_1Fe           7.0    3270067.7870     4.1351   7.250E+02    37     0    188
2s2_2p5_8f_3Fe          21.0    3270067.7870     4.1351   7.250E+02    36     0    189
2s2_2p5_8h_3Ge          27.0    3270127.3490     4.1333   7.253E+02    36     0    190
2s2_2p5_8h_1Ge           9.0    3270127.3490     4.1333   7.253E+02    37     0    191
2s2_2p5_8g_3Go          27.0    3270186.9110     4.1315   7.256E+02    38     0    192
2s2_2p5_8g_1Go           9.0    3270186.9110     4.1315   7.256E+02    39     0    193
2s2_2p5_9s_3Po           9.0    3287707.9330     3.6063   8.313E+02    38     0    194
2s2_2p5_9s_1Po           3.0    3288035.5220     3.5964   8.336E+02    39     0    195
2s2_2p5_9p_3Se           3.0    3289931.5650     3.5396   8.470E+02    40     0    196
2s2_2p5_9p_3De          15.0    3291718.4110     3.4860   8.600E+02    40     0    197
2s2_2p5_9p_1De           5.0    3291986.4380     3.4780   8.620E+02    41     0    198
2s2_2p5_9p_1Pe           3.0    3292016.2190     3.4771   8.622E+02    41     0    199
2s2_2p5_9p_3Pe           9.0    3292026.1460     3.4768   8.623E+02    40     0    200
2s2_2p5_9p_1Se           1.0    3293842.7730     3.4223   8.760E+02    41     0    201
2s2_2p5_9d_3Po           9.0    3296503.1890     3.3426   8.969E+02    38     0    202
2s2_2p5_9d_3Fo          21.0    3296741.4350     3.3354   8.988E+02    38     0    203
2s2_2p5_9d_1Fo           7.0    3297059.0970     3.3259   9.014E+02    39     0    204
2s2_2p5_9d_1Do           5.0    3297118.6580     3.3241   9.019E+02    39     0    205
2s2_2p5_9d_3Do          15.0    3297128.5850     3.3238   9.019E+02    38     0    206
2s_2p6_4s_3Se            3.0    3298369.4510     3.2866   9.122E+02    40     0    207
2s2_2p5_9d_1Po           3.0    3298369.4510     3.2866   9.122E+02    39     0    208
2s2_2p5_9f_3Ge          27.0    3298816.1630     3.2732   9.159E+02    40     0    209
2s2_2p5_9f_3De          15.0    3298816.1630     3.2732   9.159E+02    40     0    210
2s2_2p5_9f_1Ge           9.0    3298855.8700     3.2721   9.162E+02    41     0    211
2s2_2p5_9f_1De           5.0    3298925.3590     3.2700   9.168E+02    41     0    212
2s2_2p5_9g_3Fo          21.0    3299004.7740     3.2676   9.175E+02    38     0    213
2s2_2p5_9f_3Fe          21.0    3299014.7010     3.2673   9.176E+02    40     0    214
2s2_2p5_9f_1Fe           7.0    3299014.7010     3.2673   9.176E+02    41     0    215
2s2_2p5_9g_1Fo           7.0    3299014.7010     3.2673   9.176E+02    39     0    216
2s2_2p5_9h_1Ge           9.0    3299064.3360     3.2658   9.180E+02    41     0    217
2s2_2p5_9h_3Ge          27.0    3299064.3360     3.2658   9.180E+02    40     0    218
2s2_2p5_9g_1Go           9.0    3299104.0440     3.2646   9.183E+02    39     0    219
2s2_2p5_9g_3Go          27.0    3299104.0440     3.2646   9.183E+02    38     0    220
2s_2p6_4s_1Se            1.0    3306727.9220     3.0361   9.874E+02    41     0    221
2s2_2p5_10s_3Po          9.0    3311532.5540     2.8920   1.037E+03    38     0    222
2s2_2p5_10s_1Po          3.0    3311780.7270     2.8846   1.039E+03    39     0    223
2s2_2p5_10p_3De         15.0    3314441.1430     2.8048   1.069E+03    40     0    224
2s2_2p5_10p_3Se          3.0    3314540.4120     2.8018   1.070E+03    40     0    225
2s2_2p5_10p_1De          5.0    3314629.7540     2.7992   1.071E+03    41     0    226
2s2_2p5_10p_1Pe          3.0    3314649.6080     2.7986   1.071E+03    41     0    227
2s2_2p5_10p_3Pe          9.0    3314659.5350     2.7983   1.071E+03    40     0    228
2s2_2p5_10p_1Se          1.0    3316416.6010     2.7456   1.092E+03    41     0    229
2s2_2p5_10d_3Po          9.0    3317885.7860     2.7016   1.110E+03    38     0    230
2s2_2p5_10d_3Fo         21.0    3318074.3970     2.6959   1.112E+03    38     0    231
2s2_2p5_10d_1Fo          7.0    3318292.7900     2.6894   1.115E+03    39     0    232
2s2_2p5_10d_1Do          5.0    3318342.4240     2.6879   1.115E+03    39     0    233
2s2_2p5_10d_3Do         15.0    3318352.3510     2.6876   1.115E+03    38     0    234
2s2_2p5_10d_1Po          3.0    3319245.7750     2.6608   1.127E+03    39     0    235
2s2_2p5_10f_3De         15.0    3319563.4360     2.6513   1.131E+03    40     0    236
2s2_2p5_10f_3Ge         27.0    3319583.2900     2.6507   1.131E+03    40     0    237
2s2_2p5_10f_1Ge          9.0    3319613.0710     2.6498   1.131E+03    41     0    238
2s2_2p5_10f_1De          5.0    3319662.7050     2.6483   1.132E+03    41     0    239
2s2_2p5_10g_3Fo         21.0    3319712.3400     2.6468   1.133E+03    38     0    240
2s2_2p5_10f_3Fe         21.0    3319722.2670     2.6465   1.133E+03    40     0    241
2s2_2p5_10g_1Fo          7.0    3319722.2670     2.6465   1.133E+03    39     0    242
2s2_2p5_10f_1Fe          7.0    3319722.2670     2.6465   1.133E+03    41     0    243
2s2_2p5_10h_3Ge         27.0    3319761.9750     2.6453   1.133E+03    40     0    244
2s2_2p5_10h_1Ge          9.0    3319761.9750     2.6453   1.133E+03    41     0    245
2s2_2p5_10g_1Go          9.0    3319791.7550     2.6444   1.134E+03    39     0    246
2s2_2p5_10g_3Go         27.0    3319791.7550     2.6444   1.134E+03    38     0    247
