********************************************************************************
                                                                                
                 Super level assignments for for NkXV                 
                 E%LS=10%
                                                                                
                         g          E(cm^-1)     10^15 Hz      eV        Lam(A) 
********************************************************************************
                                                                                
17-Jun-2014                            !Format date                   
05-Jun-2017                            !Date
826                                    !Number of energy levels
6                                      !Entry number of link to super level
  
3s2_3p2_3Pe[0]           1.0          0.0000   111.8945   2.679E+01     1     0      1
3s2_3p2_3Pe[1]           3.0      11923.3005   111.5371   2.688E+01     1     0      2
3s2_3p2_3Pe[2]           5.0      23790.2048   111.1813   2.696E+01     1     0      3
3s2_3p2_1De[2]           5.0      61610.2346   110.0475   2.724E+01     2     0      4
3s2_3p2_1Se[0]           1.0     117288.6192   108.3783   2.766E+01     3     0      5
3s_3p3_5So[2]            5.0     275069.6769   103.6482   2.892E+01     4     0      6
3s_3p3_3Do[1]            3.0     368119.4856   100.8586   2.972E+01     5     0      7
3s_3p3_3Do[2]            5.0     368318.1538   100.8526   2.973E+01     5     0      8
3s_3p3_3Do[3]            7.0     371971.0865   100.7431   2.976E+01     5     0      9
3s_3p3_3Po[0]            1.0     422248.2577    99.2359   3.021E+01     6     0     10
3s_3p3_3Po[1]            3.0     422518.7029    99.2277   3.021E+01     6     0     11
3s_3p3_3Po[2]            5.0     423328.7567    99.2035   3.022E+01     6     0     12
3s_3p3_1Do[2]            5.0     464409.5096    97.9719   3.060E+01     7     0     13
3s_3p3_3So[1]            3.0     532510.4288    95.9303   3.125E+01     8     0     14
3s_3p3_1Po[1]            3.0     561462.1635    95.0623   3.154E+01     9     0     15
3s2_3p_3d_3Fo           21.0     574068.4111    94.6844   3.166E+01     8     0     16
3s2_3p_3d_3Po[2]         5.0     623380.0135    93.2061   3.216E+01    10     0     17
3s2_3p_3d_3Po[1]         3.0     634382.3904    92.8762   3.228E+01    10     0     18
3s2_3p_3d_1Do[2]         5.0     639417.0288    92.7253   3.233E+01    11     0     19
3s2_3p_3d_3Po[0]         1.0     645146.3654    92.5535   3.239E+01    10     0     20
3s2_3p_3d_3Do[1]         3.0     649199.1981    92.4320   3.243E+01    10     0     21
3s2_3p_3d_3Do[3]         7.0     652626.5462    92.3293   3.247E+01    10     0     22
3s2_3p_3d_3Do[2]         5.0     652721.3942    92.3264   3.247E+01    10     0     23
3s2_3p_3d_1Fo[3]         7.0     713757.4135    90.4966   3.313E+01    12     0     24
3s2_3p_3d_1Po[1]         3.0     731470.9327    89.9656   3.332E+01    12     0     25
3p4_3Pe                  9.0     762646.3843    89.0310   3.367E+01    13     0     26
3p4_1De                  5.0     779703.1485    88.5196   3.387E+01    14     0     27
3s_3p2(4Pe)3d_5Fe       35.0     811319.0067    87.5718   3.423E+01    15     0     28
3s_3p2(4Pe)3d_5De       25.0     834365.5795    86.8809   3.451E+01    15     0     29
3s_3p2(2De)3d_3Fe       21.0     866556.6438    85.9158   3.489E+01    16     0     30
3p4_1Se                  1.0     886334.7699    85.3229   3.514E+01    17     0     31
3s_3p2(4Pe)3d_5Pe       15.0     894975.6360    85.0638   3.524E+01    18     0     32
3s_3p2(4Pe)3d_3Pe        9.0     919508.7961    84.3284   3.555E+01    16     0     33
3s_3p2(2De)3d_3Ge       27.0     958643.2318    83.1551   3.605E+01    19     0     34
3s_3p2(4Pe)3d_3De       15.0     971253.0171    82.7771   3.622E+01    19     0     35
3s_3p2(2De)3d_1Ge        9.0     981717.9245    82.4634   3.635E+01    20     0     36
3s_3p2(2De)3d_1Fe        7.0     983345.1176    82.4146   3.638E+01    20     0     37
3s_3p2(4Pe)3d_3Fe       21.0    1010907.6945    81.5883   3.674E+01    19     0     38
3s_3p2(2De)3d_3De       15.0    1018692.1440    81.3549   3.685E+01    19     0     39
3s_3p2(2Pe)3d_1Pe        3.0    1021174.4759    81.2805   3.688E+01    20     0     40
3s_3p2(2De)3d_3Pe        9.0    1031162.6013    80.9811   3.702E+01    19     0     41
3s_3p2(2De)3d_3Se        3.0    1047559.7971    80.4895   3.725E+01    19     0     42
3s_3p2(2Se)3d_3De       15.0    1057953.1238    80.1779   3.739E+01    21     0     43
3s_3p2(2Pe)3d_3Fe       21.0    1067730.3417    79.8848   3.753E+01    21     0     44
3s_3p2(2De)3d_1De        5.0    1074112.5675    79.6935   3.762E+01    20     0     45
3s_3p2(2Pe)3d_3De       15.0    1110330.0711    78.6077   3.814E+01    21     0     46
3s_3p2(2Se)3d_1De        5.0    1113948.7534    78.4992   3.819E+01    22     0     47
3s_3p2(2De)3d_1Se        1.0    1129812.9249    78.0236   3.842E+01    22     0     48
3s_3p2(2De)3d_1Pe        3.0    1156548.4829    77.2221   3.882E+01    22     0     49
3s_3p2(2Pe)3d_3Pe        9.0    1156898.7197    77.2116   3.883E+01    21     0     50
3s_3p2(2Pe)3d_1Fe        7.0    1192569.1383    76.1422   3.937E+01    22     0     51
3s_3p2(2Pe)3d_1De        5.0    1236305.2182    74.8310   4.006E+01    23     0     52
3p3(2Do)3d_1So           1.0    1238226.4057    74.7734   4.009E+01    24     0     53
3s2_3d2_3Fe             21.0    1240022.3259    74.7196   4.012E+01    25     0     54
3p3(2Do)3d_3Fo          21.0    1254470.2130    74.2865   4.036E+01    26     0     55
3p3(2Do)3d_3Do          15.0    1259098.7005    74.1477   4.043E+01    26     0     56
3p3(4So)3d_5Do          25.0    1264189.9094    73.9951   4.052E+01    27     0     57
3s2_3d2_1Ge              9.0    1279409.8509    73.5388   4.077E+01    23     0     58
3s2_3d2_3Pe              9.0    1284501.0598    73.3862   4.085E+01    25     0     59
3s2_3d2_1De              5.0    1289060.5235    73.2495   4.093E+01    23     0     60
3p3(2Do)3d_3Go          27.0    1291528.7948    73.1755   4.097E+01    26     0     61
3p3(2Po)3d_1Do           5.0    1322509.3707    72.2467   4.150E+01    24     0     62
3p3(2Do)3d_1Go           9.0    1330498.3371    72.0072   4.163E+01    24     0     63
3p3(2Do)3d_1Po           3.0    1361201.5363    71.0867   4.217E+01    24     0     64
3s_3p_3d2_5Go           45.0    1368564.1683    70.8660   4.230E+01    27     0     65
3p3(2Do)3d_3Po           9.0    1370967.2494    70.7940   4.235E+01    26     0     66
3p3(2Po)3d_3Do          15.0    1371644.7146    70.7737   4.236E+01    26     0     67
3p3(2Do)3d_3So           3.0    1372143.2258    70.7587   4.237E+01    26     0     68
3p3(2Po)3d_3Fo          21.0    1374507.9602    70.6878   4.241E+01    26     0     69
3p3(2Po)3d_3Po           9.0    1377550.1584    70.5966   4.247E+01    26     0     70
3s2_3d2_1Se              1.0    1380899.1338    70.4962   4.253E+01    28     0     71
3s_3p_3d2_5Do           25.0    1430085.6071    69.0216   4.343E+01    29     0     72
3s_3p_3d2_5Fo           35.0    1436221.1344    68.8377   4.355E+01    29     0     73
3p3(2Do)3d_1Fo           7.0    1440145.3147    68.7201   4.363E+01    30     0     74
3s_3p_3d2_5Po           15.0    1451828.3803    68.3698   4.385E+01    29     0     75
3p3(2Po)3d_1Fo           7.0    1453017.1382    68.3342   4.387E+01    30     0     76
3p3(4So)3d_3Do          15.0    1461108.3649    68.0916   4.403E+01    31     0     77
3p3(2Do)3d_1Do           5.0    1462616.6813    68.0464   4.406E+01    30     0     78
3s_3p_3d2_3Fo           21.0    1473980.1884    67.7057   4.428E+01    31     0     79
3s_3p_3d2(a)_5Do        25.0    1477252.4689    67.6076   4.434E+01    29     0     80
3s_3p_3d2_3Do           15.0    1491440.8747    67.1823   4.462E+01    31     0     81
3s_3p_3d2_3So            3.0    1515497.2527    66.4611   4.511E+01    31     0     82
3s_3p_3d2_3Go           27.0    1516213.0648    66.4396   4.512E+01    31     0     83
3s_3p_3d2_5So            5.0    1524738.8905    66.1840   4.530E+01    29     0     84
3s_3p_3d2(a)_3Go        27.0    1554023.2483    65.3061   4.591E+01    31     0     85
3p3(2Po)3d_1Po           3.0    1559289.5763    65.1482   4.602E+01    30     0     86
3s_3p_3d2_3Po            9.0    1565540.1440    64.9608   4.615E+01    31     0     87
3s_3p_3d2(a)_3Fo        21.0    1569387.6306    64.8455   4.623E+01    31     0     88
3s_3p_3d2_1Fo            7.0    1575727.6747    64.6554   4.637E+01    30     0     89
3s_3p_3d2_1Do            5.0    1582502.3191    64.4523   4.651E+01    30     0     90
3s_3p_3d2_1Go            9.0    1588126.5511    64.2837   4.664E+01    32     0     91
3s_3p_3d2(a)_3Do        15.0    1601228.4582    63.8909   4.692E+01    31     0     92
3s_3p_3d2_1So            1.0    1602493.9110    63.8530   4.695E+01    32     0     93
3s_3p_3d2(a)_3Po         9.0    1617168.0454    63.4131   4.728E+01    33     0     94
3s_3p_3d2(b)_3Fo        21.0    1620338.0680    63.3180   4.735E+01    33     0     95
3s_3p_3d2(b)_3Do        15.0    1627496.1819    63.1034   4.751E+01    33     0     96
3s_3p_3d2(b)_3Po         9.0    1644918.5214    62.5811   4.790E+01    33     0     97
3s_3p_3d2(b)_3Go        27.0    1656473.7639    62.2347   4.817E+01    33     0     98
3s_3p_3d2(c)_3Fo        21.0    1671301.2869    61.7902   4.852E+01    33     0     99
3s_3p_3d2_1Po            3.0    1678408.2725    61.5771   4.869E+01    32     0    100
3s2_3p_4s_3Po[0]         1.0    1700843.9135    60.9045   4.922E+01    33     0    101
3s_3p_3d2(c)_3Do        15.0    1711156.6462    60.5954   4.947E+01    33     0    102
3s2_3p_4s_3Po[1]         3.0    1712674.2885    60.5499   4.951E+01    33     0    103
3s_3p_3d2(a)_1Do         5.0    1719861.4258    60.3344   4.969E+01    32     0    104
3s_3p_3d2(d)_3Do        15.0    1720142.6363    60.3260   4.970E+01    33     0    105
3s_3p_3d2(a)_1Fo         7.0    1722430.6770    60.2574   4.975E+01    32     0    106
3s_3p_3d2(a)_1Po         3.0    1725664.6106    60.1604   4.983E+01    32     0    107
3s2_3p_4s_3Po[2]         5.0    1736335.0385    59.8405   5.010E+01    33     0    108
3s_3p_3d2(c)_3Po         9.0    1736657.4296    59.8309   5.011E+01    33     0    109
3s2_3p_4s_1Po[1]         3.0    1745499.4135    59.5658   5.033E+01    32     0    110
3s_3p_3d2(a)_1Go         9.0    1748072.0663    59.4887   5.039E+01    34     0    111
3p2_3d2_5Ge             45.0    1756482.8502    59.2365   5.061E+01    35     0    112
3s_3p_3d2(b)_1Fo         7.0    1773739.0197    58.7192   5.106E+01    34     0    113
3s_3p_3d2(a)_3So         3.0    1776078.1899    58.6491   5.112E+01    33     0    114
3p2_3d2_3Fe             21.0    1782648.3162    58.4521   5.129E+01    36     0    115
3s_3p_3d2(b)_1Do         5.0    1789768.0833    58.2386   5.148E+01    34     0    116
3p2_3d2_1Ge              9.0    1792899.7591    58.1448   5.156E+01    37     0    117
3p2_3d2_3Pe              9.0    1794126.8638    58.1080   5.159E+01    36     0    118
3p2_3d2_5Fe             35.0    1805439.2414    57.7688   5.190E+01    35     0    119
3p2_3d2_1De              5.0    1806423.4825    57.7393   5.192E+01    37     0    120
3p2_3d2_5De             25.0    1809759.6751    57.6393   5.201E+01    35     0    121
3p2_3d2_3De             15.0    1828089.5620    57.0898   5.251E+01    36     0    122
3p2_3d2_3Ge             27.0    1835196.5464    56.8767   5.271E+01    36     0    123
3s_3p_3d2(b)_1Po         3.0    1835362.7177    56.8717   5.271E+01    34     0    124
3p2_3d2(a)_3Fe          21.0    1852388.8037    56.3613   5.319E+01    36     0    125
3p2_3d2_5Pe             15.0    1872022.4902    55.7727   5.375E+01    35     0    126
3s2_3p_4p_3De           15.0    1876662.4824    55.6336   5.389E+01    36     0    127
3p2_3d2(a)_5De          25.0    1876879.7820    55.6271   5.389E+01    35     0    128
3p2_3d2(a)_3De          15.0    1887322.9602    55.3140   5.420E+01    36     0    129
3p2_3d2(a)_3Pe           9.0    1889086.9243    55.2611   5.425E+01    36     0    130
3s2_3p_4p_3Pe            9.0    1890198.9885    55.2278   5.428E+01    36     0    131
3s2_3p_4p_3Se            3.0    1894097.6046    55.1109   5.440E+01    36     0    132
3s2_3p_4p_1De[2]         5.0    1907356.3750    54.7134   5.479E+01    37     0    133
3p2_3d2_1Fe              7.0    1914153.1074    54.5097   5.500E+01    37     0    134
3p2_3d2(b)_3Fe          21.0    1924992.5379    54.1847   5.533E+01    36     0    135
3p2_3d2_1Pe              3.0    1929236.2780    54.0575   5.546E+01    37     0    136
3s2_3p_4p_1Pe[1]         3.0    1942155.3654    53.6702   5.586E+01    37     0    137
3p2_3d2(a)_1De           5.0    1942657.7423    53.6551   5.587E+01    37     0    138
3p2_3d2(a)_1Ge           9.0    1946569.1412    53.5379   5.600E+01    37     0    139
3s2_3p_4p_1Se            1.0    1952410.6740    53.3627   5.618E+01    37     0    140
3p2_3d2(c)_3Fe          21.0    1961920.7395    53.0776   5.648E+01    38     0    141
3p2_3d2(a)_3Ge          27.0    1965001.2858    52.9853   5.658E+01    38     0    142
3p2_3d2(b)_3Pe           9.0    1968171.3085    52.8902   5.668E+01    38     0    143
3p2_3d2_1Se              1.0    1975687.3277    52.6649   5.692E+01    39     0    144
3p2_3d2(c)_3Pe           9.0    1976735.4810    52.6335   5.696E+01    38     0    145
3p2_3d2(a)_1Fe           7.0    1978729.5273    52.5737   5.702E+01    39     0    146
3p2_3d2(b)_3Ge          27.0    1980953.6557    52.5070   5.710E+01    38     0    147
3p2_3d2(b)_3De          15.0    1985977.1175    52.3564   5.726E+01    38     0    148
3p2_3d2(d)_3Fe          21.0    1995410.4906    52.0736   5.757E+01    38     0    149
3p2_3d2(a)_1Pe           3.0    2011286.1655    51.5977   5.810E+01    39     0    150
3p2_3d2(c)_3De          15.0    2012411.0125    51.5640   5.814E+01    38     0    151
3p2_3d2(b)_1De           5.0    2017051.0047    51.4249   5.830E+01    39     0    152
3s_3p2(4Pe)4s_5Pe       15.0    2022764.7144    51.2536   5.849E+01    40     0    153
3s_3d3_5Fe              35.0    2031162.7170    51.0018   5.878E+01    40     0    154
3p2_3d2(b)_1Ge           9.0    2047843.6803    50.5017   5.936E+01    39     0    155
3p2_3d2(c)_1De           5.0    2054311.5475    50.3078   5.959E+01    39     0    156
3s2_3p_4d_3Do[1]         3.0    2055601.3558    50.2692   5.964E+01    41     0    157
3s2_3p_4d_3Do[2]         5.0    2056178.1346    50.2519   5.966E+01    41     0    158
3s2_3p_4d_3Do[3]         7.0    2059485.0000    50.1527   5.978E+01    41     0    159
3s_3p2(4Pe)4s_3Pe        9.0    2060715.5038    50.1158   5.982E+01    38     0    160
3p2_3d2(d)_3De          15.0    2065087.0671    49.9848   5.998E+01    38     0    161
3s2_3p_4d_1Do            5.0    2066723.2079    49.9357   6.004E+01    42     0    162
3p2_3d2(d)_1De           5.0    2068985.6832    49.8679   6.012E+01    39     0    163
3s_3d3_5Pe              15.0    2073983.5809    49.7181   6.030E+01    40     0    164
3s2_3p_4d_3Fo[2]         5.0    2075762.9808    49.6647   6.036E+01    41     0    165
3s2_3p_4d_3Fo[3]         7.0    2075891.1538    49.6609   6.037E+01    41     0    166
3s2_3p_4d_3Fo[4]         9.0    2076224.4038    49.6509   6.038E+01    41     0    167
3s2_3p_4d_3Po[0]         1.0    2076403.8462    49.6455   6.039E+01    41     0    168
3s2_3p_4d_3Po[1]         3.0    2077044.7115    49.6263   6.041E+01    41     0    169
3s2_3p_4d_3Po[2]         5.0    2078326.4423    49.5879   6.046E+01    41     0    170
3p2_3d2(d)_3Pe           9.0    2080029.6305    49.5368   6.052E+01    38     0    171
3p2_3d2_3Se              3.0    2083953.8120    49.4192   6.066E+01    38     0    172
3p2_3d2(a)_1Se           1.0    2089565.2627    49.2509   6.087E+01    39     0    173
3s2_3p_4d_1Fo[3]         7.0    2090054.2788    49.2363   6.089E+01    42     0    174
3p2_3d2(b)_1Fe           7.0    2091418.7030    49.1954   6.094E+01    39     0    175
3p2_3d2(e)_3Fe          21.0    2100519.7336    48.9225   6.128E+01    38     0    176
3p2_3d2(e)_3Pe           9.0    2114797.6158    48.4945   6.182E+01    38     0    177
3s2_3p_4d_1Po[1]         3.0    2115650.4423    48.4689   6.185E+01    42     0    178
3s_3p2(2De)4s_3De       15.0    2120255.6792    48.3309   6.203E+01    38     0    179
3p2_3d2(c)_1Ge           9.0    2121470.0012    48.2945   6.208E+01    39     0    180
3s_3d3_3Ge              27.0    2135594.4961    47.8710   6.263E+01    38     0    181
3s_3p2(4Pe)4p_3So        3.0    2138917.9060    47.7714   6.276E+01    41     0    182
3s_3p2(2De)4s_1De        5.0    2148159.5438    47.4943   6.312E+01    39     0    183
3s_3p2(4Pe)4p_5Do       25.0    2156736.4990    47.2372   6.347E+01    43     0    184
3s_3d3_3De              15.0    2165581.8832    46.9720   6.382E+01    44     0    185
3s_3p2(4Pe)4p_5Po       15.0    2170886.5567    46.8130   6.404E+01    43     0    186
3s_3d3_3Pe               9.0    2174516.7438    46.7042   6.419E+01    44     0    187
3s_3p2(4Pe)4p_5So        5.0    2179540.2069    46.5536   6.440E+01    43     0    188
3s_3p2(4Pe)4p_3Do       15.0    2185420.0866    46.3773   6.464E+01    41     0    189
3s2_3p_4f_1Fe            7.0    2191593.9607    46.1922   6.490E+01    45     0    190
3s_3d3_3Fe              21.0    2191811.2602    46.1857   6.491E+01    44     0    191
3p2_3d2(e)_1De           5.0    2200707.7739    45.9190   6.529E+01    45     0    192
3s2_3p_4f_3Ge           27.0    2201513.0623    45.8948   6.532E+01    44     0    193
3s_3p2(2Se)4s_3Se        3.0    2201870.9677    45.8841   6.534E+01    44     0    194
3s_3p2(4Pe)4p_3Po        9.0    2206153.0546    45.7557   6.552E+01    41     0    195
3s2_3p_4f_3Fe[2]         5.0    2207845.3365    45.7050   6.559E+01    44     0    196
3s2_3p_4f_3Fe[3]         7.0    2215599.8077    45.4725   6.593E+01    44     0    197
3s2_3p_4f_3De[1]         3.0    2224571.9231    45.2035   6.632E+01    44     0    198
3s2_3p_4f_3De[2]         5.0    2224700.0962    45.1997   6.633E+01    44     0    199
3s2_3p_4f_3De[3]         7.0    2224956.4423    45.1920   6.634E+01    44     0    200
3s_3p2(2Se)4s_1Se        1.0    2228113.1273    45.0974   6.648E+01    45     0    201
3s2_3p_4f_1De[2]         5.0    2231236.9231    45.0037   6.662E+01    45     0    202
3s2_3p_4f_3Fe[4]         9.0    2231864.9712    44.9849   6.664E+01    44     0    203
3s2_3p_4f_1Ge[4]         9.0    2234646.3269    44.9015   6.677E+01    45     0    204
3s_3p2(2Pe)4s_3Pe        9.0    2246788.1369    44.5375   6.731E+01    44     0    205
3s_3d3(a)_3De           15.0    2249587.4715    44.4536   6.744E+01    44     0    206
3s_3d3(a)_3Fe           21.0    2253869.5571    44.3252   6.763E+01    44     0    207
3s_3p2(2De)4p_1Do        5.0    2256221.5087    44.2547   6.774E+01    42     0    208
3s_3p2(2Pe)4s_1Pe        3.0    2256732.8026    44.2394   6.777E+01    45     0    209
3s_3d3_1Ge               9.0    2261270.5359    44.1034   6.797E+01    45     0    210
3s_3p2(2De)4p_3Fo       21.0    2261960.7838    44.0827   6.801E+01    46     0    211
3s_3d3_1Pe               3.0    2263622.4888    44.0328   6.808E+01    45     0    212
3s_3p2(2De)4p_3Do       15.0    2263993.1768    44.0217   6.810E+01    46     0    213
3s_3p2(2De)4p_1Fo        7.0    2271458.0678    43.7979   6.845E+01    42     0    214
3s_3p2(2De)4p_1Po        3.0    2280559.0984    43.5251   6.888E+01    47     0    215
3s_3p2(2De)4p_3Po        9.0    2288254.0716    43.2944   6.925E+01    46     0    216
3s_3d3_1De               5.0    2313908.2437    42.5253   7.050E+01    45     0    217
3s_3d3_1Fe               7.0    2314432.3203    42.5096   7.052E+01    45     0    218
3p_3d3_5Go              45.0    2318701.6232    42.3816   7.074E+01    43     0    219
3s_3d3(a)_3Pe            9.0    2318982.8350    42.3732   7.075E+01    44     0    220
3p2_3d2(b)_1Se           1.0    2322817.5401    42.2582   7.094E+01    45     0    221
3s_3p2(2Se)4p_3Po        9.0    2348791.2694    41.4795   7.227E+01    46     0    222
3s_3p2(2Pe)4p_1So        1.0    2350452.9744    41.4297   7.236E+01    47     0    223
3s2_3d_4s_3De           15.0    2352037.9858    41.3822   7.244E+01    44     0    224
3s2_3d_4s_1De            5.0    2354185.4206    41.3178   7.256E+01    45     0    225
3s_3p2(4Pe)4d_5Pe       15.0    2354262.1142    41.3155   7.256E+01    48     0    226
3s_3p2(2Se)4p_1Po        3.0    2355246.3553    41.2860   7.261E+01    47     0    227
3s_3p2(4Pe)4d_3Pe        9.0    2356614.0671    41.2450   7.269E+01    44     0    228
3s_3p2(4Pe)4d_5Fe       35.0    2360372.0774    41.1324   7.288E+01    48     0    229
3p_3d3_5Fo              35.0    2370674.6485    40.8235   7.344E+01    43     0    230
3s_3p2(4Pe)4d_3Fe       21.0    2372873.2128    40.7576   7.356E+01    44     0    231
3p_3d3_3Do              15.0    2374036.4066    40.7227   7.362E+01    46     0    232
3p_3d3_5Do              25.0    2376030.4528    40.6629   7.373E+01    49     0    233
3s_3p2(4Pe)4d_5De       25.0    2376950.7817    40.6353   7.378E+01    48     0    234
3s_3p2(2Pe)4p_3Do       15.0    2377525.9865    40.6181   7.381E+01    46     0    235
3s_3d3(a)_1De            5.0    2380338.1038    40.5338   7.396E+01    45     0    236
3p_3d3_3Go              27.0    2385348.7842    40.3836   7.424E+01    46     0    237
3s_3p2(2Pe)4p_3So        3.0    2386652.5838    40.3445   7.431E+01    46     0    238
3p_3d3_1So               1.0    2388403.7651    40.2920   7.440E+01    47     0    239
3s_3p2(2Pe)4p_3Po        9.0    2388723.3237    40.2824   7.442E+01    46     0    240
3p_3d3_3Fo              21.0    2389579.7403    40.2567   7.447E+01    46     0    241
3p_3d3_3Po               9.0    2394360.3384    40.1134   7.474E+01    46     0    242
3s_3p2(4Pe)4d_3De       15.0    2395472.4027    40.0801   7.480E+01    50     0    243
3p_3d3_5So               5.0    2399639.4478    39.9552   7.503E+01    49     0    244
3s_3p2(2Pe)4p_1Do        5.0    2407270.5101    39.7264   7.546E+01    47     0    245
3p_3d3_1Do               5.0    2416882.8346    39.4382   7.602E+01    47     0    246
3s_3p2(2Pe)4p_1Po        3.0    2427466.6188    39.1209   7.663E+01    47     0    247
3p_3d3_5Po              15.0    2432822.4231    38.9604   7.695E+01    49     0    248
3p_3d3_1Fo               7.0    2434177.3509    38.9197   7.703E+01    47     0    249
3p_3d3_1Go               9.0    2437807.5380    38.8109   7.724E+01    47     0    250
3s_3p2(2De)4d_1Fe        7.0    2440964.7780    38.7163   7.743E+01    51     0    251
3p_3d3(a)_5Do           25.0    2442703.1766    38.6641   7.754E+01    49     0    252
3s_3p2(2De)4d_3Fe       21.0    2446627.3582    38.5465   7.777E+01    50     0    253
3s_3p2(2De)4d_3De       15.0    2448225.1509    38.4986   7.787E+01    50     0    254
3p_3d3(a)_3Fo           21.0    2456763.7593    38.2426   7.839E+01    46     0    255
3s_3p2(2De)4d_1De        5.0    2458105.9058    38.2024   7.847E+01    51     0    256
3s_3p2(2De)4d_3Ge       27.0    2460854.1108    38.1200   7.864E+01    50     0    257
3p_3d3(a)_3Do           15.0    2462285.7336    38.0771   7.873E+01    46     0    258
3s_3p2(2De)4d_1Pe        3.0    2465839.2258    37.9705   7.895E+01    51     0    259
3p_3d3(a)_3Po            9.0    2466555.0378    37.9491   7.900E+01    46     0    260
3s_3p2(4Pe)4f_5Go       45.0    2469891.2305    37.8491   7.921E+01    49     0    261
3s_3p2(2De)4d_1Ge        9.0    2471412.3296    37.8035   7.930E+01    51     0    262
3s_3p2(2De)4d_3Pe        9.0    2472780.0401    37.7625   7.939E+01    50     0    263
3s_3p2(2De)4d_3Se        3.0    2479439.6441    37.5628   7.981E+01    50     0    264
3s_3p2(4Pe)4f_5Do       25.0    2480232.1497    37.5390   7.986E+01    49     0    265
3s2_3d_4p_1Do            5.0    2484066.8536    37.4241   8.011E+01    47     0    266
3p3(2Do)4s_3Do          15.0    2484360.8481    37.4153   8.013E+01    46     0    267
3p_3d3(a)_3Go           27.0    2489831.6928    37.2513   8.048E+01    52     0    268
3s_3p2(4Pe)4f_5Fo       35.0    2489882.8224    37.2497   8.048E+01    49     0    269
3p3(4So)4s_5So           5.0    2490892.6275    37.2195   8.055E+01    49     0    270
3s2_3d_4p_3Fo           21.0    2491979.1264    37.1869   8.062E+01    52     0    271
3s_3p2(4Pe)4f_3Do       15.0    2492835.5442    37.1612   8.067E+01    52     0    272
3s2_3d_4p_3Do           15.0    2494433.3370    37.1133   8.078E+01    52     0    273
3s_3p2(2De)4d_1Se        1.0    2494535.5961    37.1102   8.078E+01    51     0    274
3p_3d3(a)_1Do            5.0    2500095.9172    36.9435   8.115E+01    47     0    275
3s2_3d_4p_3Po            9.0    2501029.0287    36.9156   8.121E+01    52     0    276
3s_3p2(4Pe)4f_3Go       27.0    2503444.8925    36.8431   8.137E+01    52     0    277
3p_3d3(b)_3Fo           21.0    2512047.4119    36.5853   8.194E+01    52     0    278
3p3(2Do)4s_1Do           5.0    2513274.5178    36.5485   8.203E+01    53     0    279
3s2_3d_4p_1Fo            7.0    2513338.4301    36.5465   8.203E+01    53     0    280
3s2_3d_4p_1Po            3.0    2517019.7454    36.4362   8.228E+01    53     0    281
3p_3d3(b)_3Do           15.0    2517569.3862    36.4197   8.232E+01    52     0    282
3p_3d3(a)_1Go            9.0    2521468.0023    36.3028   8.258E+01    53     0    283
3p_3d3(b)_3Go           27.0    2530735.2041    36.0250   8.322E+01    52     0    284
3p3(4So)4s_3So           3.0    2531067.5454    36.0150   8.324E+01    52     0    285
3s_3p2(4Pe)4f_3Fo       21.0    2536116.5726    35.8637   8.359E+01    52     0    286
3p_3d3_3So               3.0    2536500.0433    35.8522   8.362E+01    52     0    287
3p_3d3_1Po               3.0    2537548.1953    35.8208   8.369E+01    53     0    288
3s_3p2(2Se)4d_3De       15.0    2542494.9635    35.6725   8.404E+01    50     0    289
3p_3d3(c)_3Do           15.0    2542533.3116    35.6713   8.404E+01    52     0    290
3s_3p2(2Se)4d_1De        5.0    2545690.5515    35.5767   8.427E+01    51     0    291
3s2_3p_5s_3Po            9.0    2550509.4965    35.4322   8.461E+01    52     0    292
3p_3d3(c)_3Fo           21.0    2553743.4301    35.3352   8.484E+01    52     0    293
3s2_3p_5s_1Po            3.0    2558038.2985    35.2065   8.515E+01    53     0    294
3s_3p2(2Pe)4d_3Fe       21.0    2564109.9135    35.0245   8.560E+01    50     0    295
3s_3p2(2Pe)4d_1Pe        3.0    2566346.8247    34.9574   8.576E+01    51     0    296
3s_3p2(2De)4f_3Fo       21.0    2567292.7189    34.9290   8.583E+01    52     0    297
3s_3p2(2Pe)4d_3Pe        9.0    2568328.0882    34.8980   8.591E+01    50     0    298
3s_3p2(2De)4f_3Go       27.0    2568685.9936    34.8873   8.593E+01    52     0    299
3p_3d3(b)_3Po            9.0    2573850.0625    34.7325   8.631E+01    52     0    300
3s_3p2(2De)4f_1Go        9.0    2574144.0569    34.7236   8.634E+01    53     0    301
3s_3p2(2Pe)4d_3De       15.0    2574910.9972    34.7006   8.639E+01    50     0    302
3s_3p2(2Pe)4d_1Fe        7.0    2577326.8610    34.6282   8.657E+01    51     0    303
3p3(2Po)4s_3Po           9.0    2579410.3836    34.5658   8.673E+01    52     0    304
3p_3d3(d)_3Do           15.0    2584012.0290    34.4278   8.708E+01    52     0    305
3s_3p2(2De)4f_1Fo        7.0    2586325.6338    34.3584   8.725E+01    53     0    306
3s_3p2(2De)4f_3Do       15.0    2590978.4088    34.2190   8.761E+01    52     0    307
3s_3p2(2Pe)4d_1De        5.0    2591464.1373    34.2044   8.765E+01    51     0    308
3p3(2Po)4s_1Po           3.0    2596257.5182    34.0607   8.802E+01    53     0    309
3s_3p2(2De)4f_1Do        5.0    2601127.5927    33.9147   8.840E+01    53     0    310
3s2_3p_5p_1Pe            3.0    2605831.4959    33.7737   8.877E+01    51     0    311
3s_3p2(2De)4f_3Po        9.0    2606585.6547    33.7511   8.882E+01    52     0    312
3p_3d3(c)_3Go           27.0    2606930.7774    33.7407   8.885E+01    52     0    313
3p_3d3(a)_1Fo            7.0    2610663.2236    33.6288   8.915E+01    53     0    314
3p_3d3(d)_3Fo           21.0    2613079.0874    33.5564   8.934E+01    52     0    315
3s2_3p_5p_3Se            3.0    2613194.1278    33.5529   8.935E+01    50     0    316
3s2_3p_5p_3Pe            9.0    2613743.7686    33.5365   8.939E+01    50     0    317
3p3(2Do)4p_1Pe           3.0    2613897.1572    33.5319   8.941E+01    51     0    318
3s2_3p_5p_3De           15.0    2614101.6753    33.5257   8.942E+01    50     0    319
3p3(2Do)4p_3De          15.0    2616172.4151    33.4637   8.959E+01    50     0    320
3p_3d3(c)_3Po            9.0    2621643.2599    33.2996   9.003E+01    52     0    321
3p_3d3(a)_1Po            3.0    2622077.8602    33.2866   9.006E+01    53     0    322
3p3(4So)4p_5Pe          15.0    2623611.7420    33.2406   9.019E+01    54     0    323
3s_3p2(2De)4f_1Po        3.0    2624046.3410    33.2276   9.022E+01    53     0    324
3p_3d3(b)_1Do            5.0    2624647.1113    33.2096   9.027E+01    53     0    325
3p3(2Do)4p_3Pe           9.0    2624762.1531    33.2061   9.028E+01    50     0    326
3p3(2Do)4p_3Fe          21.0    2628750.2455    33.0866   9.061E+01    50     0    327
3s2_3p_5p_1De            5.0    2629044.2387    33.0778   9.063E+01    51     0    328
3s2_3p_5p_1Se            1.0    2629414.9268    33.0667   9.066E+01    51     0    329
3p_3d3(b)_1Go            9.0    2634208.3076    32.9230   9.106E+01    53     0    330
3p3(2Do)4p_1Fe           7.0    2636074.5307    32.8670   9.121E+01    51     0    331
3p_3d3(b)_1Fo            7.0    2651796.8171    32.3957   9.254E+01    53     0    332
3s_3p2(2Se)4f_3Fo       21.0    2660552.7263    32.1332   9.330E+01    52     0    333
3s2_3d_4d_1Fe            7.0    2664502.4706    32.0148   9.364E+01    51     0    334
3s2_3d_4d_3De           15.0    2671801.1916    31.7960   9.429E+01    55     0    335
3s2_3d_4d_3Ge           27.0    2672248.5734    31.7825   9.433E+01    55     0    336
3p3(2Do)4p_1De           5.0    2673181.6849    31.7546   9.441E+01    51     0    337
3s_3p2(2Se)4f_1Fo        7.0    2674102.0137    31.7270   9.449E+01    53     0    338
3s_3p2(2Pe)4f_3Go       27.0    2675776.5014    31.6768   9.464E+01    52     0    339
3p3(4So)4p_3Pe           9.0    2676019.3663    31.6695   9.466E+01    55     0    340
3s2_3d_4d_1Pe            3.0    2676453.9666    31.6565   9.470E+01    51     0    341
3s_3p2(2Pe)4f_1Do        5.0    2687906.9488    31.3131   9.574E+01    53     0    342
3s_3p2(2Pe)4f_3Fo       21.0    2688993.4489    31.2805   9.584E+01    52     0    343
3s2_3d_4d_3Se            3.0    2690297.2485    31.2415   9.596E+01    55     0    344
3s_3p2(2Pe)4f_3Do       15.0    2690514.5480    31.2349   9.598E+01    52     0    345
3s2_3d_4d_3Fe           21.0    2692994.3241    31.1606   9.621E+01    55     0    346
3p_3d3(e)_3Do           15.0    2694362.0346    31.1196   9.634E+01    52     0    347
3s_3p2(2Pe)4f_1Go        9.0    2695716.9638    31.0790   9.646E+01    53     0    348
3s2_3p_5d_1Fo            7.0    2703884.8841    30.8341   9.723E+01    53     0    349
3p_3d3(a)_3So            3.0    2707451.1590    30.7272   9.757E+01    52     0    350
3s2_3p_5d_3Po            9.0    2707668.4585    30.7207   9.759E+01    52     0    351
3s2_3p_5d_1Do            5.0    2707681.2412    30.7203   9.759E+01    53     0    352
3s2_3p_5d_3Do           15.0    2708460.9642    30.6969   9.766E+01    52     0    353
3p3(2Po)4p_3Se           3.0    2708959.4754    30.6820   9.771E+01    55     0    354
3s2_3d_4d_1De            5.0    2711950.5454    30.5923   9.800E+01    56     0    355
3s2_3p_5d_3Fo           21.0    2712103.9327    30.5877   9.801E+01    52     0    356
3s2_3p_5d_1Po            3.0    2713829.5499    30.5360   9.818E+01    53     0    357
3p3(2Po)4p_3De          15.0    2714430.3202    30.5180   9.823E+01    55     0    358
3s2_3d_4d_3Pe            9.0    2714813.7909    30.5065   9.827E+01    55     0    359
3s2_3d_4d_1Ge            9.0    2714992.7436    30.5011   9.829E+01    56     0    360
3p3(2Po)4p_3Pe           9.0    2723390.7462    30.2493   9.911E+01    55     0    361
3p3(2Po)4p_1Pe           3.0    2724259.9455    30.2233   9.919E+01    56     0    362
3p_3d3(c)_1Do            5.0    2731149.6316    30.0167   9.988E+01    53     0    363
3s_3p2(2Pe)4f_1Fo        7.0    2732811.3366    29.9669   1.000E+02    53     0    364
3p_3d3(c)_1Fo            7.0    2734115.1362    29.9278   1.002E+02    53     0    365
3p3(2Po)4p_1De           5.0    2735827.9707    29.8765   1.003E+02    56     0    366
3s2_3p_5f_1Fe            7.0    2754260.1154    29.3239   1.022E+02    56     0    367
3s2_3p_5f_3Fe           21.0    2757762.4780    29.2189   1.026E+02    55     0    368
3s2_3p_5f_3Ge           27.0    2758439.9432    29.1986   1.027E+02    55     0    369
3s2_3d_4d_1Se            1.0    2759002.3667    29.1817   1.027E+02    56     0    370
3s2_3p_5f_3De           15.0    2764818.3341    29.0074   1.034E+02    55     0    371
3s2_3p_5f_1Ge            9.0    2773382.5066    28.7506   1.043E+02    56     0    372
3s2_3p_5f_1De            5.0    2774111.1014    28.7288   1.044E+02    56     0    373
3s2_3d_4f_1Go            9.0    2776565.3120    28.6552   1.046E+02    57     0    374
3s2_3p_5g_3Go           27.0    2779006.7400    28.5820   1.049E+02    58     0    375
3p3(2Po)4p_1Se           1.0    2780578.9686    28.5349   1.051E+02    56     0    376
3s2_3d_4f_3Fo           21.0    2783212.1319    28.4559   1.054E+02    58     0    377
3s2_3p_5g_1Fo            7.0    2794741.8103    28.1103   1.066E+02    57     0    378
3p_3d3(b)_1Po            3.0    2795253.1043    28.0950   1.067E+02    57     0    379
3s2_3p_5g_1Go            9.0    2797809.5727    28.0183   1.070E+02    57     0    380
3s2_3p_5g_3Fo           21.0    2804315.7880    27.8233   1.077E+02    58     0    381
3s2_3d_4f_1Do            5.0    2806118.0989    27.7692   1.080E+02    57     0    382
3p3(2Do)4d_1Po           3.0    2814720.6195    27.5113   1.090E+02    57     0    383
3p3(2Do)4d_3Fo          21.0    2815014.6127    27.5025   1.090E+02    58     0    384
3p3(2Do)4d_3Do          15.0    2815871.0306    27.4768   1.091E+02    58     0    385
3p3(2Do)4d_3Go          27.0    2815973.2896    27.4738   1.091E+02    58     0    386
3p3(2Do)4d_1Go           9.0    2816919.1826    27.4454   1.092E+02    57     0    387
3p3(2Do)4d_3Po           9.0    2818632.0171    27.3941   1.094E+02    58     0    388
3p3(2Do)4d_1So           1.0    2819859.1230    27.3573   1.096E+02    57     0    389
3p3(4So)4d_5Do          25.0    2821009.5341    27.3228   1.097E+02    59     0    390
3s2_3d_4f_3Do           15.0    2822338.8978    27.2829   1.099E+02    58     0    391
3s2_3d_4f_3Go           27.0    2823093.0567    27.2603   1.100E+02    58     0    392
3s_3p2(4Pe)5s_5Pe       15.0    2823898.3450    27.2362   1.101E+02    54     0    393
3p3(2Do)4d_3So           3.0    2824639.7212    27.2140   1.102E+02    58     0    394
3s2_3d_4f_3Po            9.0    2826429.2493    27.1603   1.104E+02    58     0    395
3p3(2Do)4d_1Fo           7.0    2829650.4015    27.0638   1.108E+02    57     0    396
3p3(2Do)4d_1Do           5.0    2830123.3474    27.0496   1.108E+02    57     0    397
3s2_3d_4f_1Fo            7.0    2834776.1223    26.9101   1.114E+02    57     0    398
3p3(4So)4d_3Do          15.0    2837140.8567    26.8392   1.117E+02    58     0    399
3s_3p2(4Pe)5s_3Pe        9.0    2838994.2970    26.7836   1.119E+02    55     0    400
3s2_3d_4f_1Po            3.0    2852850.3616    26.3682   1.137E+02    57     0    401
3s_3p2(4Pe)5p_3So        3.0    2883272.3491    25.4562   1.178E+02    58     0    402
3s_3p2(4Pe)5p_5Do       25.0    2888973.2761    25.2853   1.186E+02    59     0    403
3s_3p2(4Pe)5p_5So        5.0    2893485.4439    25.1500   1.192E+02    59     0    404
3s_3p2(4Pe)5p_5Po       15.0    2893562.1388    25.1477   1.192E+02    59     0    405
3s_3p2(4Pe)5p_3Do       15.0    2901474.4115    24.9105   1.203E+02    58     0    406
3p3(2Po)4d_3Fo          21.0    2905526.4162    24.7890   1.209E+02    58     0    407
3s_3p2(4Pe)5p_3Po        9.0    2908134.0142    24.7109   1.213E+02    58     0    408
3p3(2Po)4d_1Do           5.0    2908197.9264    24.7090   1.213E+02    57     0    409
3p3(2Po)4d_3Do          15.0    2909322.7733    24.6752   1.215E+02    58     0    410
3p3(2Po)4d_3Po           9.0    2911955.9367    24.5963   1.219E+02    58     0    411
3p3(2Po)4d_1Fo           7.0    2913694.3353    24.5442   1.221E+02    57     0    412
3s_3p2(2De)5s_3De       15.0    2914959.7881    24.5062   1.223E+02    55     0    413
3p3(2Do)4f_3Ge          27.0    2923971.3436    24.2361   1.237E+02    55     0    414
3s_3p2(2De)5s_1De        5.0    2925965.3898    24.1763   1.240E+02    56     0    415
3p3(4So)4f_5Fe          35.0    2926080.4303    24.1729   1.240E+02    60     0    416
3p3(2Po)4d_1Po           3.0    2926195.4720    24.1694   1.240E+02    57     0    417
3p3(2Do)4f_3Fe          21.0    2927115.8009    24.1418   1.242E+02    55     0    418
3p3(2Do)4f_1Pe           3.0    2938466.5253    23.8015   1.260E+02    56     0    419
3s2_3p_6s_3Po            9.0    2939322.9432    23.7759   1.261E+02    58     0    420
3p3(2Do)4f_3De          15.0    2940179.3598    23.7502   1.262E+02    61     0    421
3s2_3p_6s_1Po            3.0    2942480.1819    23.6812   1.266E+02    57     0    422
3p3(2Do)4f_1De           5.0    2946084.8049    23.5731   1.272E+02    56     0    423
3p3(2Do)4f_3Pe           9.0    2949855.5966    23.4601   1.278E+02    61     0    424
3p3(4So)4f_3Fe          21.0    2961717.6149    23.1045   1.298E+02    61     0    425
3p3(2Do)4f_1Fe           7.0    2962267.2570    23.0880   1.298E+02    56     0    426
3p3(2Do)4f_1Ge           9.0    2963788.3561    23.0424   1.301E+02    56     0    427
3s2_3p_6p_1Pe            3.0    2970626.9114    22.8374   1.313E+02    56     0    428
3s2_3p_6p_3Se            3.0    2975982.7157    22.6768   1.322E+02    61     0    429
3s2_3p_6p_3De           15.0    2976238.3620    22.6692   1.322E+02    61     0    430
3s2_3p_6p_3Pe            9.0    2976877.4791    22.6500   1.324E+02    61     0    431
3s_3p2(4Pe)5d_5Pe       15.0    2979740.7260    22.5642   1.329E+02    60     0    432
3s_3p2(2De)5p_3Do       15.0    2980405.4072    22.5442   1.330E+02    58     0    433
3s_3p2(4Pe)5d_3Pe        9.0    2981939.2890    22.4982   1.333E+02    61     0    434
3s_3p2(2De)5p_3Fo       21.0    2981952.0717    22.4979   1.333E+02    58     0    435
3s_3p2(4Pe)5d_5Fe       35.0    2982386.6720    22.4848   1.333E+02    60     0    436
3s2_3p_6p_1De            5.0    2982616.7542    22.4779   1.334E+02    56     0    437
3s_3p2(2De)5p_1Do        5.0    2982897.9660    22.4695   1.334E+02    57     0    438
3s_3p2(4Pe)5d_5De       25.0    2988113.1631    22.3132   1.344E+02    60     0    439
3s_3p2(2De)5p_1Fo        7.0    2988662.8039    22.2967   1.345E+02    57     0    440
3s2_3p_6p_1Se            1.0    2990605.7206    22.2384   1.348E+02    62     0    441
3s_3p2(4Pe)5d_3Fe       21.0    2990733.5437    22.2346   1.348E+02    61     0    442
3s_3p2(2De)5p_3Po        9.0    2992050.1261    22.1951   1.351E+02    58     0    443
3s_3p2(2De)5p_1Po        3.0    2993890.7837    22.1399   1.354E+02    57     0    444
3s_3p2(4Pe)5d_3De       15.0    2996396.1239    22.0648   1.359E+02    61     0    445
3s_3p2(2Se)5s_3Se        3.0    2999949.6174    21.9583   1.365E+02    61     0    446
3s_3p2(2Se)5s_1Se        1.0    3008130.3191    21.7131   1.381E+02    62     0    447
3p3(2Po)4f_3Ge          27.0    3017614.8217    21.4287   1.399E+02    61     0    448
3p3(2Po)4f_3De          15.0    3023175.1429    21.2620   1.410E+02    61     0    449
3p3(2Po)4f_3Fe          21.0    3023558.6124    21.2505   1.411E+02    61     0    450
3s2_3p_6d_1Do            5.0    3024376.6834    21.2260   1.412E+02    57     0    451
3s2_3p_6d_3Do           15.0    3024530.0707    21.2214   1.413E+02    58     0    452
3p3(2Po)4f_1Fe           7.0    3025079.7128    21.2049   1.414E+02    62     0    453
3s2_3p_6d_3Po            9.0    3028594.8581    21.0995   1.421E+02    58     0    454
3s2_3p_6d_3Fo           21.0    3029349.0157    21.0769   1.422E+02    58     0    455
3s2_3p_6d_1Fo            7.0    3030115.9572    21.0539   1.424E+02    57     0    456
3s2_3p_6d_1Po            3.0    3031994.9617    20.9976   1.428E+02    57     0    457
3s_3p2(4Pe)5f_5Go       45.0    3032851.3796    20.9719   1.429E+02    59     0    458
3s_3p2(4Pe)5f_5Do       25.0    3036826.6894    20.8528   1.438E+02    59     0    459
3p3(2Po)4f_1Ge           9.0    3036980.0779    20.8482   1.438E+02    62     0    460
3s_3p2(2Pe)5s_3Pe        9.0    3038859.0824    20.7918   1.442E+02    61     0    461
3s_3p2(4Pe)5f_5Fo       35.0    3040840.3460    20.7324   1.446E+02    59     0    462
3s_3p2(4Pe)5f_3Do       15.0    3042706.5690    20.6765   1.450E+02    58     0    463
3s_3p2(2Pe)5s_1Pe        3.0    3042987.7808    20.6681   1.451E+02    62     0    464
3s_3p2(4Pe)5f_3Go       27.0    3047589.4262    20.5301   1.460E+02    58     0    465
3s2_3p_6f_1Fe            7.0    3056933.3217    20.2500   1.480E+02    62     0    466
3p3(2Po)4f_1De           5.0    3057342.3566    20.2377   1.481E+02    62     0    467
3s2_3p_6f_3Fe           21.0    3058454.4208    20.2044   1.484E+02    61     0    468
3s2_3p_6f_3Ge           27.0    3058620.5921    20.1994   1.484E+02    61     0    469
3s_3p2(4Pe)5f_3Fo       21.0    3060320.6439    20.1484   1.488E+02    63     0    470
3s_3p2(4Pe)5g_5Fe       35.0    3061713.9199    20.1067   1.491E+02    60     0    471
3s2_3p_6f_3De           15.0    3062046.2611    20.0967   1.492E+02    61     0    472
3s_3p2(4Pe)5g_5Ge       45.0    3065702.0123    19.9871   1.500E+02    60     0    473
3s2_3p_6f_1Ge            9.0    3066226.0890    19.9714   1.501E+02    62     0    474
3s_3p2(2Se)5p_3Po        9.0    3066609.5597    19.9599   1.502E+02    63     0    475
3s2_3p_6f_1De            5.0    3066826.8593    19.9534   1.502E+02    62     0    476
3s_3p2(4Pe)5g_3Fe       21.0    3067593.7995    19.9304   1.504E+02    61     0    477
3s_3p2(4Pe)5g_3Ge       27.0    3069408.8931    19.8760   1.508E+02    61     0    478
3s_3p2(2De)5d_3Fe       21.0    3069549.4989    19.8718   1.509E+02    61     0    479
3s_3p2(2De)5d_1Fe        7.0    3070265.3110    19.8503   1.510E+02    62     0    480
3s_3p2(2Se)5p_1Po        3.0    3070405.9168    19.8461   1.511E+02    64     0    481
3s2_3p_6g_1Go            9.0    3070840.5158    19.8331   1.512E+02    64     0    482
3s_3p2(2De)5d_3De       15.0    3071505.1984    19.8131   1.513E+02    61     0    483
3s2_3p_6g_3Go           27.0    3071543.5452    19.8120   1.513E+02    63     0    484
3s2_3p_6g_3Fo           21.0    3075212.0791    19.7020   1.522E+02    63     0    485
3s_3p2(2De)5d_1De        5.0    3075608.3313    19.6901   1.523E+02    62     0    486
3s_3p2(2De)5d_3Ge       27.0    3076260.2311    19.6706   1.524E+02    61     0    487
3s2_3p_6g_1Fo            7.0    3076554.2255    19.6618   1.525E+02    64     0    488
3s_3p2(2De)5d_3Pe        9.0    3080708.4880    19.5372   1.534E+02    61     0    489
3s_3p2(2De)5d_1Ge        9.0    3081270.9114    19.5204   1.536E+02    62     0    490
3s_3p2(2De)5d_1Pe        3.0    3081385.9532    19.5169   1.536E+02    62     0    491
3s_3p2(2De)5d_3Se        3.0    3085399.6098    19.3966   1.546E+02    61     0    492
3s_3p2(2Pe)5p_1So        1.0    3089630.5672    19.2697   1.556E+02    64     0    493
3s_3p2(2De)5d_1Se        1.0    3090180.2079    19.2533   1.557E+02    62     0    494
3s_3p2(2Pe)5p_3Do       15.0    3101479.8028    18.9145   1.585E+02    63     0    495
3s_3p2(2Pe)5p_3So        3.0    3103793.4076    18.8452   1.591E+02    63     0    496
3s_3p2(2Pe)5p_3Po        9.0    3105710.7602    18.7877   1.596E+02    63     0    497
3s_3p2(2Pe)5p_1Do        5.0    3110695.8752    18.6382   1.608E+02    64     0    498
3s_3p2(2Pe)5p_1Po        3.0    3118071.2898    18.4171   1.628E+02    64     0    499
3s_3p2(2De)5f_3Go       27.0    3124743.6751    18.2171   1.646E+02    63     0    500
3s_3p2(2De)5f_3Fo       21.0    3125779.0457    18.1860   1.648E+02    63     0    501
3s_3p2(2De)5f_1Go        9.0    3129064.1089    18.0876   1.657E+02    64     0    502
3s_3p2(2De)5f_1Fo        7.0    3133461.2362    17.9557   1.670E+02    64     0    503
3s_3p2(2De)5f_3Do       15.0    3134534.9536    17.9235   1.673E+02    63     0    504
3s_3p2(2De)5f_1Do        5.0    3139724.5867    17.7680   1.687E+02    64     0    505
3s2_3d_5s_3De           15.0    3140223.0979    17.7530   1.689E+02    61     0    506
3s_3p2(2De)5f_3Po        9.0    3141309.5980    17.7204   1.692E+02    63     0    507
3s2_3d_5s_1De            5.0    3143316.4270    17.6603   1.698E+02    62     0    508
3s_3p2(2De)5g_3Ge       27.0    3146882.7018    17.5534   1.708E+02    61     0    509
3s_3p2(2De)5f_1Po        3.0    3148378.2368    17.5085   1.712E+02    64     0    510
3s_3p2(2De)5g_1Ge        9.0    3149835.4237    17.4648   1.717E+02    62     0    511
3s_3p2(2De)5g_3Fe       21.0    3153465.6108    17.3560   1.727E+02    61     0    512
3s_3p2(2Se)5d_3De       15.0    3156073.2100    17.2778   1.735E+02    61     0    513
3s_3p2(2De)5g_1Fe        7.0    3156610.0681    17.2617   1.737E+02    62     0    514
3s_3p2(2Se)5d_1De        5.0    3159409.4027    17.1778   1.745E+02    62     0    515
3s_3p2(2De)5g_3De       15.0    3161646.3126    17.1108   1.752E+02    61     0    516
3s_3p2(2De)5g_1De        5.0    3165468.2350    16.9962   1.764E+02    62     0    517
3s2_3p_7s_3Po            9.0    3166912.6405    16.9529   1.768E+02    63     0    518
3s2_3p_7s_1Po            3.0    3168945.0336    16.8920   1.775E+02    64     0    519
3s2_3p_7p_1Pe            3.0    3182238.6747    16.4934   1.818E+02    62     0    520
3s2_3p_7p_3Pe            9.0    3184577.8449    16.4233   1.825E+02    61     0    521
3s2_3p_7p_3De           15.0    3185025.2266    16.4099   1.827E+02    61     0    522
3s2_3p_7p_1De            5.0    3188719.3247    16.2991   1.839E+02    62     0    523
3s2_3p_7p_3Se            3.0    3190559.9836    16.2440   1.846E+02    61     0    524
3s_3p2(2Pe)5d_3Fe       21.0    3190777.2831    16.2374   1.846E+02    61     0    525
3s_3p2(2Pe)5d_1Fe        7.0    3194215.7348    16.1344   1.858E+02    62     0    526
3s2_3p_7p_1Se            1.0    3195506.7517    16.0957   1.863E+02    62     0    527
3s_3p2(2Pe)5d_1Pe        3.0    3196286.4747    16.0723   1.865E+02    62     0    528
3s_3p2(2Pe)5d_3Pe        9.0    3196286.4747    16.0723   1.865E+02    61     0    529
3s_3p2(2Pe)5d_3De       15.0    3202358.0898    15.8903   1.887E+02    61     0    530
3s2_3d_5p_3Do           15.0    3203687.4535    15.8504   1.891E+02    63     0    531
3s2_3d_5p_1Do            5.0    3203725.8003    15.8493   1.892E+02    64     0    532
3s2_3d_5p_3Fo           21.0    3206346.1822    15.7707   1.901E+02    63     0    533
3s2_3d_5p_1Fo            7.0    3207841.7172    15.7259   1.906E+02    64     0    534
3s_3p2(2Pe)5d_1De        5.0    3207892.8468    15.7243   1.907E+02    62     0    535
3s_3p2(2Se)5f_3Fo       21.0    3210257.5811    15.6534   1.915E+02    63     0    536
3s2_3d_5p_3Po            9.0    3214105.0677    15.5381   1.929E+02    63     0    537
3s2_3d_5p_1Po            3.0    3214603.5789    15.5231   1.931E+02    64     0    538
3s_3p2(2Se)5f_1Fo        7.0    3217223.9595    15.4446   1.941E+02    64     0    539
3s2_3p_7d_1Do            5.0    3218476.6296    15.4070   1.946E+02    64     0    540
3s_3p2(4Pe)6s_5Pe       15.0    3219921.0351    15.3637   1.951E+02    65     0    541
3s2_3p_7d_3Do           15.0    3220854.1466    15.3358   1.955E+02    63     0    542
3s2_3p_7d_3Fo           21.0    3221250.3988    15.3239   1.956E+02    63     0    543
3s2_3p_7d_3Po            9.0    3222132.3809    15.2974   1.960E+02    63     0    544
3s_3p2(4Pe)6s_3Pe        9.0    3226938.5444    15.1534   1.978E+02    61     0    545
3s2_3p_7d_1Fo            7.0    3228382.9499    15.1101   1.984E+02    64     0    546
3s2_3p_7d_1Po            3.0    3229763.4431    15.0687   1.990E+02    64     0    547
3s_3p2(2Se)5g_3Ge       27.0    3232920.6831    14.9740   2.002E+02    61     0    548
3s_3p2(2Se)5g_1Ge        9.0    3234850.8171    14.9161   2.010E+02    62     0    549
3s_3p2(2Pe)5f_3Go       27.0    3236998.2519    14.8518   2.019E+02    63     0    550
3s2_3p_7f_1Fe            7.0    3237982.4917    14.8223   2.023E+02    62     0    551
3s2_3p_7f_3Fe           21.0    3238928.3859    14.7939   2.026E+02    66     0    552
3s2_3p_7f_3Ge           27.0    3239171.2508    14.7866   2.027E+02    66     0    553
3s2_3p_7g_1Go            9.0    3239465.2440    14.7778   2.029E+02    64     0    554
3s2_3p_7f_3De           15.0    3241011.9085    14.7314   2.035E+02    66     0    555
3s2_3p_7f_1Ge            9.0    3243632.2904    14.6529   2.046E+02    62     0    556
3s2_3p_7f_1De            5.0    3243913.5022    14.6445   2.047E+02    62     0    557
3s2_3p_7g_3Fo           21.0    3244552.6193    14.6253   2.050E+02    63     0    558
3s_3p2(4Pe)6p_3So        3.0    3246380.4942    14.5705   2.058E+02    63     0    559
3s2_3p_7g_1Fo            7.0    3247773.7702    14.5287   2.063E+02    64     0    560
3s_3p2(2Pe)5f_1Do        5.0    3248911.3998    14.4946   2.068E+02    64     0    561
3s_3p2(2Pe)5f_3Do       15.0    3249703.9055    14.4709   2.072E+02    63     0    562
3s2_3p_7g_3Go           27.0    3252835.5801    14.3770   2.085E+02    63     0    563
3s_3p2(4Pe)6p_5So        5.0    3255021.3617    14.3115   2.095E+02    67     0    564
3s_3p2(4Pe)6p_5Do       25.0    3255468.7434    14.2980   2.097E+02    67     0    565
3s_3p2(2Pe)5f_3Fo       21.0    3257181.5779    14.2467   2.104E+02    63     0    566
3s_3p2(4Pe)6p_5Po       15.0    3258421.4666    14.2095   2.110E+02    67     0    567
3s_3p2(2Pe)5f_1Go        9.0    3258843.2829    14.1969   2.112E+02    64     0    568
3s_3p2(4Pe)6p_3Do       15.0    3260313.2538    14.1528   2.118E+02    63     0    569
3s_3p2(4Pe)6p_3Po        9.0    3266346.5220    13.9719   2.146E+02    63     0    570
3s_3p2(2Pe)5f_1Fo        7.0    3268084.9206    13.9198   2.154E+02    64     0    571
3s_3p2(2Pe)5g_1Fe        7.0    3268123.2674    13.9187   2.154E+02    62     0    572
3s_3p2(2Pe)5g_3Fe       21.0    3268199.9624    13.9164   2.154E+02    66     0    573
3s_3p2(2Pe)5g_3Ge       27.0    3275831.0234    13.6876   2.190E+02    66     0    574
3p3(2Do)5s_3Do          15.0    3277134.8230    13.6485   2.197E+02    63     0    575
3s_3p2(2Pe)5g_1Ge        9.0    3277594.9874    13.6347   2.199E+02    62     0    576
3p3(2Do)5s_1Do           5.0    3280266.4975    13.5546   2.212E+02    64     0    577
3p3(4So)5s_5So           5.0    3285622.3018    13.3941   2.238E+02    67     0    578
3s2_3d_5d_1Fe            7.0    3289597.6116    13.2749   2.258E+02    62     0    579
3s2_3d_5d_3De           15.0    3292217.9923    13.1963   2.272E+02    66     0    580
3s2_3d_5d_3Ge           27.0    3293687.9631    13.1523   2.279E+02    66     0    581
3s2_3d_5d_1Pe            3.0    3294953.4146    13.1143   2.286E+02    68     0    582
3s2_3d_5d_3Se            3.0    3299107.6784    12.9898   2.308E+02    66     0    583
3s2_3d_5d_3Fe           21.0    3299746.7955    12.9706   2.311E+02    66     0    584
3p3(4So)5s_3So           3.0    3301063.3778    12.9311   2.318E+02    63     0    585
3s_3p2(4Pe)6d_5Pe       15.0    3303645.4116    12.8537   2.332E+02    65     0    586
3s_3p2(4Pe)6d_3Pe        9.0    3304003.3170    12.8430   2.334E+02    66     0    587
3s2_3d_5d_1De            5.0    3305907.8869    12.7859   2.345E+02    68     0    588
3s_3p2(4Pe)6d_5Fe       35.0    3306674.8284    12.7629   2.349E+02    65     0    589
3s2_3d_5d_3Pe            9.0    3307301.1628    12.7441   2.352E+02    66     0    590
3s2_3p_8s_3Po            9.0    3308426.0097    12.7104   2.359E+02    63     0    591
3s_3p2(2De)6s_3De       15.0    3308502.7034    12.7081   2.359E+02    66     0    592
3s_3p2(4Pe)6d_3Fe       21.0    3309359.1213    12.6824   2.364E+02    66     0    593
3s2_3d_5d_1Ge            9.0    3309499.7271    12.6782   2.365E+02    68     0    594
3s2_3p_8s_1Po            3.0    3309576.4208    12.6759   2.365E+02    64     0    595
3s_3p2(4Pe)6d_5De       25.0    3310164.4084    12.6583   2.368E+02    65     0    596
3s_3p2(2De)6s_1De        5.0    3313040.4366    12.5721   2.385E+02    68     0    597
3s_3p2(4Pe)6d_3De       15.0    3314778.8365    12.5200   2.395E+02    66     0    598
3s2_3d_5d_1Se            1.0    3316555.5820    12.4667   2.405E+02    68     0    599
3s2_3p_8p_1Pe            3.0    3322154.2512    12.2989   2.438E+02    68     0    600
3s2_3p_8p_3De           15.0    3324046.0384    12.2421   2.449E+02    66     0    601
3s2_3p_8p_3Pe            9.0    3325068.6263    12.2115   2.455E+02    66     0    602
3s2_3p_8p_3Se            3.0    3325490.4439    12.1988   2.458E+02    66     0    603
3s2_3p_8p_1De            5.0    3326807.0249    12.1594   2.466E+02    68     0    604
3s_3p2(4Pe)6f_5Go       45.0    3335703.5387    11.8927   2.521E+02    67     0    605
3p3(2Do)5p_1Pe           3.0    3337199.0737    11.8478   2.530E+02    68     0    606
3s2_3p_8p_1Se            1.0    3337569.7617    11.8367   2.533E+02    68     0    607
3s_3p2(4Pe)6f_5Do       25.0    3337697.5849    11.8329   2.534E+02    67     0    608
3p3(2Do)5p_3De          15.0    3337850.9735    11.8283   2.535E+02    66     0    609
3p3(2Do)5p_3Fe          21.0    3339244.2494    11.7865   2.544E+02    66     0    610
3s_3p2(4Pe)6f_5Fo       35.0    3339525.4611    11.7781   2.545E+02    67     0    611
3s_3p2(4Pe)6f_3Do       15.0    3340650.3081    11.7444   2.553E+02    63     0    612
3p3(2Do)5p_1Fe           7.0    3341161.6020    11.7290   2.556E+02    68     0    613
3s2_3p_8d_3Fo           21.0    3341238.2956    11.7267   2.556E+02    63     0    614
3s2_3p_8d_1Do            5.0    3341519.5074    11.7183   2.558E+02    64     0    615
3s2_3p_8d_3Do           15.0    3342018.0186    11.7034   2.562E+02    63     0    616
3s2_3p_8d_3Po            9.0    3342721.0479    11.6823   2.566E+02    63     0    617
3p3(2Do)5p_3Pe           9.0    3342836.0884    11.6788   2.567E+02    66     0    618
3s_3p2(4Pe)6f_3Go       27.0    3343193.9951    11.6681   2.569E+02    63     0    619
3s2_3p_8d_1Po            3.0    3343398.5119    11.6620   2.571E+02    64     0    620
3s2_3p_8d_1Fo            7.0    3344408.3170    11.6317   2.577E+02    64     0    621
3s2_3d_5f_1Go            9.0    3344574.4883    11.6267   2.578E+02    64     0    622
3s_3p2(2De)6p_3Do       15.0    3346095.5874    11.5811   2.589E+02    63     0    623
3s_3p2(2De)6p_1Po        3.0    3346709.1404    11.5627   2.593E+02    64     0    624
3s_3p2(2De)6p_3Fo       21.0    3346964.7867    11.5551   2.594E+02    63     0    625
3p3(4So)5p_5Pe          15.0    3347833.9873    11.5290   2.600E+02    65     0    626
3s_3p2(2De)6p_1Fo        7.0    3348690.4040    11.5033   2.606E+02    64     0    627
3s_3p2(2De)6p_3Po        9.0    3348907.7035    11.4968   2.608E+02    63     0    628
3s_3p2(4Pe)6f_3Fo       21.0    3349342.3038    11.4838   2.611E+02    63     0    629
3s_3p2(4Pe)6g_5Fe       35.0    3349738.5572    11.4719   2.613E+02    65     0    630
3s_3p2(2De)6p_1Do        5.0    3349764.1214    11.4711   2.613E+02    64     0    631
3s2_3d_5f_3Fo           21.0    3350339.3275    11.4539   2.617E+02    63     0    632
3s_3p2(4Pe)6g_3Fe       21.0    3351004.0087    11.4340   2.622E+02    66     0    633
3s_3p2(4Pe)6g_5Ge       45.0    3352946.9255    11.3757   2.635E+02    65     0    634
3s2_3d_5f_3Go           27.0    3354007.8602    11.3439   2.643E+02    63     0    635
3s2_3d_5f_1Do            5.0    3354685.3254    11.3236   2.648E+02    64     0    636
3s2_3p_8f_1Fe            7.0    3354813.1485    11.3198   2.648E+02    68     0    637
3s_3p2(4Pe)6g_3Ge       27.0    3355056.0134    11.3125   2.650E+02    66     0    638
3s2_3p_8f_3Fe           21.0    3355554.5247    11.2975   2.654E+02    66     0    639
3s2_3p_8f_3Ge           27.0    3356116.9481    11.2807   2.658E+02    66     0    640
3s2_3p_8f_3De           15.0    3356756.0652    11.2615   2.662E+02    66     0    641
3s2_3p_8f_1Ge            9.0    3358404.9888    11.2121   2.674E+02    68     0    642
3s2_3p_8f_1De            5.0    3358532.8120    11.2083   2.675E+02    68     0    643
3s2_3d_5f_1Fo            7.0    3358609.5056    11.2060   2.675E+02    64     0    644
3p3(2Do)5p_1De           5.0    3359197.4932    11.1883   2.680E+02    68     0    645
3s2_3d_5f_3Do           15.0    3361127.6285    11.1305   2.693E+02    63     0    646
3s2_3p_8g_1Go            9.0    3361268.2343    11.1263   2.694E+02    64     0    647
3s2_3p_8g_3Fo           21.0    3362866.0271    11.0783   2.706E+02    63     0    648
3s2_3d_5f_3Po            9.0    3362968.2862    11.0753   2.707E+02    63     0    649
3s2_3p_8g_3Go           27.0    3364144.2626    11.0400   2.716E+02    63     0    650
3p3(4So)5p_3Pe           9.0    3364310.4326    11.0350   2.717E+02    66     0    651
3p3(2Po)5s_3Po           9.0    3365524.7558    10.9986   2.726E+02    63     0    652
3s2_3p_8g_1Fo            7.0    3367148.1140    10.9500   2.738E+02    64     0    653
3s2_3d_5g_3Ge           27.0    3370471.5240    10.8503   2.763E+02    66     0    654
3s2_3d_5g_1Ge            9.0    3372261.0534    10.7967   2.777E+02    68     0    655
3s2_3d_5g_1Fe            7.0    3372708.4351    10.7833   2.780E+02    68     0    656
3s2_3d_5g_3Fe           21.0    3373168.5995    10.7695   2.784E+02    66     0    657
3p3(2Po)5s_1Po           3.0    3373437.0286    10.7614   2.786E+02    64     0    658
3s2_3d_5f_1Po            3.0    3375418.2934    10.7020   2.801E+02    64     0    659
3s2_3d_5g_3De           15.0    3378575.5321    10.6074   2.826E+02    66     0    660
3s2_3d_5g_1De            5.0    3380301.1493    10.5557   2.840E+02    68     0    661
3s_3p2(2Se)6s_3Se        3.0    3387893.8635    10.3280   2.903E+02    66     0    662
3s_3p2(2Se)6s_1Se        1.0    3392201.5145    10.1989   2.939E+02    68     0    663
3s_3p2(2De)6d_3Fe       21.0    3395563.2725    10.0981   2.969E+02    66     0    664
3s_3p2(2De)6d_3De       15.0    3396010.6543    10.0847   2.973E+02    66     0    665
3s_3p2(2De)6d_1Pe        3.0    3396342.9955    10.0747   2.976E+02    68     0    666
3s_3p2(2De)6d_1Fe        7.0    3397109.9371    10.0517   2.982E+02    68     0    667
3s_3p2(2De)6d_3Ge       27.0    3398017.4832    10.0245   2.991E+02    66     0    668
3s_3p2(2De)6d_1De        5.0    3398439.3008    10.0119   2.994E+02    68     0    669
3s_3p2(2De)6d_3Pe        9.0    3399052.8538     9.9935   3.000E+02    66     0    670
3s_3p2(2De)6d_1Ge        9.0    3400101.0058     9.9621   3.009E+02    68     0    671
3s2_3p_9s_3Po            9.0    3402274.0047     9.8969   3.029E+02    69     0    672
3s_3p2(2De)6d_3Se        3.0    3402593.5633     9.8873   3.032E+02    66     0    673
3s2_3p_9s_1Po            3.0    3402810.8640     9.8808   3.034E+02    70     0    674
3s_3p2(2De)6d_1Se        1.0    3407808.7617     9.7310   3.081E+02    68     0    675
3s2_3p_9p_1Pe            3.0    3411196.0839     9.6295   3.113E+02    68     0    676
3s2_3p_9p_3De           15.0    3412563.7944     9.5884   3.127E+02    66     0    677
3s2_3p_9p_3Pe            9.0    3412602.1413     9.5873   3.127E+02    66     0    678
3s2_3p_9p_1De            5.0    3414059.3294     9.5436   3.141E+02    68     0    679
3s2_3p_9p_3Se            3.0    3414608.9702     9.5271   3.147E+02    66     0    680
3s2_3p_9p_1Se            1.0    3416526.3228     9.4697   3.166E+02    68     0    681
3s_3p2(2Pe)6s_3Pe        9.0    3425141.6248     9.2114   3.255E+02    66     0    682
3s2_3p_9d_3Do           15.0    3425243.8839     9.2083   3.256E+02    69     0    683
3s2_3p_9d_3Po            9.0    3425435.6180     9.2026   3.258E+02    69     0    684
3s2_3p_9d_1Do            5.0    3425486.7475     9.2010   3.258E+02    70     0    685
3s_3p2(2De)6f_3Go       27.0    3425512.3129     9.2003   3.259E+02    69     0    686
3s_3p2(2De)6f_3Fo       21.0    3425767.9592     9.1926   3.261E+02    69     0    687
3s2_3p_9d_1Po            3.0    3426522.1181     9.1700   3.269E+02    70     0    688
3s2_3p_9d_3Fo           21.0    3426867.2420     9.1596   3.273E+02    69     0    689
3s_3p2(2De)6f_1Go        9.0    3426905.5889     9.1585   3.273E+02    70     0    690
3s2_3p_9d_1Fo            7.0    3427429.6642     9.1428   3.279E+02    70     0    691
3p3(2Po)5p_3De          15.0    3427506.3591     9.1405   3.280E+02    66     0    692
3p3(2Po)5p_1Pe           3.0    3429385.3636     9.0842   3.300E+02    68     0    693
3s_3p2(2Se)6p_3Po        9.0    3429679.3581     9.0753   3.303E+02    69     0    694
3s_3p2(2De)6f_1Fo        7.0    3429756.0517     9.0730   3.304E+02    70     0    695
3p3(2Do)5d_1So           1.0    3430075.6103     9.0635   3.308E+02    70     0    696
3p3(2Do)5d_3Do          15.0    3430433.5169     9.0527   3.312E+02    69     0    697
3p3(2Po)5p_3Se           3.0    3430638.0337     9.0466   3.314E+02    66     0    698
3p3(2Do)5d_3Go          27.0    3430829.7691     9.0408   3.316E+02    69     0    699
3p3(2Do)5d_1Po           3.0    3431174.8931     9.0305   3.320E+02    70     0    700
3p3(2Do)5d_3Fo          21.0    3431520.0157     9.0202   3.324E+02    69     0    701
3p3(2Do)5d_3So           3.0    3432005.7455     9.0056   3.329E+02    69     0    702
3s_3p2(2De)6f_3Do       15.0    3432018.5270     9.0052   3.329E+02    69     0    703
3p3(2Do)5d_3Po           9.0    3432529.8209     8.9899   3.335E+02    69     0    704
3p3(2Do)5d_1Go           9.0    3432542.6036     8.9895   3.335E+02    70     0    705
3s_3p2(2De)6f_1Do        5.0    3432951.6385     8.9772   3.339E+02    70     0    706
3s_3p2(2Se)6p_1Po        3.0    3433207.2861     8.9696   3.342E+02    70     0    707
3s2_3p_9f_1Fe            7.0    3434690.0384     8.9251   3.359E+02    68     0    708
3p3(2Po)5p_1De           5.0    3434907.3379     8.9186   3.361E+02    68     0    709
3s2_3p_9f_3Fe           21.0    3435150.2028     8.9113   3.364E+02    66     0    710
3s2_3p_9f_3Ge           27.0    3435290.8087     8.9071   3.366E+02    66     0    711
3s_3p2(2De)6f_3Po        9.0    3435469.7614     8.9017   3.368E+02    69     0    712
3s2_3p_9f_3De           15.0    3436057.7490     8.8841   3.374E+02    66     0    713
3s2_3p_9f_1Ge            9.0    3436901.3842     8.8588   3.384E+02    68     0    714
3s2_3p_9f_1De            5.0    3437169.8132     8.8508   3.387E+02    68     0    715
3p3(4So)5d_5Do          25.0    3437284.8549     8.8473   3.389E+02    67     0    716
3p3(2Do)5d_1Do           5.0    3437681.1071     8.8355   3.393E+02    70     0    717
3s_3p2(2De)6g_3Ge       27.0    3438115.7074     8.8224   3.398E+02    66     0    718
3s_3p2(2Pe)6s_1Pe        3.0    3438179.6196     8.8205   3.399E+02    68     0    719
3p3(2Do)5d_1Fo           7.0    3438550.3077     8.8094   3.403E+02    70     0    720
3s2_3p_9g_1Go            9.0    3438742.0418     8.8036   3.405E+02    70     0    721
3s_3p2(2De)6f_1Po        3.0    3438997.6894     8.7960   3.408E+02    70     0    722
3s2_3p_9g_3Go           27.0    3439036.0363     8.7948   3.409E+02    69     0    723
3p3(2Po)5p_3Pe           9.0    3439099.9485     8.7929   3.409E+02    66     0    724
3s_3p2(2De)6g_1Ge        9.0    3439163.8594     8.7910   3.410E+02    68     0    725
3s2_3p_9g_3Fo           21.0    3439802.9778     8.7718   3.418E+02    69     0    726
3s2_3p_9g_1Fo            7.0    3440582.7008     8.7485   3.427E+02    70     0    727
3s_3p2(2De)6g_3Fe       21.0    3440953.3888     8.7373   3.431E+02    66     0    728
3s_3p2(2De)6g_1Fe        7.0    3441643.6355     8.7167   3.439E+02    68     0    729
3p3(4So)5d_3Do          15.0    3443445.9463     8.6626   3.461E+02    69     0    730
3s_3p2(2De)6g_3De       15.0    3444404.6220     8.6339   3.472E+02    66     0    731
3s_3p2(2De)6g_1De        5.0    3445312.1694     8.6067   3.483E+02    68     0    732
3s_3p2(4Pe)7s_5Pe       15.0    3446564.8395     8.5691   3.499E+02    65     0    733
3s_3p2(4Pe)7s_3Pe        9.0    3450923.6200     8.4384   3.553E+02    66     0    734
3p3(2Po)5p_1Se           1.0    3456471.1584     8.2721   3.624E+02    68     0    735
3s_3p2(2Pe)6p_1So        1.0    3462862.3320     8.0805   3.710E+02    70     0    736
3s_3p2(2Pe)6p_3Do       15.0    3465572.1903     7.9993   3.748E+02    69     0    737
3s2_3p10s_3Po            9.0    3465674.4481     7.9962   3.749E+02    69     0    738
3s_3p2(4Pe)7p_3So        3.0    3465674.4481     7.9962   3.749E+02    69     0    739
3s2_3p10s_1Po            3.0    3466888.7713     7.9598   3.766E+02    70     0    740
3s_3p2(4Pe)7p_5Do       25.0    3468959.5125     7.8977   3.796E+02    67     0    741
3s_3p2(2Pe)6p_1Do        5.0    3469394.1115     7.8847   3.802E+02    70     0    742
3s_3p2(4Pe)7p_5Po       15.0    3469585.8469     7.8790   3.805E+02    67     0    743
3s_3p2(4Pe)7p_5So        5.0    3469700.8886     7.8755   3.807E+02    67     0    744
3s_3p2(2Pe)6p_3So        3.0    3471490.4168     7.8219   3.833E+02    69     0    745
3s_3p2(2Pe)6p_3Po        9.0    3471746.0631     7.8142   3.837E+02    69     0    746
3s_3p2(4Pe)7p_3Do       15.0    3473177.6872     7.7713   3.858E+02    69     0    747
3s_3p2(4Pe)7p_3Po        9.0    3474788.2626     7.7230   3.882E+02    69     0    748
3s2_3p10p_3De           15.0    3474826.6094     7.7219   3.882E+02    66     0    749
3s2_3p10p_1Pe            3.0    3475350.6861     7.7061   3.890E+02    68     0    750
3s2_3p10p_3Pe            9.0    3476130.4091     7.6828   3.902E+02    66     0    751
3s2_3p10p_1De            5.0    3476194.3200     7.6809   3.903E+02    68     0    752
3s_3p2(2Pe)6p_1Po        3.0    3476398.8381     7.6747   3.906E+02    70     0    753
3s2_3p10p_3Se            3.0    3476411.6208     7.6743   3.906E+02    66     0    754
3s2_3p10p_1Se            1.0    3478150.0194     7.6222   3.933E+02    68     0    755
3s_3p2(2Se)6d_3De       15.0    3480233.5420     7.5598   3.966E+02    66     0    756
3s_3p2(2Se)6d_1De        5.0    3481959.1592     7.5080   3.993E+02    68     0    757
3p3(2Do)5f_3Ge          27.0    3482981.7471     7.4774   4.009E+02    66     0    758
3p3(2Do)5f_3Fe          21.0    3483761.4700     7.4540   4.022E+02    66     0    759
3s2_3p10d_3Fo           21.0    3485819.4285     7.3923   4.055E+02    69     0    760
3s2_3p10d_3Do           15.0    3486036.7280     7.3858   4.059E+02    69     0    761
3s2_3p10d_1Do            5.0    3486138.9871     7.3827   4.061E+02    70     0    762
3s2_3p10d_1Fo            7.0    3486177.3339     7.3816   4.061E+02    70     0    763
3p3(2Do)5f_1Pe           3.0    3486522.4578     7.3712   4.067E+02    68     0    764
3s2_3p10d_3Po            9.0    3486778.1042     7.3636   4.071E+02    69     0    765
3p3(4So)5f_5Fe          35.0    3487059.3159     7.3551   4.076E+02    65     0    766
3s2_3p10d_1Po            3.0    3487314.9635     7.3475   4.080E+02    70     0    767
3p3(2Do)5f_3De          15.0    3488107.4679     7.3237   4.093E+02    66     0    768
3p3(2Do)5f_3Pe           9.0    3490663.9376     7.2471   4.137E+02    66     0    769
3p3(2Do)5f_1De           5.0    3491354.1842     7.2264   4.149E+02    68     0    770
3s2_3p10f_1Fe            7.0    3491660.9613     7.2172   4.154E+02    68     0    771
3s2_3p10f_3Fe           21.0    3492006.0840     7.2068   4.160E+02    66     0    772
3s2_3p10f_3Ge           27.0    3492172.2553     7.2018   4.163E+02    66     0    773
3s2_3p10f_3De           15.0    3492913.6314     7.1796   4.176E+02    66     0    774
3s2_3p10f_1Ge            9.0    3493373.7959     7.1658   4.184E+02    68     0    775
3s2_3p10f_1De            5.0    3493974.5661     7.1478   4.194E+02    68     0    776
3s2_3p10g_1Go            9.0    3494370.8183     7.1359   4.201E+02    70     0    777
3s2_3p10g_3Go           27.0    3494524.2069     7.1313   4.204E+02    69     0    778
3s2_3p10g_3Fo           21.0    3495035.5008     7.1160   4.213E+02    69     0    779
3s_3p2(4Pe)7d_5Pe       15.0    3498959.6811     6.9984   4.284E+02    65     0    780
3s_3p2(4Pe)7d_5Fe       35.0    3500825.9042     6.9424   4.318E+02    65     0    781
3s_3p2(4Pe)7d_5De       25.0    3501068.7691     6.9351   4.323E+02    65     0    782
3p3(4So)5g_5Go          45.0    3513838.3336     6.5523   4.575E+02    67     0    783
3s_3p2(4Pe)7f_5Go       45.0    3517698.6029     6.4366   4.658E+02    67     0    784
3s_3p2(4Pe)7f_5Do       25.0    3518094.8551     6.4247   4.666E+02    67     0    785
3s_3p2(4Pe)7f_5Fo       35.0    3519181.3552     6.3921   4.690E+02    67     0    786
3s_3p2(4Pe)7g_5Fe       35.0    3526377.8171     6.1764   4.854E+02    65     0    787
3s_3p2(4Pe)7g_5Ge       45.0    3527400.4050     6.1457   4.878E+02    65     0    788
3s_3p2(4Pe)8s_5Pe       15.0    3587630.8257     4.3401   6.908E+02    71     0    789
3s_3p2(4Pe)8p_3So        3.0    3600425.9556     3.9565   7.577E+02    69     0    790
3s_3p2(4Pe)8p_5Do       25.0    3601844.7970     3.9139   7.660E+02    72     0    791
3s_3p2(4Pe)8p_5So        5.0    3602573.3904     3.8921   7.703E+02    72     0    792
3s_3p2(4Pe)8p_5Po       15.0    3602829.0367     3.8844   7.718E+02    72     0    793
3s_3p2(4Pe)8d_5Pe       15.0    3621810.8234     3.3154   9.042E+02    71     0    794
3s_3p2(4Pe)8d_5Fe       35.0    3622232.6410     3.3027   9.077E+02    71     0    795
3s_3p2(4Pe)8d_5De       25.0    3623434.1816     3.2667   9.177E+02    71     0    796
3s_3p2(4Pe)8f_5Go       45.0    3633954.0535     2.9513   1.016E+03    72     0    797
3s_3p2(4Pe)8f_5Do       25.0    3634644.3002     2.9306   1.023E+03    72     0    798
3s_3p2(4Pe)8f_5Fo       35.0    3635411.2417     2.9076   1.031E+03    72     0    799
3s_3p2(4Pe)8g_5Fe       35.0    3639642.1978     2.7808   1.078E+03    71     0    800
3s_3p2(4Pe)8g_5Ge       45.0    3640805.3916     2.7459   1.092E+03    71     0    801
3s_3p2(2Pe)7p_1So        1.0    3674397.4017     1.7389   1.724E+03    70     0    802
3s_3p2(2Pe)7p_3So        3.0    3675586.1596     1.7032   1.760E+03    69     0    803
3p3(4So)6s_5So           5.0    3675598.9423     1.7029   1.761E+03    72     0    804
3p3(4So)6s_3So           3.0    3681210.3929     1.5346   1.954E+03    69     0    805
3s_3p2(4Pe)9s_5Pe       15.0    3681670.5573     1.5208   1.971E+03    71     0    806
3s_3p2(4Pe)9p_5Do       25.0    3691538.5295     1.2250   2.447E+03    72     0    807
3s_3p2(4Pe)9p_5Po       15.0    3692318.2524     1.2016   2.495E+03    72     0    808
3s_3p2(4Pe)9p_5So        5.0    3692842.3291     1.1859   2.528E+03    72     0    809
3s_3p2(4Pe)9p_3So        3.0    3694619.0745     1.1326   2.647E+03    69     0    810
3s_3p2(4Pe)9d_5Pe       15.0    3704001.3181     0.8514   3.521E+03    71     0    811
3s_3p2(4Pe)9d_5Fe       35.0    3705650.2404     0.8019   3.738E+03    71     0    812
3s_3p2(4Pe)9d_5De       25.0    3706545.0051     0.7751   3.868E+03    71     0    813
3p3(4So)6p_5Pe          15.0    3712821.1382     0.5870   5.108E+03    71     0    814
3s_3p2(4Pe)9f_5Go       45.0    3713856.5075     0.5559   5.393E+03    72     0    815
3s_3p2(4Pe)9f_5Do       25.0    3714316.6720     0.5421   5.530E+03    72     0    816
3s_3p2(4Pe)9f_5Fo       35.0    3714866.3127     0.5256   5.703E+03    72     0    817
3s_3p2(4Pe)9g_5Fe       35.0    3717716.7769     0.4402   6.810E+03    71     0    818
3s_3p2(4Pe)9g_5Ge       45.0    3718598.7589     0.4138   7.246E+03    71     0    819
3s_3p2(4Pe)10s_5P       15.0    3747908.6821    -0.4649  -6.448E+03    73     0    820
3s_3p2(4Pe)10p_5D       25.0    3754159.2499    -0.6523  -4.596E+03    73     0    821
3s_3p2(4Pe)10p_3S        3.0    3754644.9784    -0.6669  -4.495E+03    74     0    822
3p3(2Do)6d_1So           1.0    3754798.3670    -0.6715  -4.465E+03    75     0    823
3s_3p2(4Pe)10p_5S        5.0    3755284.0968    -0.6860  -4.370E+03    73     0    824
3s_3p2(4Pe)10p_5P       15.0    3755309.6609    -0.6868  -4.365E+03    73     0    825
3p3(2Do)6d_3So           3.0    3755897.6485    -0.7044  -4.256E+03    76     0    826
