                                                                                
********************************************************************************
                                                                                
                 Super levels assignmenets for KIX            
                 E%LS=2.0

*********************************************************************************
                                                                                
20-Dec-2019                            !Date
72                                     !Number of energy levels
6                                      !Entry number of link to super level
  
3s_2Se[1/2]         2.0         -0.0000    42.5125   7.052E+01     1     0      1
3p_2Po[1/2]         2.0     166736.5250    37.5138   7.992E+01     2     0      2
3p_2Po[3/2]         4.0     169984.2147    37.4165   8.012E+01     2     0      3
3d_2De[3/2]         4.0     398122.1912    30.5771   9.804E+01     3     0      4
3d_2De[5/2]         6.0     398299.8494    30.5717   9.806E+01     3     0      5
4s_2Se[1/2]         2.0     694271.0330    21.6987   1.382E+02     4     0      6
4p_2Po[1/2]         2.0     758433.1836    19.7752   1.516E+02     5     0      7
4p_2Po[3/2]         4.0     759670.8400    19.7381   1.519E+02     5     0      8
4d_2De[3/2]         4.0     843753.0896    17.2174   1.741E+02     6     0      9
4d_2De[5/2]         6.0     843843.1583    17.2147   1.741E+02     6     0     10
4f_2Fo[5/2]         6.0     867614.4168    16.5020   1.817E+02     7     0     11
4f_2Fo[7/2]         8.0     867650.2362    16.5010   1.817E+02     7     0     12
5s_2Se[1/2]         2.0     979615.8539    13.1443   2.281E+02     8     0     13
5p_2Po[1/2]         2.0    1010614.3893    12.2150   2.454E+02     9     0     14
5p_2Po[3/2]         4.0    1011224.7797    12.1967   2.458E+02     9     0     15
5d_2De[3/2]         4.0    1051685.6814    10.9837   2.729E+02    10     0     16
5d_2De[5/2]         6.0    1051695.6448    10.9834   2.730E+02    10     0     17
5f_2Fo[5/2]         6.0    1064219.4097    10.6080   2.826E+02    11     0     18
5f_2Fo[7/2]         8.0    1064241.8399    10.6073   2.826E+02    11     0     19
5z2Z               18.0    1065250.4029    10.5771   2.834E+02    12     0     20
6s_2Se[1/2]         2.0    1124294.1706     8.8070   3.404E+02    13     0     21
6p_2Po[3/2]         4.0    1141880.8469     8.2797   3.621E+02    14     0     22
6d_2De[5/2]         6.0    1164562.4908     7.5998   3.945E+02    15     0     23
6d_2De[3/2]         4.0    1164575.0076     7.5994   3.945E+02    15     0     24
6f_2Fo[7/2]         8.0    1171848.4606     7.3813   4.061E+02    16     0     25
6z2Z               40.0    1172474.6710     7.3626   4.072E+02    17     0     26
7s_2Se[1/2]         2.0    1207661.3571     6.3077   4.753E+02    18     0     27
7p_2Po[1/2]         2.0    1218223.0350     5.9911   5.004E+02    19     0     28
7p_2Po[3/2]         4.0    1218361.0467     5.9869   5.007E+02    19     0     29
7d_2De[3/2]         4.0    1232354.7537     5.5674   5.385E+02    20     0     30
7d_2De[5/2]         6.0    1232367.3080     5.5670   5.385E+02    20     0     31
7f_2Fo[7/2]         8.0    1236962.6366     5.4293   5.522E+02    19     0     32
7z2Z               66.0    1237374.0056     5.4169   5.534E+02    21     0     33
8s_2Se[1/2]         2.0    1259978.3276     4.7393   6.326E+02    22     0     34
8p_2Po[3/2]         4.0    1266578.2643     4.5414   6.601E+02    23     0     35
8d_2De[3/2]         4.0    1276249.0441     4.2515   7.051E+02    22     0     36
8d_2De[5/2]         6.0    1276261.6225     4.2511   7.052E+02    22     0     37
8f_2Fo[7/2]         8.0    1279318.3914     4.1595   7.207E+02    23     0     38
8z2Z               96.0    1279595.4031     4.1512   7.222E+02    24     0     39
9s_2Se[1/2]         2.0    1295086.7370     3.6867   8.132E+02    25     0     40
9p_2Po[1/2]         2.0    1299795.4362     3.5456   8.455E+02    26     0     41
9p_2Po[3/2]         4.0    1299870.9848     3.5433   8.461E+02    26     0     42
9d_2De[3/2]         4.0    1306192.7603     3.3538   8.939E+02    25     0     43
9d_2De[5/2]         6.0    1306243.1400     3.3523   8.943E+02    25     0     44
9f_2Fo[7/2]         8.0    1308459.9573     3.2858   9.124E+02    26     0     45
9z2Z              130.0    1308587.3897     3.2820   9.134E+02    27     0     46
10s_2Se[1/2]        2.0    1309303.9156     3.2605   9.195E+02    25     0     47
10p_2Po[3/2]        4.0    1323050.9537     2.8484   1.052E+03    26     0     48
10d_2De[3/2]        4.0    1327588.9062     2.7123   1.105E+03    28     0     49
10d_2De[5/2]        6.0    1327651.9397     2.7105   1.106E+03    28     0     50
10f_2Fo[7/2]        8.0    1329164.7940     2.6651   1.125E+03    29     0     51
10z2Z             168.0    1329347.7119     2.6596   1.127E+03    27     0     52
11w2W             242.0    1344720.0943     2.1988   1.363E+03    30     0     53
12w2W             288.0    1356418.9373     1.8480   1.622E+03    30     0     54
13w2W             338.0    1365527.5044     1.5750   1.903E+03    30     0     55
14w2W             392.0    1372757.4374     1.3582   2.207E+03    31     0     56
15w2W             450.0    1378591.8318     1.1833   2.533E+03    31     0     57
16w2W             512.0    1383367.9546     1.0401   2.882E+03    31     0     58
17w2W             578.0    1387327.0377     0.9214   3.254E+03    31     0     59
18w2W             648.0    1390645.3112     0.8220   3.647E+03    31     0     60
19w2W             722.0    1393453.9385     0.7378   4.064E+03    31     0     61
20w2W             800.0    1395852.1693     0.6659   4.502E+03    31     0     62
21w2W             882.0    1397916.2221     0.6040   4.964E+03    31     0     63
22w2W             968.0    1399705.4112     0.5503   5.447E+03    31     0     64
23w2W            1058.0    1401266.4536     0.5035   5.954E+03    32     0     65
24w2W            1152.0    1402636.5480     0.4625   6.482E+03    32     0     66
25w2W            1250.0    1403845.6101     0.4262   7.034E+03    32     0     67
26w2W            1352.0    1404917.9190     0.3941   7.607E+03    32     0     68
27w2W            1458.0    1405873.3452     0.3654   8.204E+03    32     0     69
28w2W            1568.0    1406728.2772     0.3398   8.822E+03    32     0     70
29w2W            1682.0    1407496.3291     0.3168   9.464E+03    32     0     71
30w2W            1800.0    1408188.8853     0.2960   1.013E+04    32     0     72
