********************************************************************************
                                                                                
                 Super level assignments for S X.
                 LS.
 
                             g          E(cm^-1)     10^15 Hz      eV        Lam
********************************************************************************
                                                                                
17-Jun-2014                                      !Format date                   
06-Sep-2018                            !Date
72                                     !Number of energy levels
6                                      !Entry number of link to super level
  
2s2_2p3_4So[2]               4.0         -0.0000   108.2641   2.769E+01     1     0      1
2s2_2p3_2Do[2]               4.0      87379.1320   105.6445   2.838E+01     2     0      2
2s2_2p3_2Do[3]               6.0      88655.9400   105.6062   2.839E+01     2     0      3
2s2_2p3_2Po[1]               2.0     131074.0050   104.3346   2.873E+01     3     0      4
2s2_2p3_2Po[2]               4.0     132991.9310   104.2771   2.875E+01     3     0      5
2s_2p4_4Pe[3]                6.0     383575.9330    96.7647   3.098E+01     4     0      6
2s_2p4_4Pe[2]                4.0     390748.0020    96.5497   3.105E+01     4     0      7
2s_2p4_4Pe[1]                2.0     394415.1160    96.4398   3.109E+01     4     0      8
2s_2p4_2De[2]                4.0     534846.3380    92.2298   3.250E+01     5     0      9
2s_2p4_2De[3]                6.0     535109.4270    92.2219   3.251E+01     5     0     10
2s_2p4_2Se[1]                2.0     624015.5280    89.5565   3.348E+01     6     0     11
2s_2p4_2Pe[2]                4.0     655301.4730    88.6186   3.383E+01     7     0     12
2s_2p4_2Pe[1]                2.0     664409.3820    88.3456   3.393E+01     7     0     13
2p5_2Po[2]                   4.0    1019015.9360    77.7147   3.858E+01     8     0     14
2p5_2Po[1]                   2.0    1030584.2410    77.3679   3.875E+01     8     0     15
2s2_2p2(3Pe)3s_4Pe[1]        2.0    2084563.5900    45.7704   6.550E+01     9     0     16
2s2_2p2(3Pe)3s_4Pe[2]        4.0    2089165.6670    45.6324   6.570E+01     9     0     17
2s2_2p2(3Pe)3s_4Pe[3]        6.0    2095757.0530    45.4348   6.598E+01     9     0     18
2s2_2p2(3Pe)3s_2Pe[1]        2.0    2111834.4940    44.9528   6.669E+01    10     0     19
2s2_2p2(3Pe)3s_2Pe[2]        4.0    2119701.3090    44.7170   6.704E+01    10     0     20
2s2_2p2(1De)3s_2De[3]        6.0    2160516.7690    43.4934   6.893E+01    11     0     21
2s2_2p2(1De)3s_2De[2]        4.0    2160785.6450    43.4853   6.894E+01    11     0     22
2s2_2p2(3Pe)3p_2So[1]        2.0    2181259.0230    42.8715   6.993E+01    12     0     23
2s2_2p2(3Pe)3p_4Do[1]        2.0    2189247.2670    42.6321   7.032E+01    13     0     24
2s2_2p2(3Pe)3p_4Do[2]        4.0    2191657.0180    42.5598   7.044E+01    13     0     25
2s2_2p2(3Pe)3p_4Do[3]        6.0    2196044.8820    42.4283   7.066E+01    13     0     26
2s2_2p2(3Pe)3p_4Po[1]        2.0    2201886.8200    42.2531   7.095E+01    14     0     27
2s2_2p2(3Pe)3p_4Do[4]        8.0    2201963.5860    42.2508   7.096E+01    13     0     28
2s2_2p2(3Pe)3p_4Po[2]        4.0    2202876.4590    42.2235   7.100E+01    14     0     29
2s2_2p2(3Pe)3p_4Po[3]        6.0    2206847.4600    42.1044   7.120E+01    14     0     30
2s2_2p2(3Pe)3p_2Do[2]        4.0    2216700.9040    41.8090   7.171E+01    15     0     31
2s2_2p2(1Se)3s_2Se[1]        2.0    2220658.9880    41.6904   7.191E+01    16     0     32
2s2_2p2(3Pe)3p_4So[2]        4.0    2223917.5080    41.5927   7.208E+01    17     0     33
2s2_2p2(3Pe)3p_2Do[3]        6.0    2224899.7350    41.5632   7.213E+01    15     0     34
2s2_2p2(3Pe)3p_2Po[1]        2.0    2235733.3400    41.2385   7.270E+01    18     0     35
2s2_2p2(3Pe)3p_2Po[2]        4.0    2235937.6550    41.2323   7.271E+01    18     0     36
2s2_2p2(1De)3p_2Fo[3]        6.0    2269049.7190    40.2397   7.450E+01    19     0     37
2s2_2p2(1De)3p_2Fo[4]        8.0    2271052.9070    40.1796   7.461E+01    19     0     38
2s2_2p2(1De)3p_2Do[2]        4.0    2293030.2980    39.5207   7.586E+01    20     0     39
2s2_2p2(1De)3p_2Do[3]        6.0    2293396.6480    39.5097   7.588E+01    20     0     40
2s2_2p2(1De)3p_2Po[1]        2.0    2306975.8120    39.1027   7.667E+01    21     0     41
2s2_2p2(1De)3p_2Po[2]        4.0    2312500.3070    38.9370   7.699E+01    21     0     42
2s2_2p2(3Pe)3d_4Fe[2]        4.0    2316802.1510    38.8081   7.725E+01    22     0     43
2s2_2p2(3Pe)3d_4Fe[3]        6.0    2319155.9200    38.7375   7.739E+01    22     0     44
2s2_2p2(3Pe)3d_4Fe[4]        8.0    2322696.5910    38.6314   7.760E+01    22     0     45
2s2_2p2(3Pe)3d_4Fe[5]       10.0    2327537.3890    38.4862   7.790E+01    22     0     46
2s2_2p2(3Pe)3d_4De[2]        4.0    2330331.5610    38.4025   7.807E+01    23     0     47
2s2_2p2(3Pe)3d_4De[1]        2.0    2331036.8230    38.3813   7.811E+01    23     0     48
2s2_2p2(3Pe)3d_4De[3]        6.0    2333552.5530    38.3059   7.826E+01    23     0     49
2s2_2p2(3Pe)3d_2Pe[2]        4.0    2335484.0880    38.2480   7.838E+01    24     0     50
2s2_2p2(3Pe)3d_4De[4]        8.0    2336049.8390    38.2310   7.842E+01    23     0     51
2s2_2p2(1Se)3p_2Po[2]        4.0    2340354.3810    38.1020   7.868E+01    25     0     52
2s2_2p2(1Se)3p_2Po[1]        2.0    2340720.3290    38.0910   7.870E+01    25     0     53
2s2_2p2(3Pe)3d_2Pe[1]        2.0    2341244.9640    38.0753   7.874E+01    24     0     54
2s2_2p2(3Pe)3d_2Fe[3]        6.0    2343958.5180    37.9939   7.891E+01    26     0     55
2s2_2p2(3Pe)3d_4Pe[3]        6.0    2349645.0830    37.8235   7.926E+01    27     0     56
2s2_2p2(3Pe)3d_4Pe[2]        4.0    2352307.6730    37.7436   7.943E+01    27     0     57
2s2_2p2(3Pe)3d_2Fe[4]        8.0    2352481.6100    37.7384   7.944E+01    26     0     58
2s2_2p2(3Pe)3d_4Pe[1]        2.0    2353669.7020    37.7028   7.951E+01    27     0     59
2s2_2p2(3Pe)3d_2De[2]        4.0    2380832.7280    36.8885   8.127E+01    28     0     60
2s2_2p2(3Pe)3d_2De[3]        6.0    2382896.1940    36.8266   8.141E+01    28     0     61
2s2_2p2(1De)3d_2Ge[4]        8.0    2398873.4810    36.3476   8.248E+01    29     0     62
2s2_2p2(1De)3d_2Ge[5]       10.0    2399868.7080    36.3178   8.255E+01    29     0     63
2s2_2p2(1De)3d_2De[2]        4.0    2410073.4900    36.0119   8.325E+01    30     0     64
2s2_2p2(1De)3d_2De[3]        6.0    2410936.5130    35.9860   8.331E+01    30     0     65
2s2_2p2(1De)3d_2Fe[4]        8.0    2413348.7160    35.9137   8.348E+01    31     0     66
2s2_2p2(1De)3d_2Fe[3]        6.0    2416428.4440    35.8213   8.369E+01    31     0     67
2s2_2p2(1De)3d_2Pe[1]        2.0    2423535.4820    35.6083   8.419E+01    32     0     68
2s2_2p2(1De)3d_2Pe[2]        4.0    2426235.9620    35.5273   8.438E+01    32     0     69
2s2_2p2(1De)3d_2Se[1]        2.0    2434039.5140    35.2934   8.494E+01    33     0     70
2s2_2p2(1Se)3d_2De[3]        6.0    2468354.6690    34.2646   8.749E+01    34     0     71
2s2_2p2(1Se)3d_2De[2]        4.0    2470439.1560    34.2021   8.765E+01    34     0     72
