********************************************************************************
                                                                                
                Super level assignm,ents for SIX
	        E%LS=5 %
                                                                                
                            g          E(cm^-1)     10^15 Hz      eV        Lam(
********************************************************************************
                                                                                
17-Jun-2014                                      !Format date                   
07-Mar-2017                            !Date
527                                    !Number of energy levels
6                                      !Entry number of link to super level
  
2s2_2p2_3Pe[0]              1.0          0.0000    84.9012   3.531E+01     1     0      1
2s2_2p2_3Pe[1]              3.0       2545.0000    84.8249   3.534E+01     1     0      2
2s2_2p2_3Pe[2]              5.0       6414.0000    84.7089   3.539E+01     1     0      3
2s2_2p2_1De[2]              5.0      52925.9000    83.3145   3.598E+01     2     0      4
2s2_2p2_1Se[0]              1.0     107799.0000    81.6695   3.671E+01     3     0      5
2s_2p3_5So[2]               5.0     150770.0000    80.3813   3.730E+01     4     0      6
2s_2p3_3Do[3]               7.0     292232.0000    76.1403   3.937E+01     5     0      7
2s_2p3_3Do[2]               5.0     292296.0000    76.1384   3.937E+01     5     0      8
2s_2p3_3Do[1]               3.0     292441.0000    76.1341   3.938E+01     5     0      9
2s_2p3_3Po[1]               3.0     344009.0000    74.5881   4.019E+01     6     0     10
2s_2p3_3Po[0]               1.0     344075.0000    74.5861   4.019E+01     6     0     11
2s_2p3_3Po[2]               5.0     344118.0000    74.5848   4.019E+01     6     0     12
2s_2p3_1Do[2]               5.0     440403.0000    71.6983   4.181E+01     7     0     13
2s_2p3_3So[1]               3.0     446942.0000    71.5022   4.193E+01     8     0     14
2s_2p3_1Po[1]               3.0     492755.0000    70.1288   4.275E+01     9     0     15
2p4_3Pe[2]                  5.0     674764.0000    64.6723   4.636E+01    10     0     16
2p4_3Pe[1]                  3.0     679300.0000    64.5363   4.645E+01    10     0     17
2p4_3Pe[0]                  1.0     681079.0000    64.4830   4.649E+01    10     0     18
2p4_1De[2]                  5.0     719502.0000    63.3311   4.734E+01    11     0     19
2p4_1Se[0]                  1.0     819689.0000    60.3276   4.969E+01    12     0     20
2s2_2p_3s_3Po[0]            1.0    1620000.0000    36.3348   8.251E+01    13     0     21
2s2_2p_3s_3Po[1]            3.0    1623380.0000    36.2335   8.274E+01    13     0     22
2s2_2p_3s_3Po[2]            5.0    1628500.0000    36.0800   8.309E+01    13     0     23
2s2_2p_3s_1Po[1]            3.0    1640850.0000    35.7098   8.395E+01    14     0     24
2s2_2p_3p_1Pe               3.0    1700514.7500    33.9211   8.838E+01    15     0     25
2s2_2p_3p_3De              15.0    1709842.4450    33.6414   8.911E+01    16     0     26
2s2_2p_3p_3Se               3.0    1720400.6030    33.3249   8.996E+01    16     0     27
2s2_2p_3p_3Pe               9.0    1726959.7590    33.1283   9.049E+01    16     0     28
2s2_2p_3p_1De               5.0    1751767.4590    32.3846   9.257E+01    15     0     29
2s2_2p_3p_1Se               1.0    1780584.0840    31.5207   9.511E+01    15     0     30
2s_2p2(4Pe)3s_5Pe[1]        3.0    1785020.0000    31.3877   9.551E+01    17     0     31
2s_2p2(4Pe)3s_5Pe[2]        5.0    1787190.0000    31.3226   9.571E+01    17     0     32
2s_2p2(4Pe)3s_5Pe[3]        7.0    1790410.0000    31.2261   9.601E+01    17     0     33
2s2_2p_3d_1Do[2]            5.0    1794050.0000    31.1170   9.634E+01    18     0     34
2s2_2p_3d_3Fo              21.0    1797651.7820    31.0090   9.668E+01    19     0     35
2s2_2p_3d_3Do[1]            3.0    1808160.0000    30.6940   9.767E+01    19     0     36
2s2_2p_3d_3Do[2]            5.0    1809040.0000    30.6676   9.776E+01    19     0     37
2s2_2p_3d_3Do[3]            7.0    1811430.0000    30.5959   9.798E+01    19     0     38
2s2_2p_3d_3Po[2]            5.0    1815650.0000    30.4694   9.839E+01    19     0     39
2s2_2p_3d_3Po[1]            3.0    1816900.0000    30.4319   9.851E+01    19     0     40
2s2_2p_3d_3Po[0]            1.0    1817630.0000    30.4100   9.858E+01    19     0     41
2s_2p2(4Pe)3s_3Pe           9.0    1829306.4080    30.0600   9.973E+01    20     0     42
2s2_2p_3d_1Fo[3]            7.0    1837780.0000    29.8060   1.006E+02    18     0     43
2s2_2p_3d_1Po[1]            3.0    1838560.0000    29.7826   1.007E+02    18     0     44
2s_2p2(4Pe)3p_3So[1]        3.0    1858540.0000    29.1836   1.027E+02    19     0     45
2s_2p2(4Pe)3p_5Do          25.0    1864037.1880    29.0188   1.033E+02    21     0     46
2s_2p2(4Pe)3p_5Po          15.0    1872610.7290    28.7618   1.042E+02    21     0     47
2s_2p2(4Pe)3p_3Do[1]        3.0    1895000.0000    28.0906   1.067E+02    22     0     48
2s_2p2(4Pe)3p_3Do[2]        5.0    1896130.0000    28.0567   1.069E+02    22     0     49
2s_2p2(4Pe)3p_3Do[3]        7.0    1898990.0000    27.9709   1.072E+02    22     0     50
2s_2p2(4Pe)3p_5So           5.0    1899065.6610    27.9687   1.072E+02    21     0     51
2s_2p2(4Pe)3p_3Po           9.0    1907966.6640    27.7018   1.082E+02    22     0     52
2s_2p2(2De)3s_3De[3]        7.0    1917100.0000    27.4280   1.093E+02    20     0     53
2s_2p2(2De)3s_3De[1]        3.0    1917100.0000    27.4280   1.093E+02    20     0     54
2s_2p2(2De)3s_3De[2]        5.0    1917100.0000    27.4280   1.093E+02    20     0     55
2s_2p2(2De)3s_1De           5.0    1943372.2140    26.6404   1.125E+02    23     0     56
2s_2p2(4Pe)3d_5Fe          35.0    1943689.7530    26.6309   1.126E+02    24     0     57
2s_2p2(4Pe)3d_5De          25.0    1955448.6030    26.2783   1.141E+02    24     0     58
2s_2p2(4Pe)3d_5Pe[3]        7.0    1972030.0000    25.7813   1.163E+02    24     0     59
2s_2p2(4Pe)3d_5Pe[2]        5.0    1973260.0000    25.7444   1.164E+02    24     0     60
2s_2p2(4Pe)3d_3Pe[2]        5.0    1973980.0000    25.7228   1.165E+02    25     0     61
2s_2p2(4Pe)3d_5Pe[1]        3.0    1974220.0000    25.7156   1.166E+02    24     0     62
2s_2p2(4Pe)3d_3Fe[2]        5.0    1985150.0000    25.3879   1.181E+02    25     0     63
2s_2p2(4Pe)3d_3Fe[3]        7.0    1987100.0000    25.3295   1.184E+02    25     0     64
2s_2p2(4Pe)3d_3Fe[4]        9.0    1989850.0000    25.2470   1.187E+02    25     0     65
2s_2p2(2De)3p_3Fo          21.0    1997869.7700    25.0066   1.199E+02    26     0     66
2s_2p2(2Se)3s_3Se           3.0    1998941.4630    24.9745   1.200E+02    25     0     67
2s_2p2(2De)3p_1Fo[3]        7.0    1999890.0000    24.9460   1.202E+02    27     0     68
2s_2p2(2De)3p_1Do[2]        5.0    2009370.0000    24.6618   1.216E+02    27     0     69
2s_2p2(2De)3p_3Do          15.0    2009936.2360    24.6449   1.216E+02    26     0     70
2s_2p2(4Pe)3d_3De[3]        7.0    2011690.0000    24.5923   1.219E+02    25     0     71
2s_2p2(4Pe)3d_3De[2]        5.0    2011690.0000    24.5923   1.219E+02    25     0     72
2s_2p2(2De)3p_1Po           3.0    2014778.6990    24.4997   1.224E+02    27     0     73
2s_2p2(2Se)3s_1Se           1.0    2022240.8550    24.2760   1.235E+02    23     0     74
2s_2p2(2Pe)3s_3Pe           9.0    2022518.7020    24.2676   1.235E+02    25     0     75
2s_2p2(2De)3p_3Po           9.0    2024066.7020    24.2212   1.238E+02    26     0     76
2s_2p2(2Pe)3s_1Pe           3.0    2033483.7050    23.9389   1.252E+02    23     0     77
2s_2p2(2De)3d_3Ge          27.0    2080638.1820    22.5253   1.331E+02    28     0     78
2s_2p2(2Pe)3p_1So           1.0    2081491.5670    22.4997   1.332E+02    27     0     79
2s_2p2(2De)3d_3Fe[2]        5.0    2085020.0000    22.3939   1.339E+02    28     0     80
2s_2p2(2De)3d_3Fe[3]        7.0    2085020.0000    22.3939   1.339E+02    28     0     81
2s_2p2(2De)3d_3Fe[4]        9.0    2085020.0000    22.3939   1.339E+02    28     0     82
2s_2p2(2Se)3p_3Po           9.0    2085530.2610    22.3786   1.340E+02    26     0     83
2s_2p2(2Se)3p_1Po           3.0    2090591.0320    22.2269   1.349E+02    27     0     84
2s_2p2(2De)3d_1Fe           7.0    2091910.8010    22.1873   1.351E+02    29     0     85
2s_2p2(2De)3d_3De[3]        7.0    2093700.0000    22.1337   1.354E+02    28     0     86
2s_2p2(2De)3d_3De[1]        3.0    2093700.0000    22.1337   1.354E+02    28     0     87
2s_2p2(2De)3d_3De[2]        5.0    2093700.0000    22.1337   1.354E+02    28     0     88
2s_2p2(2Pe)3p_3Do          15.0    2096783.0340    22.0413   1.360E+02    26     0     89
2s_2p2(2De)3d_1Ge           9.0    2101655.2660    21.8952   1.369E+02    29     0     90
2s_2p2(2Pe)3p_3Po           9.0    2105306.9600    21.7857   1.376E+02    30     0     91
2s_2p2(2De)3d_3Pe           9.0    2107658.7300    21.7152   1.381E+02    28     0     92
2s_2p2(2Pe)3p_3So           3.0    2111935.5770    21.5870   1.389E+02    30     0     93
2s_2p2(2De)3d_1De           5.0    2114515.5780    21.5096   1.394E+02    29     0     94
2s_2p2(2De)3d_3Se           3.0    2114694.1930    21.5043   1.394E+02    28     0     95
2s_2p2(2De)3d_1Pe           3.0    2120022.8870    21.3445   1.405E+02    29     0     96
2s_2p2(2Pe)3p_1Do           5.0    2131851.1990    20.9899   1.428E+02    31     0     97
2s_2p2(2De)3d_1Se           1.0    2136266.9700    20.8576   1.437E+02    29     0     98
2p3(4So)3s_5So              5.0    2139660.6630    20.7558   1.444E+02    32     0     99
2s_2p2(2Pe)3p_1Po           3.0    2145842.7420    20.5705   1.457E+02    31     0    100
2s_2p2(2Se)3d_3De          15.0    2168804.7500    19.8821   1.508E+02    28     0    101
2s_2p2(2Se)3d_1De           5.0    2182240.6000    19.4793   1.539E+02    29     0    102
2p3(4So)3s_3So              3.0    2184225.2160    19.4198   1.544E+02    30     0    103
2s_2p2(2Pe)3d_3De          15.0    2186745.6780    19.3442   1.550E+02    33     0    104
2s_2p2(2Pe)3d_1Pe           3.0    2189573.7560    19.2595   1.557E+02    29     0    105
2s_2p2(2Pe)3d_3Fe[2]        5.0    2190870.0000    19.2206   1.560E+02    33     0    106
2s_2p2(2Pe)3d_3Fe[3]        7.0    2190870.0000    19.2206   1.560E+02    33     0    107
2s_2p2(2Pe)3d_3Fe[4]        9.0    2190870.0000    19.2206   1.560E+02    33     0    108
2s2_2p_4s_3Po               9.0    2198623.6050    18.9881   1.579E+02    30     0    109
2s_2p2(2Pe)3d_3Pe           9.0    2202056.9910    18.8852   1.587E+02    33     0    110
2s_2p2(2Pe)3d_1Fe           7.0    2204686.6070    18.8064   1.594E+02    34     0    111
2s2_2p_4s_1Po               3.0    2205639.2230    18.7778   1.597E+02    31     0    112
2p3(4So)3p_5Pe             15.0    2214093.6870    18.5244   1.618E+02    35     0    113
2p3(2Do)3s_3Do             15.0    2217665.9960    18.4173   1.628E+02    36     0    114
2s_2p2(2Pe)3d_1De           5.0    2222875.6130    18.2611   1.642E+02    34     0    115
2s2_2p_4p_1Pe               3.0    2226338.7680    18.1573   1.651E+02    34     0    116
2s2_2p_4p_3De              15.0    2229792.0000    18.0537   1.661E+02    33     0    117
2s2_2p_4p_3Se               3.0    2231439.2320    18.0044   1.665E+02    33     0    118
2s2_2p_4p_3Pe               9.0    2234366.5400    17.9166   1.673E+02    33     0    119
2p3(2Do)3s_1Do              5.0    2234386.3860    17.9160   1.673E+02    31     0    120
2p3(4So)3p_3Pe              9.0    2238028.1570    17.8068   1.684E+02    33     0    121
2s2_2p_4p_1De               5.0    2246552.0830    17.5513   1.708E+02    34     0    122
2s2_2p_4p_1Se               1.0    2251414.3920    17.4055   1.722E+02    34     0    123
2s2_2p_4d_1Do               5.0    2258697.9330    17.1872   1.744E+02    37     0    124
2s2_2p_4d_3Fo              21.0    2258697.9330    17.1872   1.744E+02    36     0    125
2s2_2p_4d_3Do[1]            3.0    2263000.0000    17.0582   1.757E+02    36     0    126
2s2_2p_4d_3Do[2]            5.0    2264220.0000    17.0216   1.761E+02    36     0    127
2s2_2p_4d_3Po               9.0    2266259.3200    16.9605   1.768E+02    36     0    128
2s2_2p_4d_3Do[3]            7.0    2266350.0000    16.9578   1.768E+02    36     0    129
2s2_2p_4d_1Fo               7.0    2275338.9380    16.6883   1.796E+02    37     0    130
2s2_2p_4d_1Po               3.0    2275964.0920    16.6695   1.798E+02    37     0    131
2s2_2p_4f_3Fe              21.0    2279834.0940    16.5535   1.811E+02    33     0    132
2s2_2p_4f_3Ge              27.0    2280469.1710    16.5345   1.813E+02    33     0    133
2s2_2p_4f_1Ge               9.0    2280915.7090    16.5211   1.815E+02    34     0    134
2s2_2p_4f_1Fe               7.0    2281332.4790    16.5086   1.816E+02    34     0    135
2p3(2Do)3p_1Pe              3.0    2281908.0170    16.4913   1.818E+02    34     0    136
2s2_2p_4f_3De              15.0    2282463.7100    16.4747   1.820E+02    33     0    137
2p3(2Do)3p_3De             15.0    2285529.9420    16.3828   1.830E+02    33     0    138
2s2_2p_4f_1De               5.0    2286710.7880    16.3474   1.834E+02    34     0    139
2p3(2Po)3s_3Po              9.0    2289667.8660    16.2587   1.844E+02    36     0    140
2p3(2Do)3p_3Fe             21.0    2290580.7890    16.2313   1.847E+02    33     0    141
2p3(4So)3d_5Do             25.0    2291712.0210    16.1974   1.851E+02    38     0    142
2p3(2Do)3p_1Fe              7.0    2294718.7140    16.1073   1.861E+02    34     0    143
2p3(2Po)3s_1Po              3.0    2306199.7180    15.7631   1.902E+02    37     0    144
2p3(4So)3d_3Do             15.0    2318722.6450    15.3877   1.948E+02    36     0    145
2p3(2Do)3p_3Pe              9.0    2324299.4160    15.2205   1.970E+02    39     0    146
2p3(2Do)3p_1De              5.0    2342299.8830    14.6808   2.042E+02    40     0    147
2s_2p2(4Pe)4s_5Pe          15.0    2346993.5000    14.5401   2.062E+02    41     0    148
2p3(2Po)3p_3Se              3.0    2356460.1190    14.2563   2.103E+02    39     0    149
2p3(2Do)3d_3Fo             21.0    2360072.1200    14.1480   2.119E+02    42     0    150
2s_2p2(4Pe)4s_3Pe           9.0    2361501.0430    14.1052   2.125E+02    39     0    151
2p3(2Po)3p_3De             15.0    2362076.5820    14.0879   2.128E+02    39     0    152
2p3(2Do)3d_1So              1.0    2363574.9670    14.0430   2.135E+02    37     0    153
2p3(2Do)3d_3Go             27.0    2364676.4290    14.0100   2.140E+02    42     0    154
2p3(2Do)3d_1Go              9.0    2367732.7380    13.9184   2.154E+02    37     0    155
2p3(2Po)3p_1Pe              3.0    2368199.1230    13.9044   2.156E+02    40     0    156
2s_2p2(4Pe)4p_3So           3.0    2378231.3570    13.6036   2.204E+02    42     0    157
2s_2p2(4Pe)4p_5Do          25.0    2378687.8180    13.5900   2.206E+02    38     0    158
2p3(2Po)3p_3Pe              9.0    2380761.7420    13.5278   2.216E+02    39     0    159
2s_2p2(4Pe)4p_5Po          15.0    2380960.2040    13.5218   2.217E+02    38     0    160
2p3(2Do)3d_3Do             15.0    2382637.2040    13.4716   2.225E+02    42     0    161
2p3(2Do)3d_1Po              3.0    2384631.7430    13.4118   2.235E+02    43     0    162
2s_2p2(4Pe)4p_5So           5.0    2389335.2830    13.2708   2.259E+02    38     0    163
2p3(2Po)3p_1De              5.0    2390059.6680    13.2490   2.263E+02    40     0    164
2s_2p2(4Pe)4p_3Do          15.0    2391736.6690    13.1988   2.271E+02    42     0    165
2s_2p2(4Pe)4p_3Po           9.0    2394832.6700    13.1059   2.287E+02    42     0    166
2p3(2Do)3d_3Po              9.0    2397521.8240    13.0253   2.302E+02    42     0    167
2p3(2Do)3d_1Do              5.0    2399427.0560    12.9682   2.312E+02    43     0    168
2p3(2Do)3d_3So              3.0    2406690.7510    12.7505   2.351E+02    42     0    169
2s_2p2(4Pe)4d_5Fe          35.0    2407792.2120    12.7174   2.357E+02    41     0    170
2p3(2Do)3d_1Fo              7.0    2410292.8290    12.6425   2.371E+02    43     0    171
2s_2p2(4Pe)4d_5De          25.0    2411582.8290    12.6038   2.379E+02    41     0    172
2s_2p2(4Pe)4d_5Pe          15.0    2416683.2920    12.4509   2.408E+02    41     0    173
2s_2p2(4Pe)4d_3Pe           9.0    2418796.9080    12.3875   2.420E+02    39     0    174
2s_2p2(4Pe)4d_3Fe          21.0    2424204.9870    12.2254   2.452E+02    39     0    175
2s_2p2(4Pe)4f_5Go          45.0    2428700.1420    12.0906   2.480E+02    44     0    176
2s_2p2(4Pe)4f_3Go          27.0    2430178.6810    12.0463   2.489E+02    42     0    177
2s_2p2(4Pe)4f_5Do          25.0    2430496.2200    12.0368   2.491E+02    44     0    178
2s_2p2(4Pe)4d_3De          15.0    2431746.5280    11.9993   2.498E+02    39     0    179
2s_2p2(4Pe)4f_5Fo          35.0    2432252.6050    11.9841   2.502E+02    44     0    180
2s_2p2(4Pe)4f_3Do          15.0    2432629.6820    11.9728   2.504E+02    42     0    181
2s_2p2(4Pe)4f_3Fo          21.0    2432947.2210    11.9633   2.506E+02    42     0    182
2p3(2Po)3p_1Se              1.0    2436559.2220    11.8550   2.529E+02    40     0    183
2s2_2p_5s_3Po               9.0    2436757.6830    11.8491   2.530E+02    42     0    184
2s2_2p_5s_1Po               3.0    2439069.7610    11.7798   2.545E+02    43     0    185
2p3(2Po)3d_3Fo             21.0    2440042.2230    11.7506   2.551E+02    42     0    186
2p3(2Po)3d_3Po              9.0    2447434.9180    11.5290   2.600E+02    42     0    187
2s2_2p_5p_1Pe               3.0    2450540.8420    11.4359   2.622E+02    40     0    188
2s2_2p_5p_3De              15.0    2451215.6110    11.4156   2.626E+02    45     0    189
2p3(2Po)3d_1Do              5.0    2453110.9200    11.3588   2.639E+02    43     0    190
2s2_2p_5p_3Se               3.0    2453388.7660    11.3505   2.641E+02    45     0    191
2s2_2p_5p_3Pe               9.0    2455730.6130    11.2803   2.658E+02    45     0    192
2p3(2Po)3d_3Do             15.0    2456187.0740    11.2666   2.661E+02    42     0    193
2s2_2p_5p_1De               5.0    2458350.3060    11.2017   2.676E+02    40     0    194
2s2_2p_5p_1Se               1.0    2463331.6920    11.0524   2.712E+02    46     0    195
2p3(2Po)3d_1Fo              7.0    2464720.9230    11.0107   2.723E+02    43     0    196
2s2_2p_5d_3Fo              21.0    2467856.6170    10.9167   2.746E+02    42     0    197
2s2_2p_5d_1Do               5.0    2468114.6170    10.9090   2.748E+02    43     0    198
2s2_2p_5d_3Do              15.0    2471071.6950    10.8204   2.771E+02    42     0    199
2s2_2p_5d_3Po               9.0    2471280.0790    10.8141   2.772E+02    42     0    200
2s2_2p_5d_1Fo               7.0    2475685.9270    10.6820   2.807E+02    43     0    201
2s2_2p_5d_1Po               3.0    2475934.0040    10.6746   2.808E+02    43     0    202
2s_2p2(2De)4s_3De          15.0    2475973.6960    10.6734   2.809E+02    45     0    203
2s2_2p_5f_1Fe               7.0    2477809.4660    10.6184   2.823E+02    46     0    204
2s2_2p_5f_3Fe              21.0    2477928.5430    10.6148   2.824E+02    45     0    205
2s2_2p_5g_3Go              27.0    2478305.6200    10.6035   2.827E+02    47     0    206
2s2_2p_5g_1Go               9.0    2478305.6200    10.6035   2.827E+02    43     0    207
2s2_2p_5f_3Ge              27.0    2478335.3890    10.6026   2.828E+02    45     0    208
2s2_2p_5g_3Ho              33.0    2478950.6200    10.5842   2.832E+02    47     0    209
2s2_2p_5g_1Ho              11.0    2478990.3130    10.5830   2.833E+02    43     0    210
2s2_2p_5f_1Ge               9.0    2479010.1590    10.5824   2.833E+02    46     0    211
2s2_2p_5g_3Fo              21.0    2479159.0050    10.5779   2.834E+02    47     0    212
2s2_2p_5g_1Fo               7.0    2479218.5440    10.5761   2.835E+02    43     0    213
2s2_2p_5f_3De              15.0    2479714.6980    10.5612   2.839E+02    45     0    214
2s2_2p_5f_1De               5.0    2480200.9280    10.5467   2.843E+02    46     0    215
2s_2p2(2De)4s_1De           5.0    2485430.3920    10.3899   2.885E+02    46     0    216
2p3(2Po)3d_1Po              3.0    2493984.0870    10.1335   2.958E+02    43     0    217
2s_2p2(2De)4p_3Fo          21.0    2507529.0910     9.7274   3.082E+02    47     0    218
2s_2p2(2De)4p_3Do          15.0    2509553.4000     9.6667   3.101E+02    47     0    219
2s_2p2(2De)4p_1Fo           7.0    2511289.9390     9.6146   3.118E+02    48     0    220
2s_2p2(2De)4p_1Do           5.0    2511865.4770     9.5974   3.124E+02    48     0    221
2s_2p2(2De)4p_3Po           9.0    2514485.1700     9.5189   3.149E+02    47     0    222
2s_2p2(2De)4p_1Po           3.0    2517194.1710     9.4376   3.177E+02    48     0    223
2s_2p2(2De)4d_3Fe          21.0    2537298.3320     8.8349   3.393E+02    45     0    224
2s_2p2(2De)4d_3Ge          27.0    2537506.7160     8.8287   3.396E+02    45     0    225
2s_2p2(2De)4d_3De          15.0    2541843.1030     8.6987   3.446E+02    45     0    226
2s_2p2(2De)4d_1Fe           7.0    2544373.4880     8.6228   3.477E+02    46     0    227
2s_2p2(2De)4d_1Ge           9.0    2545038.3340     8.6029   3.485E+02    46     0    228
2s_2p2(2De)4d_3Pe           9.0    2546040.5650     8.5728   3.497E+02    45     0    229
2s_2p2(2De)4d_3Se           3.0    2546397.7960     8.5621   3.501E+02    45     0    230
2s_2p2(2De)4d_1De           5.0    2549811.3360     8.4598   3.544E+02    46     0    231
2s_2p2(2De)4d_1Pe           3.0    2553145.4910     8.3598   3.586E+02    46     0    232
2s_2p2(2De)4d_1Se           1.0    2553472.9520     8.3500   3.590E+02    46     0    233
2s_2p2(2De)4f_3Go          27.0    2553869.8760     8.3381   3.595E+02    47     0    234
2s_2p2(2De)4f_3Fo          21.0    2555457.5680     8.2905   3.616E+02    47     0    235
2s_2p2(2De)4f_1Go           9.0    2555487.3380     8.2896   3.616E+02    48     0    236
2s_2p2(2De)4f_3Ho          33.0    2556301.0300     8.2652   3.627E+02    47     0    237
2s_2p2(2Se)4s_3Se           3.0    2556717.8000     8.2528   3.633E+02    45     0    238
2s_2p2(2De)4f_1Ho          11.0    2557084.9540     8.2417   3.637E+02    48     0    239
2s_2p2(2De)4f_1Fo           7.0    2558216.1850     8.2078   3.653E+02    48     0    240
2s_2p2(2De)4f_3Do          15.0    2559258.1080     8.1766   3.666E+02    47     0    241
2s_2p2(2De)4f_1Do           5.0    2561619.8010     8.1058   3.698E+02    48     0    242
2s_2p2(2De)4f_3Po           9.0    2562364.0320     8.0835   3.709E+02    47     0    243
2s2_2p_6s_3Po               9.0    2563118.1860     8.0609   3.719E+02    47     0    244
2s2_2p_6s_1Po               3.0    2563783.0330     8.0409   3.728E+02    48     0    245
2s_2p2(2De)4f_1Po           3.0    2566035.5720     7.9734   3.760E+02    48     0    246
2s2_2p_6p_1Pe               3.0    2568933.1110     7.8865   3.801E+02    46     0    247
2s_2p2(2Se)4s_1Se           1.0    2569062.1110     7.8827   3.803E+02    46     0    248
2s2_2p_6p_3De              15.0    2571781.0350     7.8012   3.843E+02    45     0    249
2s2_2p_6p_3Pe               9.0    2572406.1890     7.7824   3.852E+02    45     0    250
2s2_2p_6p_3Se               3.0    2574688.4980     7.7140   3.886E+02    49     0    251
2s2_2p_6p_1De               5.0    2575105.2670     7.7015   3.893E+02    46     0    252
2s2_2p_6p_1Se               1.0    2578399.7300     7.6027   3.943E+02    46     0    253
2s2_2p_6d_3Fo              21.0    2580572.8840     7.5376   3.977E+02    47     0    254
2s2_2p_6d_1Do               5.0    2580761.4230     7.5319   3.980E+02    48     0    255
2s2_2p_6d_3Do              15.0    2582160.5770     7.4900   4.003E+02    47     0    256
2s2_2p_6d_3Po               9.0    2582200.2700     7.4888   4.003E+02    47     0    257
2s_2p2(2Pe)4s_3Pe           9.0    2582239.9620     7.4876   4.004E+02    49     0    258
2s2_2p_6d_1Po               3.0    2584790.1930     7.4112   4.045E+02    48     0    259
2s2_2p_6d_1Fo               7.0    2585008.5010     7.4046   4.049E+02    48     0    260
2s2_2p_6f_1Fe               7.0    2585782.5020     7.3814   4.061E+02    46     0    261
2s2_2p_6f_3Fe              21.0    2585971.0400     7.3758   4.065E+02    49     0    262
2s2_2p_6g_1Go               9.0    2586348.1170     7.3645   4.071E+02    48     0    263
2s2_2p_6g_3Go              27.0    2586358.0400     7.3642   4.071E+02    47     0    264
2s2_2p_6f_3Ge              27.0    2586576.3480     7.3576   4.075E+02    49     0    265
2s2_2p_6g_3Fo              21.0    2586625.9630     7.3561   4.075E+02    47     0    266
2s2_2p_6g_1Fo               7.0    2586655.7330     7.3552   4.076E+02    48     0    267
2s_2p2(2Pe)4s_1Pe           3.0    2586675.5790     7.3546   4.076E+02    50     0    268
2s2_2p_6f_3De              15.0    2586834.3480     7.3499   4.079E+02    49     0    269
2s2_2p_6f_1Ge               9.0    2586844.2710     7.3496   4.079E+02    50     0    270
2s2_2p_6h_3He              33.0    2586923.6560     7.3472   4.080E+02    49     0    271
2s2_2p_6h_1He              11.0    2586923.6560     7.3472   4.080E+02    50     0    272
2s2_2p_6h_3Ie              39.0    2587003.0400     7.3448   4.082E+02    49     0    273
2s2_2p_6h_1Ie              13.0    2587003.0400     7.3448   4.082E+02    50     0    274
2s2_2p_6h_3Ge              27.0    2587012.9630     7.3445   4.082E+02    49     0    275
2s2_2p_6h_1Ge               9.0    2587022.8870     7.3442   4.082E+02    50     0    276
2s2_2p_6f_1De               5.0    2587231.2710     7.3380   4.085E+02    50     0    277
2s2_2p_6g_3Ho              33.0    2587439.6560     7.3317   4.089E+02    47     0    278
2s2_2p_6g_1Ho              11.0    2587439.6560     7.3317   4.089E+02    48     0    279
2s_2p2(4Pe)5s_5Pe          15.0    2587985.4250     7.3154   4.098E+02    51     0    280
2s_2p2(2Se)4p_3Po           9.0    2590357.0410     7.2443   4.138E+02    47     0    281
2s_2p2(2Se)4p_1Po           3.0    2593472.8890     7.1509   4.192E+02    48     0    282
2s_2p2(4Pe)5s_3Pe           9.0    2593959.1200     7.1363   4.201E+02    49     0    283
2s_2p2(4Pe)5p_3So           3.0    2601054.1220     6.9236   4.330E+02    47     0    284
2s_2p2(4Pe)5p_5Do          25.0    2603167.7380     6.8602   4.370E+02    52     0    285
2s_2p2(4Pe)5p_5Po          15.0    2604487.5080     6.8207   4.395E+02    52     0    286
2s_2p2(2Pe)4p_1So           1.0    2605132.5080     6.8013   4.408E+02    48     0    287
2s_2p2(4Pe)5p_3Do          15.0    2608079.6630     6.7130   4.466E+02    53     0    288
2s_2p2(4Pe)5p_5So           5.0    2608129.2780     6.7115   4.467E+02    52     0    289
2s_2p2(4Pe)5p_3Po           9.0    2610471.1250     6.6413   4.514E+02    53     0    290
2s_2p2(2Pe)4p_3Do          15.0    2611919.8950     6.5978   4.544E+02    53     0    291
2s_2p2(2Pe)4p_3Po           9.0    2615422.7420     6.4928   4.617E+02    53     0    292
2s_2p2(4Pe)5d_5Fe          35.0    2617863.8200     6.4196   4.670E+02    51     0    293
2s_2p2(2Pe)4p_3So           3.0    2619471.3590     6.3714   4.705E+02    53     0    294
2s_2p2(4Pe)5d_5De          25.0    2619540.8200     6.3694   4.707E+02    51     0    295
2s_2p2(2Se)4d_3De          15.0    2619848.4360     6.3601   4.714E+02    49     0    296
2s_2p2(2Pe)4p_1Do           5.0    2620582.7440     6.3381   4.730E+02    48     0    297
2s_2p2(4Pe)5d_5Pe          15.0    2622011.6670     6.2953   4.762E+02    51     0    298
2s_2p2(4Pe)5d_3Pe           9.0    2622825.3600     6.2709   4.781E+02    49     0    299
2s_2p2(2Pe)4p_1Po           3.0    2625534.3610     6.1897   4.843E+02    48     0    300
2s_2p2(4Pe)5d_3Fe          21.0    2626119.8220     6.1721   4.857E+02    49     0    301
2s_2p2(2Se)4d_1De           5.0    2627568.5920     6.1287   4.892E+02    50     0    302
2s_2p2(4Pe)5f_5Go          45.0    2628233.4380     6.1088   4.908E+02    52     0    303
2s_2p2(4Pe)5f_5Do          25.0    2628660.1310     6.0960   4.918E+02    52     0    304
2s_2p2(4Pe)5f_3Go          27.0    2629156.2850     6.0811   4.930E+02    53     0    305
2s_2p2(4Pe)5g_5Fe          35.0    2629245.5930     6.0784   4.932E+02    51     0    306
2s_2p2(4Pe)5g_3Fe          21.0    2629255.5160     6.0781   4.932E+02    49     0    307
2s_2p2(4Pe)5f_3Do          15.0    2629275.3620     6.0775   4.933E+02    53     0    308
2s_2p2(4Pe)5g_5He          55.0    2629642.5160     6.0665   4.942E+02    51     0    309
2s_2p2(4Pe)5g_3He          33.0    2629662.3620     6.0659   4.942E+02    49     0    310
2s_2p2(4Pe)5f_5Fo          35.0    2629781.4390     6.0624   4.945E+02    52     0    311
2s_2p2(4Pe)5d_3De          15.0    2630257.7470     6.0481   4.957E+02    49     0    312
2s_2p2(4Pe)5g_5Ge          45.0    2630347.0550     6.0454   4.959E+02    51     0    313
2s_2p2(4Pe)5g_3Ge          27.0    2630376.8240     6.0445   4.960E+02    49     0    314
2s_2p2(4Pe)5f_3Fo          21.0    2630902.7470     6.0287   4.973E+02    53     0    315
2s_2p2(2Se)4f_3Fo          21.0    2636935.9800     5.8479   5.127E+02    53     0    316
2s2_2p_7s_3Po               9.0    2638225.9800     5.8092   5.161E+02    53     0    317
2s_2p2(2Se)4f_1Fo           7.0    2638275.5960     5.8077   5.162E+02    54     0    318
2s2_2p_7s_1Po               3.0    2640200.6730     5.7500   5.214E+02    54     0    319
2s_2p2(2Pe)4d_3Fe          21.0    2640250.2890     5.7485   5.215E+02    49     0    320
2s2_2p_7p_3De              15.0    2640538.0580     5.7399   5.223E+02    49     0    321
2s2_2p_7p_1Pe               3.0    2640805.9810     5.7319   5.230E+02    50     0    322
2s2_2p_7p_3Pe               9.0    2643137.9050     5.6619   5.295E+02    49     0    323
2s2_2p_7p_3Se               3.0    2643296.6740     5.6572   5.299E+02    49     0    324
2s2_2p_7p_1De               5.0    2643882.1360     5.6396   5.316E+02    50     0    325
2s_2p2(2Pe)4d_1Pe           3.0    2645370.5980     5.5950   5.358E+02    50     0    326
2s2_2p_7p_1Se               1.0    2646313.2910     5.5667   5.385E+02    50     0    327
2s_2p2(2Pe)4d_3De          15.0    2646630.8290     5.5572   5.395E+02    49     0    328
2s_2p2(2Pe)4d_1Fe           7.0    2647265.9060     5.5382   5.413E+02    50     0    329
2s2_2p_7d_3Fo              21.0    2647960.5220     5.5174   5.434E+02    53     0    330
2s2_2p_7d_1Do               5.0    2648079.5990     5.5138   5.437E+02    54     0    331
2s2_2p_7d_3Do              15.0    2649071.9070     5.4840   5.467E+02    53     0    332
2s2_2p_7d_3Po               9.0    2649190.9840     5.4805   5.470E+02    53     0    333
2s2_2p_7g_3Go              27.0    2650004.6760     5.4561   5.495E+02    53     0    334
2s2_2p_7g_1Go               9.0    2650004.6760     5.4561   5.495E+02    54     0    335
2s_2p2(2Pe)4d_3Pe           9.0    2650381.7530     5.4448   5.506E+02    49     0    336
2s2_2p_7d_1Fo               7.0    2650699.2920     5.4353   5.516E+02    54     0    337
2s2_2p_7d_1Po               3.0    2650897.7540     5.4293   5.522E+02    54     0    338
2s2_2p_7g_3Fo              21.0    2651562.6000     5.4094   5.542E+02    53     0    339
2s2_2p_7g_1Fo               7.0    2651612.2150     5.4079   5.544E+02    54     0    340
2s2_2p_7f_3Ge              27.0    2651641.9850     5.4070   5.545E+02    49     0    341
2s2_2p_7f_1De               5.0    2651641.9850     5.4070   5.545E+02    50     0    342
2s2_2p_7f_1Ge               9.0    2651890.0620     5.3996   5.552E+02    50     0    343
2s2_2p_7h_3He              33.0    2651909.9080     5.3990   5.553E+02    49     0    344
2s2_2p_7h_1He              11.0    2651909.9080     5.3990   5.553E+02    50     0    345
2s2_2p_7i_3Ho              33.0    2651979.3690     5.3969   5.555E+02    53     0    346
2s2_2p_7i_3Io              39.0    2651989.2920     5.3966   5.555E+02    53     0    347
2s2_2p_7i_1Io              13.0    2651989.2920     5.3966   5.555E+02    54     0    348
2s2_2p_7i_1Ho              11.0    2651989.2920     5.3966   5.555E+02    54     0    349
2s2_2p_7h_1Ie              13.0    2651999.2160     5.3963   5.556E+02    50     0    350
2s2_2p_7h_3Ie              39.0    2651999.2160     5.3963   5.556E+02    49     0    351
2s2_2p_7h_3Ge              27.0    2652009.1390     5.3960   5.556E+02    49     0    352
2s2_2p_7h_1Ge               9.0    2652009.1390     5.3960   5.556E+02    50     0    353
2s2_2p_7g_3Ho              33.0    2652048.8310     5.3948   5.557E+02    53     0    354
2s2_2p_7g_1Ho              11.0    2652058.7540     5.3945   5.557E+02    54     0    355
2s2_2p_7f_3Fe              21.0    2652157.9850     5.3915   5.560E+02    49     0    356
2s2_2p_7f_3De              15.0    2653001.4470     5.3662   5.587E+02    49     0    357
2s2_2p_7f_1Fe               7.0    2654579.2160     5.3189   5.636E+02    50     0    358
2s_2p2(2Pe)4d_1De           5.0    2660225.4490     5.1497   5.822E+02    50     0    359
2s_2p2(2Pe)4f_1Do           5.0    2660443.7570     5.1431   5.829E+02    54     0    360
2s_2p2(2Pe)4f_3Do          15.0    2660781.1410     5.1330   5.840E+02    53     0    361
2s_2p2(2Pe)4f_3Go          27.0    2662140.6030     5.0923   5.887E+02    53     0    362
2s_2p2(2Pe)4f_1Go           9.0    2662398.6040     5.0845   5.896E+02    54     0    363
2s_2p2(2Pe)4f_3Fo          21.0    2665613.6820     4.9881   6.010E+02    53     0    364
2s_2p2(2Pe)4f_1Fo           7.0    2666218.9890     4.9700   6.032E+02    54     0    365
2s2_2p_8s_3Po               9.0    2684576.6880     4.4196   6.783E+02    53     0    366
2s2_2p_8s_1Po               3.0    2685172.0730     4.4018   6.811E+02    54     0    367
2s2_2p_8p_1Pe               3.0    2687861.2270     4.3212   6.938E+02    50     0    368
2s2_2p_8p_3De              15.0    2688069.6120     4.3149   6.948E+02    49     0    369
2s2_2p_8p_3Se               3.0    2688347.4580     4.3066   6.961E+02    49     0    370
2s2_2p_8p_3Pe               9.0    2688764.2280     4.2941   6.981E+02    49     0    371
2s2_2p_8p_1De               5.0    2689528.3050     4.2712   7.019E+02    50     0    372
2s2_2p_8p_1Se               1.0    2690371.7670     4.2459   7.061E+02    50     0    373
2p3(4So)4s_5So              5.0    2691086.2280     4.2245   7.097E+02    52     0    374
2s2_2p_8d_3Fo              21.0    2691552.6130     4.2105   7.120E+02    53     0    375
2s2_2p_8d_1Do               5.0    2691572.4590     4.2099   7.121E+02    54     0    376
2s2_2p_8d_3Do              15.0    2692237.3060     4.1900   7.155E+02    53     0    377
2s2_2p_8d_3Po               9.0    2692296.8440     4.1882   7.158E+02    53     0    378
2s2_2p_8d_1Fo               7.0    2693328.8440     4.1573   7.211E+02    54     0    379
2s2_2p_8d_1Po               3.0    2693408.2290     4.1549   7.215E+02    54     0    380
2s2_2p_8f_3Fe              21.0    2693874.6140     4.1409   7.240E+02    49     0    381
2s2_2p_8f_3Ge              27.0    2693914.3060     4.1397   7.242E+02    49     0    382
2s2_2p_8f_1Fe               7.0    2693934.1520     4.1391   7.243E+02    50     0    383
2s2_2p_8f_1Ge               9.0    2694102.8450     4.1341   7.252E+02    50     0    384
2s2_2p_8h_1He              11.0    2694112.7680     4.1338   7.252E+02    50     0    385
2s2_2p_8h_3He              33.0    2694112.7680     4.1338   7.252E+02    49     0    386
2s2_2p_8g_3Ho              33.0    2694152.4600     4.1326   7.254E+02    53     0    387
2s2_2p_8i_1Ho              11.0    2694162.3830     4.1323   7.255E+02    54     0    388
2s2_2p_8g_1Ho              11.0    2694162.3830     4.1323   7.255E+02    54     0    389
2s2_2p_8i_1Io              13.0    2694172.3060     4.1320   7.255E+02    54     0    390
2s2_2p_8i_3Io              39.0    2694172.3060     4.1320   7.255E+02    53     0    391
2s2_2p_8h_3Ie              39.0    2694172.3060     4.1320   7.255E+02    49     0    392
2s2_2p_8h_1Ie              13.0    2694182.2290     4.1317   7.256E+02    50     0    393
2s2_2p_8h_3Ge              27.0    2694192.1520     4.1314   7.256E+02    49     0    394
2s2_2p_8h_1Ge               9.0    2694192.1520     4.1314   7.256E+02    50     0    395
2s2_2p_8i_3Ho              33.0    2694202.0750     4.1311   7.257E+02    53     0    396
2s2_2p_8f_3De              15.0    2694301.3060     4.1281   7.262E+02    49     0    397
2s2_2p_8g_3Go              27.0    2694340.9990     4.1269   7.264E+02    53     0    398
2s2_2p_8g_1Go               9.0    2694350.9220     4.1266   7.265E+02    54     0    399
2s2_2p_8f_1De               5.0    2694509.6910     4.1219   7.273E+02    50     0    400
2s2_2p_8g_3Fo              21.0    2694589.0760     4.1195   7.277E+02    53     0    401
2s2_2p_8g_1Fo               7.0    2694608.9220     4.1189   7.278E+02    54     0    402
2p3(4So)4s_3So              3.0    2699649.8460     3.9678   7.556E+02    53     0    403
2s_2p2(4Pe)6s_5Pe          15.0    2712797.9280     3.5736   8.389E+02    51     0    404
2s_2p2(2De)5s_3De          15.0    2714008.5440     3.5373   8.475E+02    55     0    405
2s_2p2(4Pe)6s_3Pe           9.0    2715546.6210     3.4912   8.587E+02    55     0    406
2s2_2p_9s_3Po               9.0    2716231.3130     3.4707   8.638E+02    53     0    407
2s2_2p_9s_1Po               3.0    2716707.6210     3.4564   8.674E+02    54     0    408
2s_2p2(2De)5s_1De           5.0    2717888.4680     3.4210   8.763E+02    56     0    409
2s2_2p_9p_1Pe               3.0    2718642.6220     3.3984   8.822E+02    56     0    410
2s2_2p_9p_3Se               3.0    2718999.8530     3.3877   8.850E+02    55     0    411
2s2_2p_9p_3De              15.0    2719138.7760     3.3835   8.860E+02    55     0    412
2s2_2p_9p_3Pe               9.0    2719654.7760     3.3680   8.901E+02    55     0    413
2s2_2p_9p_1De               5.0    2719992.1610     3.3579   8.928E+02    56     0    414
2s2_2p_9p_1Se               1.0    2720428.7760     3.3448   8.963E+02    56     0    415
2s2_2p_9d_3Fo              21.0    2721242.4690     3.3204   9.029E+02    53     0    416
2s2_2p_9d_1Do               5.0    2721272.2380     3.3195   9.031E+02    54     0    417
2s2_2p_9d_3Do              15.0    2721738.6230     3.3056   9.069E+02    53     0    418
2s2_2p_9d_3Po               9.0    2721788.2380     3.3041   9.073E+02    53     0    419
2s_2p2(4Pe)6p_5Do          25.0    2722304.2390     3.2886   9.116E+02    52     0    420
2p3(4So)4p_5Pe             15.0    2722463.0080     3.2838   9.129E+02    57     0    421
2s2_2p_9d_1Fo               7.0    2722492.7770     3.2829   9.132E+02    54     0    422
2s2_2p_9d_1Po               3.0    2722552.3160     3.2812   9.137E+02    54     0    423
2s2_2p_9f_3Fe              21.0    2722840.0850     3.2725   9.161E+02    55     0    424
2s2_2p_9f_1Fe               7.0    2722859.9310     3.2719   9.163E+02    56     0    425
2s2_2p_9f_3Ge              27.0    2722889.7000     3.2710   9.165E+02    55     0    426
2s2_2p_9h_3He              33.0    2723048.4700     3.2663   9.178E+02    55     0    427
2s2_2p_9h_1He              11.0    2723048.4700     3.2663   9.178E+02    56     0    428
2s2_2p_9f_1Ge               9.0    2723048.4700     3.2663   9.178E+02    56     0    429
2s2_2p_9g_3Ho              33.0    2723058.3930     3.2660   9.179E+02    53     0    430
2s2_2p_9g_1Ho              11.0    2723078.2390     3.2654   9.181E+02    54     0    431
2s2_2p_9g_3Go              27.0    2723078.2390     3.2654   9.181E+02    53     0    432
2s2_2p_9h_3Ie              39.0    2723088.1620     3.2651   9.182E+02    55     0    433
2s2_2p_9g_1Go               9.0    2723088.1620     3.2651   9.182E+02    54     0    434
2s2_2p_9h_1Ie              13.0    2723098.0850     3.2648   9.183E+02    56     0    435
2s2_2p_9i_3Io              39.0    2723098.0850     3.2648   9.183E+02    53     0    436
2s2_2p_9i_1Io              13.0    2723098.0850     3.2648   9.183E+02    54     0    437
2s2_2p_9h_3Ge              27.0    2723108.0080     3.2645   9.183E+02    55     0    438
2s2_2p_9h_1Ge               9.0    2723108.0080     3.2645   9.183E+02    56     0    439
2s2_2p_9i_1Ho              11.0    2723117.9310     3.2642   9.184E+02    54     0    440
2s2_2p_9i_3Ho              33.0    2723117.9310     3.2642   9.184E+02    53     0    441
2s2_2p_9f_3De              15.0    2723137.7770     3.2636   9.186E+02    55     0    442
2s2_2p_9g_3Fo              21.0    2723246.9310     3.2603   9.195E+02    53     0    443
2s2_2p_9g_1Fo               7.0    2723256.8540     3.2600   9.196E+02    54     0    444
2s2_2p_9f_1De               5.0    2723276.7000     3.2594   9.198E+02    56     0    445
2s_2p2(4Pe)6p_5Po          15.0    2723296.5470     3.2588   9.199E+02    52     0    446
2s_2p2(4Pe)6p_3Do          15.0    2723872.0850     3.2416   9.248E+02    53     0    447
2s_2p2(4Pe)6p_3So           3.0    2725211.7010     3.2014   9.364E+02    53     0    448
2s_2p2(4Pe)6p_5So           5.0    2725578.8550     3.1904   9.397E+02    52     0    449
2s_2p2(4Pe)6p_3Po           9.0    2725906.3170     3.1806   9.426E+02    53     0    450
2s_2p2(2De)5p_1Do           5.0    2729071.7790     3.0857   9.716E+02    54     0    451
2s_2p2(2De)5p_3Fo          21.0    2730034.3180     3.0569   9.807E+02    53     0    452
2s_2p2(4Pe)6d_5Fe          35.0    2730848.0110     3.0325   9.886E+02    57     0    453
2s_2p2(2De)5p_1Fo           7.0    2731671.6260     3.0078   9.967E+02    54     0    454
2s_2p2(4Pe)6d_5De          25.0    2731780.7800     3.0045   9.978E+02    57     0    455
2s_2p2(4Pe)6d_3Pe           9.0    2731949.4720     2.9994   9.995E+02    55     0    456
2s_2p2(2De)5p_3Do          15.0    2732286.8570     2.9893   1.003E+03    53     0    457
2s_2p2(4Pe)6d_5Pe          15.0    2733566.9350     2.9509   1.016E+03    57     0    458
2s_2p2(2De)5p_3Po           9.0    2734281.3960     2.9295   1.023E+03    53     0    459
2s_2p2(2De)5p_1Po           3.0    2734350.8580     2.9274   1.024E+03    54     0    460
2s_2p2(4Pe)6d_3Fe          21.0    2734440.1660     2.9248   1.025E+03    55     0    461
2p3(4So)4p_3Pe              9.0    2735214.1660     2.9016   1.033E+03    55     0    462
2s_2p2(4Pe)6f_5Do          25.0    2736494.2430     2.8632   1.047E+03    58     0    463
2s_2p2(4Pe)6g_5Fe          35.0    2736643.0890     2.8587   1.049E+03    57     0    464
2s_2p2(4Pe)6g_3Fe          21.0    2736653.0120     2.8584   1.049E+03    55     0    465
2s_2p2(4Pe)6f_5Go          45.0    2736653.0120     2.8584   1.049E+03    58     0    466
2s_2p2(4Pe)6f_3Do          15.0    2736672.8590     2.8578   1.049E+03    53     0    467
2s_2p2(4Pe)6d_3De          15.0    2737208.7050     2.8418   1.055E+03    55     0    468
2s_2p2(4Pe)6f_3Go          27.0    2737228.5510     2.8412   1.055E+03    53     0    469
2s_2p2(4Pe)6g_5He          55.0    2737496.4740     2.8331   1.058E+03    57     0    470
2s_2p2(4Pe)6g_3He          33.0    2737516.3200     2.8325   1.058E+03    55     0    471
2s_2p2(4Pe)6f_5Fo          35.0    2737536.1670     2.8320   1.059E+03    58     0    472
2s_2p2(4Pe)6h_5Go          45.0    2737645.3200     2.8287   1.060E+03    58     0    473
2s_2p2(4Pe)6h_3Go          27.0    2737645.3200     2.8287   1.060E+03    53     0    474
2s_2p2(4Pe)6h_3Io          39.0    2737665.1670     2.8281   1.060E+03    53     0    475
2s_2p2(4Pe)6h_3Ho          33.0    2737754.4740     2.8254   1.061E+03    53     0    476
2s_2p2(4Pe)6g_5Ge          45.0    2737952.9360     2.8195   1.063E+03    57     0    477
2s_2p2(4Pe)6g_3Ge          27.0    2737982.7050     2.8186   1.064E+03    55     0    478
2s_2p2(4Pe)6f_3Fo          21.0    2738260.5510     2.8102   1.067E+03    53     0    479
2s2_2p10s_1Po               3.0    2739193.3210     2.7823   1.078E+03    54     0    480
2s2_2p10s_3Po               9.0    2739431.4750     2.7751   1.080E+03    59     0    481
2s2_2p10p_1Pe               3.0    2740503.1680     2.7430   1.093E+03    56     0    482
2s2_2p10p_3De              15.0    2740691.7060     2.7374   1.095E+03    55     0    483
2s2_2p10p_3Se               3.0    2740751.2450     2.7356   1.096E+03    55     0    484
2s2_2p10p_3Pe               9.0    2741009.2450     2.7278   1.099E+03    55     0    485
2s2_2p10p_1De               5.0    2741356.5520     2.7174   1.103E+03    56     0    486
2s2_2p10p_1Se               1.0    2741813.0140     2.7037   1.109E+03    56     0    487
2s2_2p10d_1Do               5.0    2742477.8610     2.6838   1.117E+03    54     0    488
2s2_2p10d_3Fo              21.0    2742477.8610     2.6838   1.117E+03    59     0    489
2s2_2p10d_3Do              15.0    2742805.3220     2.6740   1.121E+03    59     0    490
2s2_2p10d_3Po               9.0    2742845.0140     2.6728   1.122E+03    59     0    491
2s2_2p10d_1Fo               7.0    2743370.9380     2.6570   1.128E+03    54     0    492
2s2_2p10f_3Ge              27.0    2743370.9380     2.6570   1.128E+03    55     0    493
2s2_2p10d_1Po               3.0    2743390.7840     2.6564   1.129E+03    54     0    494
2s2_2p10f_3Fe              21.0    2743499.9380     2.6532   1.130E+03    55     0    495
2s2_2p10f_1Fe               7.0    2743589.2460     2.6505   1.131E+03    56     0    496
2s2_2p10g_3Ho              33.0    2743718.2460     2.6466   1.133E+03    59     0    497
2s2_2p10g_3Go              27.0    2743728.1690     2.6463   1.133E+03    59     0    498
2s2_2p10g_1Go               9.0    2743728.1690     2.6463   1.133E+03    54     0    499
2s2_2p10h_3He              33.0    2743738.0920     2.6460   1.133E+03    55     0    500
2s2_2p10h_1He              11.0    2743738.0920     2.6460   1.133E+03    56     0    501
2s2_2p10g_1Ho              11.0    2743738.0920     2.6460   1.133E+03    54     0    502
2s2_2p10h_1Ie              13.0    2743757.9380     2.6454   1.133E+03    56     0    503
2s2_2p10h_3Ie              39.0    2743757.9380     2.6454   1.133E+03    55     0    504
2s2_2p10i_1Io              13.0    2743787.7070     2.6445   1.134E+03    54     0    505
2s2_2p10h_3Ge              27.0    2743787.7070     2.6445   1.134E+03    55     0    506
2s2_2p10i_3Io              39.0    2743787.7070     2.6445   1.134E+03    59     0    507
2p3(4So)4d_5Do             25.0    2752073.4790     2.3961   1.251E+03    58     0    508
2p3(4So)4f_5Fe             35.0    2770540.3310     1.8425   1.627E+03    57     0    509
2s_2p2(4Pe)7s_5Pe          15.0    2788143.8750     1.3148   2.280E+03    57     0    510
2s_2p2(4Pe)7p_3So           3.0    2793452.7230     1.1556   2.594E+03    59     0    511
2s_2p2(4Pe)7p_5Do          25.0    2793512.2620     1.1538   2.598E+03    58     0    512
2s_2p2(4Pe)7p_5Po          15.0    2793790.1080     1.1455   2.617E+03    58     0    513
2s_2p2(4Pe)7p_5So           5.0    2795050.3390     1.1077   2.706E+03    58     0    514
2s_2p2(4Pe)7d_5Fe          35.0    2798493.6480     1.0045   2.985E+03    57     0    515
2s_2p2(4Pe)7d_5De          25.0    2799019.5710     0.9887   3.032E+03    57     0    516
2s_2p2(4Pe)7d_5Pe          15.0    2799912.6490     0.9620   3.116E+03    57     0    517
2s_2p2(4Pe)7f_5Go          45.0    2802006.4180     0.8992   3.334E+03    58     0    518
2s_2p2(4Pe)7f_5Do          25.0    2802244.5720     0.8920   3.361E+03    58     0    519
2s_2p2(4Pe)7g_5He          55.0    2802542.2650     0.8831   3.395E+03    57     0    520
2s_2p2(4Pe)7f_5Fo          35.0    2802562.1110     0.8825   3.397E+03    58     0    521
2s_2p2(4Pe)7h_5Go          45.0    2802641.4960     0.8801   3.406E+03    58     0    522
2s_2p2(4Pe)7i_5He          55.0    2802691.1110     0.8787   3.412E+03    57     0    523
2s_2p2(4Pe)7g_5Ge          45.0    2802839.9570     0.8742   3.429E+03    57     0    524
2s_2p2(4Pe)7g_5Fe          35.0    2802988.8030     0.8697   3.447E+03    57     0    525
2p3(2Do)4d_1So              1.0    2816831.5000     0.4547   6.593E+03    60     0    526
2p3(2Do)4d_3So              3.0    2830445.9660     0.0466   6.435E+04    59     0    527
