********************************************************************************
                                                                                
                 Super level assignments for CrXIII               
                 E%LS=5.0
                                                                                
                    g          E(cm^-1)     10^15 Hz      eV        Lam(A)      
********************************************************************************
                                                                                
17-Jun-2014                                      !Format date                   
20-Nov-2019                            !Date
448                                    !Number of energy levels
6                                      !Entry number of link to super level
  
3s2_1Se[0]          1.0          0.0000    85.7556   3.496E+01     1     0      1
3s_3p_3Po[0]        1.0     203444.0000    79.6565   3.764E+01     2     0      2
3s_3p_3Po[1]        3.0     207399.0000    79.5380   3.769E+01     2     0      3
3s_3p_3Po[2]        5.0     216557.0000    79.2634   3.782E+01     2     0      4
3s_3p_1Po[1]        3.0     304629.0000    76.6231   3.913E+01     3     0      5
3p2_3Pe[0]          1.0     482122.0000    71.3020   4.205E+01     4     0      6
3p2_1De[2]          5.0     483144.0000    71.2713   4.206E+01     5     0      7
3p2_3Pe[1]          3.0     488223.0000    71.1191   4.215E+01     4     0      8
3p2_3Pe[2]          5.0     499174.0000    70.7908   4.235E+01     4     0      9
3p2_1Se[0]          1.0     569421.0000    68.6848   4.365E+01     6     0     10
3s_3d_3De[1]        3.0     588562.0000    68.1110   4.402E+01     7     0     11
3s_3d_3De[2]        5.0     589150.0000    68.0934   4.403E+01     7     0     12
3s_3d_3De[3]        7.0     590063.0000    68.0660   4.404E+01     7     0     13
3s_3d_1De[2]        5.0     662428.0000    65.8965   4.549E+01     8     0     14
3p_3d_3Fo[2]        5.0     805156.0000    61.6177   4.865E+01     9     0     15
3p_3d_3Fo[3]        7.0     811454.0000    61.4289   4.880E+01     9     0     16
3p_3d_3Fo[4]        9.0     818730.0000    61.2107   4.898E+01     9     0     17
3p_3d_1Do[2]        5.0     819961.0000    61.1738   4.901E+01    10     0     18
3p_3d_3Po[2]        5.0     852734.0000    60.1913   4.981E+01    11     0     19
3p_3d_3Do[1]        3.0     853150.0000    60.1788   4.982E+01    11     0     20
3p_3d_3Po[0]        1.0     859662.0000    59.9836   4.998E+01    11     0     21
3p_3d_3Do[3]        7.0     860904.0000    59.9464   5.001E+01    11     0     22
3p_3d_3Po[1]        3.0     861427.0000    59.9307   5.002E+01    11     0     23
3p_3d_3Do[2]        5.0     861799.0000    59.9195   5.003E+01    11     0     24
3p_3d_1Fo[3]        7.0     920560.0000    58.1579   5.155E+01    12     0     25
3p_3d_1Po[1]        3.0     931754.0000    57.8224   5.185E+01    12     0     26
3d2_3Fe[2]          5.0    1187767.0000    50.1473   5.978E+01    13     0     27
3d2_3Fe[3]          7.0    1188753.0000    50.1177   5.982E+01    13     0     28
3d2_3Fe[4]          9.0    1189901.0000    50.0833   5.986E+01    13     0     29
3d2_1De[2]          5.0    1215243.0000    49.3236   6.078E+01    14     0     30
3d2_1Ge[4]          9.0    1217906.0000    49.2437   6.088E+01    14     0     31
3d2_3Pe[0]          1.0    1218447.0000    49.2275   6.090E+01    13     0     32
3d2_3Pe[1]          3.0    1218751.0000    49.2184   6.091E+01    13     0     33
3d2_3Pe[2]          5.0    1219532.0000    49.1950   6.094E+01    13     0     34
3d2_1Se[0]          1.0    1276800.1418    47.4781   6.314E+01    15     0     35
3s_4s_3Se[1]        3.0    1385260.0000    44.2266   6.779E+01    16     0     36
3s_4s_1Se[0]        1.0    1400000.0000    43.7847   6.847E+01    17     0     37
3s_4p_3Po[0]        1.0    1472017.4564    41.6257   7.202E+01    18     0     38
3s_4p_3Po[1]        3.0    1472346.8341    41.6158   7.204E+01    18     0     39
3s_4p_3Po[2]        5.0    1477756.6820    41.4536   7.232E+01    18     0     40
3s_4p_1Po[1]        3.0    1492920.0000    40.9990   7.312E+01    19     0     41
3s_4d_3De[1]        3.0    1616210.0000    37.3029   8.037E+01    20     0     42
3s_4d_3De[2]        5.0    1616450.0000    37.2957   8.038E+01    20     0     43
3s_4d_3De[3]        7.0    1617160.0000    37.2744   8.043E+01    20     0     44
3s_4d_1De[2]        5.0    1617480.0000    37.2648   8.045E+01    21     0     45
3p_4s_3Po[0]        1.0    1629952.8275    36.8909   8.126E+01    22     0     46
3p_4s_3Po[1]        3.0    1649000.0000    36.3199   8.254E+01    22     0     47
3p_4s_3Po[2]        5.0    1652000.0000    36.2299   8.275E+01    22     0     48
3p_4s_1Po[1]        3.0    1662919.4617    35.9026   8.350E+01    23     0     49
3s_4f_3Fo[2]        5.0    1678490.0000    35.4358   8.460E+01    22     0     50
3s_4f_3Fo[3]        7.0    1678570.0000    35.4334   8.461E+01    22     0     51
3s_4f_3Fo[4]        9.0    1678740.0000    35.4283   8.462E+01    22     0     52
3s_4f_1Fo[3]        7.0    1690860.0000    35.0649   8.550E+01    23     0     53
3p_4p_3De[1]        3.0    1731000.0000    33.8616   8.853E+01    24     0     54
3p_4p_3Pe[0]        1.0    1732000.0000    33.8316   8.861E+01    24     0     55
3p_4p_1Pe[1]        3.0    1741579.3987    33.5444   8.937E+01    25     0     56
3p_4p_3Pe[1]        3.0    1742000.0000    33.5318   8.941E+01    24     0     57
3p_4p_3De[2]        5.0    1746000.0000    33.4119   8.973E+01    24     0     58
3p_4p_3Pe[2]        5.0    1752000.0000    33.2320   9.021E+01    24     0     59
3p_4p_3Se[1]        3.0    1754000.0000    33.1720   9.038E+01    24     0     60
3p_4p_3De[3]        7.0    1761000.0000    32.9622   9.095E+01    24     0     61
3p_4p_1De[2]        5.0    1766370.7646    32.8012   9.140E+01    25     0     62
3p_4p_1Se[0]        1.0    1788764.8201    32.1298   9.331E+01    25     0     63
3p_4d_1Fo[3]        7.0    1847000.0000    30.3840   9.867E+01    26     0     64
3p_4d_3Po[2]        5.0    1849943.9402    30.2957   9.896E+01    27     0     65
3p_4d_3Po[1]        3.0    1850890.7722    30.2673   9.905E+01    27     0     66
3p_4d_3Po[0]        1.0    1853893.8784    30.1773   9.934E+01    27     0     67
3p_4d_1Po[1]        3.0    1856795.2126    30.0903   9.963E+01    26     0     68
3p_4d_3Do[2]        5.0    1866000.0000    29.8144   1.006E+02    27     0     69
3p_4d_3Do[1]        3.0    1866010.0000    29.8141   1.006E+02    27     0     70
3p_4d_1Do[2]        5.0    1866247.8907    29.8069   1.006E+02    26     0     71
3p_4d_3Do[3]        7.0    1871000.0000    29.6645   1.011E+02    27     0     72
3p_4d_3Fo[2]        5.0    1882004.9764    29.3345   1.022E+02    27     0     73
3p_4d_3Fo[3]        7.0    1883000.7570    29.3047   1.023E+02    27     0     74
3p_4d_3Fo[4]        9.0    1888105.8070    29.1516   1.028E+02    27     0     75
3p_4f_3Fe[2]        5.0    1910000.0000    28.4953   1.052E+02    28     0     76
3p_4f_3Ge[3]        7.0    1916020.0000    28.3148   1.059E+02    28     0     77
3p_4f_1Fe[3]        7.0    1917147.9192    28.2810   1.060E+02    29     0     78
3p_4f_3Ge[4]        9.0    1920470.0000    28.1814   1.064E+02    28     0     79
3p_4f_3Fe[3]        7.0    1920670.0000    28.1754   1.064E+02    28     0     80
3p_4f_3Ge[5]       11.0    1929970.0000    27.8966   1.075E+02    28     0     81
3p_4f_3Fe[4]        9.0    1931340.0000    27.8555   1.076E+02    28     0     82
3p_4f_3De[3]        7.0    1940700.0000    27.5749   1.087E+02    28     0     83
3p_4f_3De[2]        5.0    1944400.0000    27.4640   1.092E+02    28     0     84
3p_4f_3De[1]        3.0    1946500.0000    27.4010   1.094E+02    28     0     85
3p_4f_1Ge[4]        9.0    1953000.0000    27.2062   1.102E+02    29     0     86
3p_4f_1De[2]        5.0    1958296.4103    27.0474   1.108E+02    29     0     87
3s_5s_3Se[1]        3.0    1963000.0000    26.9064   1.114E+02    28     0     88
3s_5s_1Se[0]        1.0    1970252.9425    26.6889   1.123E+02    29     0     89
3d_4s_3De[1]        3.0    1974849.3844    26.5511   1.129E+02    28     0     90
3d_4s_3De[2]        5.0    1975474.0648    26.5324   1.130E+02    28     0     91
3d_4s_3De[3]        7.0    1976769.3215    26.4936   1.132E+02    28     0     92
3d_4s_1De[2]        5.0    1983228.9962    26.2999   1.140E+02    29     0     93
3d_4p_1Do[2]        5.0    2004046.6001    25.6758   1.168E+02    30     0     94
3s_5p_3Po[1]        3.0    2006408.8917    25.6050   1.171E+02    31     0     95
3s_5p_3Po[0]        1.0    2006671.4727    25.5971   1.171E+02    31     0     96
3d_4p_3Do[1]        3.0    2007777.4065    25.5640   1.173E+02    31     0     97
3d_4p_3Do[2]        5.0    2008773.4449    25.5341   1.174E+02    31     0     98
3s_5p_3Po[2]        5.0    2009461.8492    25.5135   1.175E+02    31     0     99
3s_5p_1Po[1]        3.0    2017000.0000    25.2875   1.186E+02    30     0    100
3d_4p_3Do[3]        7.0    2017880.4415    25.2611   1.187E+02    31     0    101
3d_4p_3Fo[2]        5.0    2018645.4088    25.2382   1.188E+02    31     0    102
3d_4p_3Fo[3]        7.0    2020804.6587    25.1734   1.191E+02    31     0    103
3d_4p_3Fo[4]        9.0    2023204.3849    25.1015   1.194E+02    31     0    104
3d_4p_3Po[1]        3.0    2029092.0579    24.9250   1.203E+02    31     0    105
3d_4p_3Po[2]        5.0    2029121.5804    24.9241   1.203E+02    31     0    106
3d_4p_3Po[0]        1.0    2029404.4731    24.9156   1.203E+02    31     0    107
3d_4p_1Fo[3]        7.0    2038306.0514    24.6488   1.216E+02    30     0    108
3d_4p_1Po[1]        3.0    2046953.8868    24.3895   1.229E+02    30     0    109
3s_5d_3De[1]        3.0    2076000.0000    23.5187   1.275E+02    32     0    110
3s_5d_3De[2]        5.0    2076350.0000    23.5082   1.275E+02    32     0    111
3s_5d_3De[3]        7.0    2076500.0000    23.5037   1.276E+02    32     0    112
3s_5d_1De[2]        5.0    2079000.0000    23.4288   1.280E+02    33     0    113
3s_5f_3Fo[2]        5.0    2102456.8814    22.7256   1.319E+02    31     0    114
3s_5f_3Fo[3]        7.0    2102522.9508    22.7236   1.319E+02    31     0    115
3s_5f_3Fo[4]        9.0    2102617.9261    22.7207   1.319E+02    31     0    116
3s_5f_1Fo[3]        7.0    2106983.0008    22.5899   1.327E+02    34     0    117
3s_5g_3Ge[3]        7.0    2109559.9653    22.5126   1.332E+02    32     0    118
3s_5g_3Ge[4]        9.0    2109693.8055    22.5086   1.332E+02    32     0    119
3s_5g_3Ge[5]       11.0    2109855.4941    22.5038   1.332E+02    32     0    120
3s_5g_1Ge[4]        9.0    2112275.7082    22.4312   1.336E+02    33     0    121
3d_4d_1Fe[3]        7.0    2120241.6808    22.1924   1.351E+02    33     0    122
3d_4d_3De[1]        3.0    2123710.2650    22.0884   1.357E+02    32     0    123
3d_4d_3De[2]        5.0    2124559.1408    22.0630   1.359E+02    32     0    124
3d_4d_3De[3]        7.0    2125564.7782    22.0328   1.361E+02    32     0    125
3d_4d_3Ge[3]        7.0    2127556.3517    21.9731   1.364E+02    32     0    126
3d_4d_1Pe[1]        3.0    2127881.1474    21.9634   1.365E+02    33     0    127
3d_4d_3Ge[4]        9.0    2128534.5462    21.9438   1.366E+02    32     0    128
3d_4d_3Ge[5]       11.0    2129917.2273    21.9023   1.369E+02    32     0    129
3d_4d_3Se[1]        3.0    2136742.0695    21.6977   1.382E+02    32     0    130
3d_4d_3Fe[2]        5.0    2141217.2234    21.5636   1.390E+02    32     0    131
3d_4d_3Fe[3]        7.0    2142097.6946    21.5372   1.392E+02    32     0    132
3d_4d_3Fe[4]        9.0    2143174.4598    21.5049   1.394E+02    32     0    133
3d_4d_1De[2]        5.0    2154024.8054    21.1796   1.415E+02    33     0    134
3d_4d_3Pe[0]        1.0    2154971.5767    21.1512   1.417E+02    32     0    135
3d_4d_3Pe[1]        3.0    2155371.6653    21.1392   1.418E+02    32     0    136
3d_4d_3Pe[2]        5.0    2156322.1580    21.1107   1.420E+02    32     0    137
3d_4d_1Ge[4]        9.0    2160464.5671    20.9865   1.428E+02    33     0    138
3d_4f_3Ho[4]        9.0    2170495.4355    20.6858   1.449E+02    35     0    139
3d_4f_1Go[4]        9.0    2171819.5167    20.6461   1.452E+02    34     0    140
3d_4f_3Ho[5]       11.0    2172035.0331    20.6397   1.453E+02    35     0    141
3d_4f_3Ho[6]       13.0    2173033.0019    20.6097   1.455E+02    35     0    142
3d_4f_3Fo[2]        5.0    2177575.7436    20.4736   1.464E+02    35     0    143
3d_4f_3Fo[3]        7.0    2178159.3723    20.4561   1.466E+02    35     0    144
3d_4f_3Fo[4]        9.0    2178641.6249    20.4416   1.467E+02    35     0    145
3d_4d_1Se[0]        1.0    2181487.8420    20.3563   1.473E+02    33     0    146
3d_4f_1Do[2]        5.0    2185920.2115    20.2234   1.482E+02    34     0    147
3p_5s_3Po[0]        1.0    2188134.3339    20.1570   1.487E+02    35     0    148
3p_5s_3Po[1]        3.0    2189539.1878    20.1149   1.490E+02    35     0    149
3d_4f_3Go[3]        7.0    2194397.9052    19.9692   1.501E+02    35     0    150
3d_4f_3Go[4]        9.0    2195331.7747    19.9412   1.503E+02    35     0    151
3d_4f_3Go[5]       11.0    2196000.1387    19.9212   1.505E+02    35     0    152
3d_4f_3Do[1]        3.0    2199413.8989    19.8189   1.513E+02    35     0    153
3d_4f_3Do[2]        5.0    2199523.4592    19.8156   1.513E+02    35     0    154
3d_4f_3Do[3]        7.0    2199759.4242    19.8085   1.513E+02    35     0    155
3d_4f_3Po[2]        5.0    2201172.2399    19.7661   1.517E+02    35     0    156
3d_4f_3Po[1]        3.0    2202596.0997    19.7235   1.520E+02    35     0    157
3d_4f_3Po[0]        1.0    2203083.0171    19.7089   1.521E+02    35     0    158
3p_5s_3Po[2]        5.0    2204238.0798    19.6742   1.524E+02    35     0    159
3d_4f_1Fo[3]        7.0    2204847.3618    19.6560   1.525E+02    34     0    160
3p_5s_1Po[1]        3.0    2207010.8195    19.5911   1.530E+02    34     0    161
3d_4f_1Ho[5]       11.0    2217962.5309    19.2628   1.556E+02    36     0    162
3d_4f_1Po[1]        3.0    2222000.3551    19.1417   1.566E+02    36     0    163
3p_5p_3De[1]        3.0    2225543.9061    19.0355   1.575E+02    37     0    164
3p_5p_3Pe[1]        3.0    2231237.0172    18.8648   1.589E+02    37     0    165
3p_5p_3De[2]        5.0    2231810.6978    18.8476   1.591E+02    37     0    166
3p_5p_3Pe[0]        1.0    2233270.5444    18.8039   1.594E+02    37     0    167
3p_5p_1Pe[1]        3.0    2241870.5024    18.5460   1.616E+02    38     0    168
3p_5p_3De[3]        7.0    2244255.3476    18.4745   1.623E+02    37     0    169
3p_5p_3Pe[2]        5.0    2244670.2332    18.4621   1.624E+02    37     0    170
3p_5p_3Se[1]        3.0    2247891.8347    18.3655   1.632E+02    37     0    171
3p_5p_1De[2]        5.0    2251762.7015    18.2495   1.643E+02    38     0    172
3s_6s_3Se           3.0    2266807.8524    17.7984   1.684E+02    37     0    173
3p_5p_1Se[0]        1.0    2267456.7345    17.7790   1.686E+02    38     0    174
3s_6s_1Se           1.0    2276620.7234    17.5043   1.713E+02    38     0    175
3p_5d_3Fo[2]        5.0    2281099.0260    17.3700   1.726E+02    39     0    176
3p_5d_3Do[2]        5.0    2282274.4034    17.3348   1.729E+02    39     0    177
3p_5d_3Fo[3]        7.0    2282757.9765    17.3203   1.731E+02    39     0    178
3p_5d_3Do[1]        3.0    2282842.6183    17.3177   1.731E+02    39     0    179
3s_6p_3Po           9.0    2284952.2401    17.2545   1.737E+02    39     0    180
3s_6p_1Po           3.0    2285637.4948    17.2339   1.740E+02    36     0    181
3p_5d_1Do[2]        5.0    2294869.9934    16.9572   1.768E+02    36     0    182
3p_5d_3Do[3]        7.0    2295705.6362    16.9321   1.771E+02    39     0    183
3p_5d_3Fo[4]        9.0    2297790.6228    16.8696   1.777E+02    39     0    184
3p_5d_3Po[2]        5.0    2299247.1951    16.8259   1.782E+02    39     0    185
3p_5d_1Fo[3]        7.0    2299918.7347    16.8058   1.784E+02    36     0    186
3p_5d_3Po[1]        3.0    2300204.2784    16.7972   1.785E+02    39     0    187
3p_5d_3Po[0]        1.0    2301833.2745    16.7484   1.790E+02    39     0    188
3p_5d_1Po[1]        3.0    2305140.7556    16.6493   1.801E+02    36     0    189
3p_5f_3Ge[3]        7.0    2306220.7942    16.6169   1.804E+02    37     0    190
3p_5f_3Fe[3]        7.0    2308307.3146    16.5543   1.811E+02    37     0    191
3p_5f_3Ge[4]        9.0    2308990.3506    16.5338   1.813E+02    37     0    192
3p_5f_3Fe[2]        5.0    2309741.8101    16.5113   1.816E+02    37     0    193
3s_6d_3De          15.0    2314529.6746    16.3678   1.832E+02    37     0    194
3p_5g_1Go[4]        9.0    2314991.8684    16.3539   1.833E+02    36     0    195
3s_6d_1De           5.0    2315470.5926    16.3396   1.835E+02    38     0    196
3p_5g_3Go[4]        9.0    2315481.0221    16.3393   1.835E+02    39     0    197
3p_5g_3Go[3]        7.0    2315922.6319    16.3260   1.836E+02    39     0    198
3p_5g_3Go[5]       11.0    2316961.2316    16.2949   1.840E+02    39     0    199
3p_5f_1Fe[3]        7.0    2320644.5560    16.1845   1.852E+02    38     0    200
3p_5f_3Fe[4]        9.0    2321683.9451    16.1533   1.856E+02    37     0    201
3p_5f_3Ge[5]       11.0    2322512.7407    16.1285   1.859E+02    37     0    202
3p_5f_3De[3]        7.0    2324480.2709    16.0695   1.866E+02    37     0    203
3p_5f_3De[2]        5.0    2325676.1825    16.0336   1.870E+02    37     0    204
3p_5f_3De[1]        3.0    2327471.0140    15.9798   1.876E+02    37     0    205
3p_5g_3Ho[4]        9.0    2328912.8292    15.9366   1.881E+02    39     0    206
3s_6f_3Fo          21.0    2329825.3347    15.9092   1.884E+02    39     0    207
3p_5g_3Ho[5]       11.0    2329839.7665    15.9088   1.884E+02    39     0    208
3p_5f_1Ge[4]        9.0    2330522.9740    15.8883   1.887E+02    38     0    209
3p_5g_3Fo[4]        9.0    2331139.3610    15.8698   1.889E+02    39     0    210
3p_5g_3Fo[3]        7.0    2331947.2159    15.8456   1.892E+02    39     0    211
3p_5f_1De[2]        5.0    2332303.8987    15.8349   1.893E+02    38     0    212
3p_5g_3Ho[6]       13.0    2332729.8446    15.8222   1.895E+02    39     0    213
3p_5g_3Fo[2]        5.0    2334569.9266    15.7670   1.901E+02    39     0    214
3p_5g_1Fo[3]        7.0    2336318.3023    15.7146   1.908E+02    40     0    215
3s_6g_3Ge          27.0    2336751.2530    15.7016   1.909E+02    37     0    216
3p_5g_1Ho[5]       11.0    2337292.3825    15.6854   1.911E+02    40     0    217
3s_6z_3Z           33.0    2338530.1611    15.6483   1.916E+02    41     0    218
3s_6z_1Z           11.0    2338530.1611    15.6483   1.916E+02    42     0    219
3s_6g_1Ge           9.0    2340829.4531    15.5793   1.924E+02    38     0    220
3s_6f_1Fo[3]        7.0    2406757.9632    13.6028   2.204E+02    40     0    221
3s_7s_3Se           3.0    2428076.4097    12.9637   2.313E+02    43     0    222
3s_7s_1Se           1.0    2429690.1224    12.9154   2.321E+02    44     0    223
3s_7p_3Po           9.0    2442509.6201    12.5310   2.392E+02    45     0    224
3s_7p_1Po           3.0    2442736.1045    12.5242   2.394E+02    40     0    225
3s_7d_3De          15.0    2460165.7507    12.0017   2.498E+02    43     0    226
3s_7d_1De           5.0    2460475.7425    11.9924   2.500E+02    44     0    227
3s_7f_3Fo          21.0    2469703.5860    11.7158   2.559E+02    45     0    228
3s_7f_1Fo           7.0    2470793.2465    11.6831   2.566E+02    46     0    229
3s_7g_3Ge          27.0    2472541.4533    11.6307   2.578E+02    43     0    230
3s_7g_1Ge           9.0    2473283.1947    11.6085   2.583E+02    44     0    231
3s_7z_3Z           72.0    2474824.6414    11.5623   2.593E+02    47     0    232
3s_7z_1Z           24.0    2474824.6414    11.5623   2.593E+02    48     0    233
3p_6s_3Po           9.0    2483914.8509    11.2897   2.655E+02    45     0    234
3p_6s_1Po           3.0    2485422.5274    11.2445   2.666E+02    46     0    235
3d_5s_3De[1]        3.0    2486179.6485    11.2218   2.672E+02    43     0    236
3d_5s_3De[2]        5.0    2486715.8912    11.2058   2.675E+02    43     0    237
3d_5s_3De[3]        7.0    2488272.5982    11.1591   2.687E+02    43     0    238
3d_5s_1De[2]        5.0    2490570.5321    11.0902   2.703E+02    44     0    239
3p_6p_1Pe           3.0    2504151.7828    10.6831   2.806E+02    44     0    240
3p_6p_3Pe           9.0    2506891.5971    10.6009   2.828E+02    43     0    241
3p_6p_3De          15.0    2507567.1600    10.5807   2.833E+02    43     0    242
3p_6p_3Se           3.0    2508455.3178    10.5540   2.841E+02    43     0    243
3p_6p_1De           5.0    2512805.9664    10.4236   2.876E+02    44     0    244
3p_6p_1Se           1.0    2513504.6474    10.4027   2.882E+02    44     0    245
3d_5p_1Do[2]        5.0    2525018.5636    10.0575   2.981E+02    46     0    246
3d_5p_3Do[1]        3.0    2525845.9454    10.0327   2.988E+02    45     0    247
3d_5p_3Do[2]        5.0    2527143.0926     9.9938   3.000E+02    45     0    248
3d_5p_3Fo[2]        5.0    2528202.1454     9.9620   3.009E+02    45     0    249
3d_5p_3Do[3]        7.0    2528209.9686     9.9618   3.009E+02    45     0    250
3d_5p_3Fo[3]        7.0    2529438.6325     9.9250   3.021E+02    45     0    251
3p_6d_1Fo           7.0    2530414.5083     9.8957   3.030E+02    46     0    252
3d_5p_3Fo[4]        9.0    2531557.7953     9.8614   3.040E+02    45     0    253
3d_5p_3Po[1]        3.0    2533025.6861     9.8174   3.054E+02    45     0    254
3d_5p_3Po[0]        1.0    2533144.5717     9.8139   3.055E+02    45     0    255
3s_8s_3Se           3.0    2533289.6552     9.8095   3.056E+02    43     0    256
3d_5p_3Po[2]        5.0    2533952.5738     9.7896   3.062E+02    45     0    257
3p_6d_1Po           3.0    2533989.5299     9.7885   3.063E+02    46     0    258
3p_6d_1Do           5.0    2534210.1511     9.7819   3.065E+02    46     0    259
3s_8s_1Se           1.0    2534841.6073     9.7630   3.071E+02    44     0    260
3d_5p_1Fo[3]        7.0    2536097.8819     9.7253   3.083E+02    46     0    261
3p_6d_3Po           9.0    2536127.4448     9.7244   3.083E+02    45     0    262
3p_6d_3Fo          21.0    2537862.4029     9.6724   3.099E+02    45     0    263
3p_6d_3Do          15.0    2537862.4029     9.6724   3.099E+02    45     0    264
3d_5p_1Po[1]        3.0    2539622.9751     9.6197   3.116E+02    46     0    265
3s_8p_1Po           3.0    2540739.3317     9.5862   3.127E+02    46     0    266
3s_8p_3Po           9.0    2544195.6009     9.4826   3.162E+02    45     0    267
3p_6f_1Fe           7.0    2548795.3479     9.3447   3.208E+02    44     0    268
3p_6f_3Fe          21.0    2549709.4145     9.3173   3.218E+02    49     0    269
3p_6f_3Ge          27.0    2550006.5007     9.3084   3.221E+02    49     0    270
3p_6f_3De          15.0    2551370.1457     9.2675   3.235E+02    49     0    271
3s_8d_1De           5.0    2552642.5122     9.2293   3.248E+02    50     0    272
3p_6g_1Go           9.0    2552749.1838     9.2261   3.249E+02    46     0    273
3p_6g_3Go          27.0    2552932.0512     9.2207   3.251E+02    45     0    274
3p_6f_1Ge           9.0    2553488.2909     9.2040   3.257E+02    50     0    275
3s_8d_3De          15.0    2555972.6335     9.1295   3.284E+02    49     0    276
3p_6g_3Fo          21.0    2556925.3552     9.1009   3.294E+02    45     0    277
3p_6f_1De           5.0    2558000.1147     9.0687   3.306E+02    50     0    278
3p_6g_1Fo           7.0    2558388.8812     9.0571   3.310E+02    46     0    279
3s_8f_3Fo          21.0    2560675.9962     8.9885   3.335E+02    45     0    280
3s_8f_1Fo           7.0    2561270.7174     8.9707   3.342E+02    46     0    281
3s_8g_3Ge          27.0    2562635.6369     8.9297   3.357E+02    49     0    282
3s_8g_1Ge           9.0    2563840.5543     8.8936   3.371E+02    50     0    283
3s_8z_1Z           39.0    2564130.3835     8.8849   3.374E+02    48     0    284
3s_8z_3Z          117.0    2564130.3835     8.8849   3.374E+02    47     0    285
3d_5d_1Fe[3]        7.0    2576524.5638     8.5134   3.521E+02    50     0    286
3d_5d_3De[1]        3.0    2577861.0312     8.4733   3.538E+02    49     0    287
3d_5d_3De[2]        5.0    2578642.1082     8.4499   3.548E+02    49     0    288
3d_5d_3Ge[3]        7.0    2579090.0910     8.4365   3.554E+02    49     0    289
3d_5d_3De[3]        7.0    2579684.1838     8.4186   3.561E+02    49     0    290
3d_5d_3Ge[4]        9.0    2579993.5878     8.4094   3.565E+02    49     0    291
3d_5d_1Pe[1]        3.0    2580812.9671     8.3848   3.575E+02    50     0    292
3d_5d_3Ge[5]       11.0    2581360.9339     8.3684   3.582E+02    49     0    293
3d_5d_3Fe[2]        5.0    2583141.5769     8.3150   3.605E+02    49     0    294
3d_5d_3Fe[3]        7.0    2584062.2181     8.2874   3.617E+02    49     0    295
3d_5d_3Fe[4]        9.0    2584950.5534     8.2608   3.629E+02    49     0    296
3d_5d_3Se[1]        3.0    2585049.1782     8.2578   3.630E+02    49     0    297
3d_5d_1De[2]        5.0    2589803.9566     8.1153   3.694E+02    50     0    298
3d_5d_3Pe[0]        1.0    2590297.0983     8.1005   3.701E+02    49     0    299
3d_5d_3Pe[1]        3.0    2590731.8444     8.0874   3.707E+02    49     0    300
3d_5d_3Pe[2]        5.0    2591518.4324     8.0639   3.718E+02    49     0    301
3d_5d_1Ge[4]        9.0    2592343.0853     8.0391   3.729E+02    50     0    302
3d_5f_1Go[4]        9.0    2602423.9523     7.7369   3.875E+02    51     0    303
3s_9s_1Se           1.0    2603211.2062     7.7133   3.887E+02    50     0    304
3d_5f_3Ho[4]        9.0    2603547.7310     7.7032   3.892E+02    52     0    305
3s_9s_3Se           3.0    2603777.4130     7.6963   3.895E+02    49     0    306
3d_5f_3Ho[5]       11.0    2604139.4621     7.6855   3.901E+02    52     0    307
3d_5f_3Fo[2]        5.0    2604665.6156     7.6697   3.909E+02    52     0    308
3d_5f_3Fo[3]        7.0    2605139.6790     7.6555   3.916E+02    52     0    309
3d_5f_3Ho[6]       13.0    2605279.1461     7.6513   3.918E+02    52     0    310
3d_5f_3Fo[4]        9.0    2605843.5909     7.6344   3.927E+02    52     0    311
3d_5d_1Se[0]        1.0    2606939.3758     7.6016   3.944E+02    50     0    312
3d_5f_1Do[2]        5.0    2608654.3977     7.5501   3.971E+02    51     0    313
3s_9p_3Po           9.0    2610367.2470     7.4988   3.998E+02    52     0    314
3s_9p_1Po           3.0    2610635.2021     7.4908   4.002E+02    51     0    315
3d_5f_3Go[3]        7.0    2611103.1344     7.4767   4.010E+02    52     0    316
3d_5g_1He[5]       11.0    2611809.2675     7.4556   4.021E+02    50     0    317
3d_5f_3Go[4]        9.0    2611952.3742     7.4513   4.023E+02    52     0    318
3d_5g_3He[4]        9.0    2612486.3681     7.4353   4.032E+02    49     0    319
3d_5f_3Go[5]       11.0    2612634.7356     7.4308   4.034E+02    52     0    320
3d_5g_3Ge[3]        7.0    2612980.2447     7.4205   4.040E+02    49     0    321
3d_5g_3He[5]       11.0    2613388.9780     7.4082   4.047E+02    49     0    322
3d_5g_3Ge[4]        9.0    2613596.2577     7.4020   4.050E+02    49     0    323
3d_5f_3Do[2]        5.0    2613719.5017     7.3983   4.052E+02    52     0    324
3d_5f_3Do[1]        3.0    2613756.8319     7.3972   4.053E+02    52     0    325
3d_5f_3Do[3]        7.0    2613989.6295     7.3902   4.057E+02    52     0    326
3d_5g_3He[6]       13.0    2614026.3981     7.3891   4.057E+02    49     0    327
3d_5g_3Ge[5]       11.0    2614536.4700     7.3738   4.066E+02    49     0    328
3d_5g_3Ie[5]       11.0    2615478.4433     7.3456   4.081E+02    49     0    329
3d_5f_3Po[2]        5.0    2615552.9263     7.3433   4.083E+02    52     0    330
3d_5g_1Fe[3]        7.0    2615601.1430     7.3419   4.083E+02    50     0    331
3d_5g_1Ge[4]        9.0    2615728.9107     7.3381   4.085E+02    50     0    332
3d_5f_3Po[1]        3.0    2616019.3463     7.3293   4.090E+02    52     0    333
3d_5g_3Fe[2]        5.0    2616049.3658     7.3284   4.091E+02    49     0    334
3d_5g_3Ie[6]       13.0    2616100.5871     7.3269   4.092E+02    49     0    335
3d_5g_3Fe[3]        7.0    2616239.2415     7.3228   4.094E+02    49     0    336
3d_5f_3Po[0]        1.0    2616288.5868     7.3213   4.095E+02    52     0    337
3d_5f_1Fo[3]        7.0    2616456.8895     7.3162   4.098E+02    51     0    338
3d_5g_3Fe[4]        9.0    2616811.8882     7.3056   4.104E+02    49     0    339
3d_5g_3Ie[7]       15.0    2617106.8535     7.2967   4.109E+02    49     0    340
3s_9d_3De          15.0    2618645.9515     7.2506   4.135E+02    49     0    341
3s_9d_1De           5.0    2618883.4439     7.2435   4.139E+02    50     0    342
3d_5g_1Ie[6]       13.0    2620413.6899     7.1976   4.165E+02    50     0    343
3d_5g_3De[3]        7.0    2620523.8642     7.1943   4.167E+02    49     0    344
3d_5g_3De[2]        5.0    2621002.8626     7.1799   4.175E+02    49     0    345
3d_5g_3De[1]        3.0    2621678.9737     7.1597   4.187E+02    49     0    346
3s_9f_3Fo          21.0    2623059.4742     7.1183   4.212E+02    52     0    347
3d_5g_1De[2]        5.0    2623236.8736     7.1130   4.215E+02    50     0    348
3s_9f_1Fo           7.0    2624370.0469     7.0790   4.235E+02    51     0    349
3s_9g_3Ge          27.0    2624492.6806     7.0753   4.237E+02    49     0    350
3d_5f_1Ho[5]       11.0    2624833.0880     7.0651   4.243E+02    51     0    351
3d_5f_1Po[1]        3.0    2625245.0364     7.0528   4.251E+02    51     0    352
3s_9g_1Ge           9.0    2625351.1518     7.0496   4.253E+02    50     0    353
3s_9z_3Z          168.0    2625742.6229     7.0378   4.260E+02    53     0    354
3s_9z_1Z           56.0    2625742.6229     7.0378   4.260E+02    54     0    355
3p_7s_3Po           9.0    2650564.9890     6.2937   4.763E+02    52     0    356
3p_7s_1Po           3.0    2651133.3978     6.2767   4.776E+02    51     0    357
3s_10s_3Se          3.0    2653514.8573     6.2053   4.831E+02    49     0    358
3s_10s_1Se          1.0    2653860.5913     6.1949   4.839E+02    50     0    359
3s_10p_3Po          9.0    2658778.7554     6.0475   4.957E+02    52     0    360
3s_10p_1Po          3.0    2659385.9782     6.0292   4.972E+02    51     0    361
3p_7p_3De          15.0    2663068.3901     5.9189   5.065E+02    49     0    362
3p_7p_1Pe           3.0    2663375.9488     5.9096   5.073E+02    50     0    363
3s_10d_1De          5.0    2663829.6112     5.8960   5.085E+02    50     0    364
3p_7p_3Pe           9.0    2665029.2070     5.8601   5.116E+02    49     0    365
3s_10d_3De         15.0    2666052.0312     5.8294   5.143E+02    49     0    366
3p_7p_3Se           3.0    2666582.7035     5.8135   5.157E+02    49     0    367
3p_7p_1De           5.0    2667874.8699     5.7748   5.191E+02    50     0    368
3s_10f_3Fo         21.0    2667913.3288     5.7736   5.192E+02    52     0    369
3s_10f_1Fo          7.0    2668313.3145     5.7616   5.203E+02    51     0    370
3s_10g_3Ge         27.0    2668890.2388     5.7443   5.219E+02    49     0    371
3s_10g_1Ge          9.0    2670005.3859     5.7109   5.249E+02    50     0    372
3s_10z_1Z          75.0    2670005.3859     5.7109   5.249E+02    54     0    373
3s_10z_3Z         225.0    2670005.3859     5.7109   5.249E+02    53     0    374
3p_7d_1Do           5.0    2681920.5588     5.3537   5.600E+02    51     0    375
3p_7d_3Do          15.0    2682159.2815     5.3465   5.607E+02    52     0    376
3p_7f_1Fe           7.0    2691018.4020     5.0809   5.900E+02    55     0    377
3p_7f_3Fe          21.0    2691511.6185     5.0661   5.918E+02    56     0    378
3p_7g_1Go           9.0    2693592.5924     5.0038   5.991E+02    51     0    379
3p_7g_3Go          27.0    2693870.0822     4.9954   6.001E+02    52     0    380
3s_11w_1W         121.0    2702857.8362     4.7260   6.343E+02    54     0    381
3s_11w_3W         363.0    2702857.8362     4.7260   6.343E+02    53     0    382
3s_12w_1W         144.0    2727903.4777     3.9751   7.542E+02    54     0    383
3s_12w_3W         432.0    2727903.4777     3.9751   7.542E+02    53     0    384
3s_13w_3W         507.0    2747429.9450     3.3898   8.844E+02    53     0    385
3s_13w_1W         169.0    2747429.9450     3.3898   8.844E+02    54     0    386
3s_14w_3W         588.0    2762945.4398     2.9246   1.025E+03    57     0    387
3s_14w_1W         196.0    2762945.4398     2.9246   1.025E+03    58     0    388
3p_8p_1Pe           3.0    2765314.3996     2.8536   1.051E+03    55     0    389
3p_8p_3Pe           9.0    2766306.7793     2.8238   1.062E+03    56     0    390
3s_15w_1W         225.0    2775476.6337     2.5489   1.176E+03    58     0    391
3s_15w_3W         675.0    2775476.6337     2.5489   1.176E+03    57     0    392
3p_8d_1Do           5.0    2777678.2541     2.4829   1.207E+03    59     0    393
3p_8d_3Do          15.0    2777693.7745     2.4825   1.208E+03    60     0    394
3p_8f_1Fe           7.0    2783818.1858     2.2989   1.304E+03    55     0    395
3p_8f_3Fe          21.0    2784128.7550     2.2896   1.309E+03    56     0    396
3p_8g_1Go           9.0    2785510.8838     2.2481   1.334E+03    59     0    397
3p_8g_3Go          27.0    2785642.8926     2.2442   1.336E+03    60     0    398
3s_16w_3W         768.0    2785741.8573     2.2412   1.338E+03    57     0    399
3s_16w_1W         256.0    2785741.8573     2.2412   1.338E+03    58     0    400
3s_17w_1W         289.0    2794255.8081     1.9860   1.510E+03    58     0    401
3s_17w_3W         867.0    2794255.8081     1.9860   1.510E+03    57     0    402
3s_18w_1W         324.0    2801395.0384     1.7719   1.692E+03    58     0    403
3s_18w_3W         972.0    2801395.0384     1.7719   1.692E+03    57     0    404
3d_6p_1Do           5.0    2802885.9033     1.7272   1.736E+03    59     0    405
3d_6p_3Do          15.0    2803601.3129     1.7058   1.758E+03    60     0    406
3s_19w_1W         361.0    2807440.1437     1.5907   1.885E+03    58     0    407
3s_19w_3W        1083.0    2807440.1437     1.5907   1.885E+03    57     0    408
3s_20w_1W         400.0    2812603.6600     1.4359   2.088E+03    58     0    409
3s_20w_3W        1200.0    2812603.6600     1.4359   2.088E+03    57     0    410
3s_21w_3W        1323.0    2817048.9427     1.3026   2.301E+03    57     0    411
3s_21w_1W         441.0    2817048.9427     1.3026   2.301E+03    58     0    412
3s_22w_1W         484.0    2820903.2105     1.1871   2.525E+03    58     0    413
3s_22w_3W        1452.0    2820903.2105     1.1871   2.525E+03    57     0    414
3s_23w_3W        1587.0    2824266.7255     1.0862   2.760E+03    57     0    415
3s_23w_1W         529.0    2824266.7255     1.0862   2.760E+03    58     0    416
3s_24w_3W        1728.0    2827219.3655     0.9977   3.005E+03    57     0    417
3s_24w_1W         576.0    2827219.3655     0.9977   3.005E+03    58     0    418
3s_25w_1W         625.0    2829825.4000     0.9196   3.260E+03    58     0    419
3s_25w_3W        1875.0    2829825.4000     0.9196   3.260E+03    57     0    420
3d_6d_1Fe           7.0    2831339.2389     0.8742   3.429E+03    61     0    421
3s_26w_3W        2028.0    2832137.0111     0.8503   3.526E+03    57     0    422
3s_26w_1W         676.0    2832137.0111     0.8503   3.526E+03    58     0    423
3d_6d_1Pe           3.0    2832329.0620     0.8445   3.550E+03    61     0    424
3s_27w_3W        2187.0    2834196.9210     0.7885   3.802E+03    57     0    425
3s_27w_1W         729.0    2834196.9210     0.7885   3.802E+03    58     0    426
3p_9p_3Pe           9.0    2834472.6452     0.7803   3.842E+03    62     0    427
3d_6d_3Fe          21.0    2834823.4479     0.7698   3.895E+03    62     0    428
3p_9p_1Pe           3.0    2835883.7115     0.7380   4.062E+03    61     0    429
3s_28w_3W        2352.0    2836040.3774     0.7333   4.088E+03    57     0    430
3s_28w_1W         784.0    2836040.3774     0.7333   4.088E+03    58     0    431
3s_29w_3W        2523.0    2837696.6690     0.6836   4.385E+03    57     0    432
3s_29w_1W         841.0    2837696.6690     0.6836   4.385E+03    58     0    433
3d_6d_3Pe           9.0    2839111.8264     0.6412   4.675E+03    62     0    434
3s_30w_3W        2700.0    2839190.2944     0.6388   4.693E+03    57     0    435
3s_30w_1W         900.0    2839190.2944     0.6388   4.693E+03    58     0    436
3p_9d_1Do           5.0    2843191.0361     0.5189   5.777E+03    59     0    437
3p_9d_3Do          15.0    2843393.8613     0.5128   5.846E+03    60     0    438
3d_6f_1Go           9.0    2845656.3600     0.4450   6.737E+03    59     0    439
3p_9f_1Fe           7.0    2847708.5623     0.3835   7.818E+03    61     0    440
3p_9f_3Fe          21.0    2847934.8712     0.3767   7.959E+03    62     0    441
3p_9g_3Go          27.0    2847950.4787     0.3762   7.968E+03    60     0    442
3d_6f_1Do           5.0    2849214.7636     0.3383   8.861E+03    59     0    443
3p_9g_1Go           9.0    2849292.8097     0.3360   8.923E+03    59     0    444
3d_6f_3Go          27.0    2851540.7526     0.2686   1.116E+04    60     0    445
3d_6f_3Do          15.0    2851868.6111     0.2588   1.159E+04    60     0    446
3d_6g_1Fe           7.0    2852977.1471     0.2255   1.329E+04    61     0    447
3d_6g_3Fe          21.0    2853406.5362     0.2127   1.410E+04    62     0    448
