********************************************************************************
                                                                                
                Super levels assignments for CaXI
                E%LS=2
                                                               
                         g          E(cm^-1)     10^15 Hz      eV        Lam(A) 
********************************************************************************
                                                                                
17-Jun-2014                                      !Format date                   
07-Mar-2017                            !Date
209                                    !Number of energy levels
6                                      !Entry number of link to super level
  
2s2_2p6_1Se[0]           1.0          0.0000   143.1209   2.095E+01     1     0      1
2s2_2p5_3s_3Po[2]        5.0    2802981.0000    59.0897   5.074E+01     2     0      2
2s2_2p5_3s_3Po[1]        3.0    2812007.0000    58.8191   5.097E+01     2     0      3
2s2_2p5_3s_3Po[0]        1.0    2832599.0000    58.2017   5.151E+01     2     0      4
2s2_2p5_3s_1Po[1]        3.0    2840881.0000    57.9534   5.173E+01     3     0      5
2s2_2p5_3p_3Se[1]        3.0    2954899.0000    54.5353   5.497E+01     4     0      6
2s2_2p5_3p_3De[2]        5.0    2980503.0000    53.7677   5.576E+01     4     0      7
2s2_2p5_3p_3De[3]        7.0    2980607.0000    53.7646   5.576E+01     4     0      8
2s2_2p5_3p_1Pe[1]        3.0    2989093.0000    53.5102   5.603E+01     5     0      9
2s2_2p5_3p_3Pe[2]        5.0    2995555.0000    53.3164   5.623E+01     6     0     10
2s2_2p5_3p_3De[1]        3.0    3009738.0000    52.8912   5.668E+01     4     0     11
2s2_2p5_3p_3Pe[0]        1.0    3011632.0000    52.8345   5.674E+01     6     0     12
2s2_2p5_3p_1De[2]        5.0    3018547.0000    52.6272   5.697E+01     5     0     13
2s2_2p5_3p_3Pe[1]        3.0    3019133.0000    52.6096   5.698E+01     6     0     14
2s2_2p5_3p_1Se[0]        1.0    3115287.0000    49.7270   6.029E+01     7     0     15
2s2_2p5_3d_3Po[0]        1.0    3198931.0000    47.2194   6.349E+01     8     0     16
2s2_2p5_3d_3Po[1]        3.0    3202267.0000    47.1194   6.362E+01     8     0     17
2s2_2p5_3d_3Po[2]        5.0    3208912.0000    46.9202   6.389E+01     8     0     18
2s2_2p5_3d_3Fo[4]        9.0    3212670.0000    46.8075   6.405E+01     8     0     19
2s2_2p5_3d_3Fo[3]        7.0    3216449.0000    46.6942   6.420E+01     8     0     20
2s2_2p5_3d_3Fo[2]        5.0    3223774.0000    46.4746   6.451E+01     8     0     21
2s2_2p5_3d_3Do[3]        7.0    3229183.0000    46.3124   6.473E+01     8     0     22
2s2_2p5_3d_3Do[1]        3.0    3244079.0000    45.8659   6.536E+01     8     0     23
2s2_2p5_3d_1Do[2]        5.0    3248510.0000    45.7330   6.555E+01     9     0     24
2s2_2p5_3d_3Do[2]        5.0    3252559.0000    45.6117   6.573E+01     8     0     25
2s2_2p5_3d_1Fo[3]        7.0    3252922.0000    45.6008   6.574E+01     9     0     26
2s2_2p5_3d_1Po[1]        3.0    3292681.0000    44.4088   6.751E+01     9     0     27
2s_2p6_3s_3Se[1]         3.0    3540720.0000    36.9728   8.108E+01    10     0     28
2s_2p6_3s_1Se[0]         1.0    3575696.0000    35.9243   8.345E+01    11     0     29
2s_2p6_3p_3Po[0]         1.0    3710358.0000    31.8872   9.402E+01    12     0     30
2s_2p6_3p_3Po[1]         3.0    3711378.0000    31.8566   9.411E+01    12     0     31
2s_2p6_3p_3Po[2]         5.0    3714697.0000    31.7571   9.440E+01    12     0     32
2s_2p6_3p_1Po[1]         3.0    3729305.0000    31.3192   9.572E+01    13     0     33
2s2_2p5_4s_3Po[2]        5.0    3758137.0000    30.4548   9.844E+01    14     0     34
2s2_2p5_4s_1Po[1]        3.0    3759198.0000    30.4230   9.854E+01    13     0     35
2s2_2p5_4s_3Po[0]        1.0    3786068.0000    29.6175   1.012E+02    14     0     36
2s2_2p5_4s_3Po[1]        3.0    3787298.0000    29.5806   1.013E+02    14     0     37
2s2_2p5_4p_3Se[1]        3.0    3817289.0000    28.6815   1.045E+02    15     0     38
2s2_2p5_4p_3De[3]        7.0    3821610.0000    28.5519   1.050E+02    15     0     39
2s2_2p5_4p_3De[2]        5.0    3821824.0000    28.5455   1.050E+02    15     0     40
2s2_2p5_4p_1Pe[1]        3.0    3825457.0000    28.4366   1.054E+02    16     0     41
2s2_2p5_4p_3Pe[2]        5.0    3827303.0000    28.3813   1.056E+02    15     0     42
2s2_2p5_4p_3Pe[0]        1.0    3841566.0000    27.9537   1.072E+02    15     0     43
2s2_2p5_4p_3De[1]        3.0    3850263.0000    27.6929   1.083E+02    15     0     44
2s2_2p5_4p_1De[2]        5.0    3853865.0000    27.5850   1.087E+02    16     0     45
2s2_2p5_4p_3Pe[1]        3.0    3853986.0000    27.5813   1.087E+02    15     0     46
2s2_2p5_4p_1Se[0]        1.0    3881783.0000    26.7480   1.121E+02    16     0     47
2s2_2p5_4d_3Po[0]        1.0    3902206.0000    26.1357   1.147E+02    17     0     48
2s2_2p5_4d_3Po[1]        3.0    3903983.0000    26.0825   1.149E+02    17     0     49
2s2_2p5_4d_3Fo[4]        9.0    3906556.0000    26.0053   1.153E+02    17     0     50
2s2_2p5_4d_3Po[2]        5.0    3906995.0000    25.9922   1.153E+02    17     0     51
2s2_2p5_4d_3Fo[3]        7.0    3908285.0000    25.9535   1.155E+02    17     0     52
2s2_2p5_4d_1Do[2]        5.0    3911119.0000    25.8685   1.159E+02    18     0     53
2s2_2p5_4d_3Do[3]        7.0    3912695.0000    25.8213   1.161E+02    17     0     54
2s2_2p5_4f_3De[1]        3.0    3919523.0000    25.6166   1.170E+02    19     0     55
2s2_2p5_4f_3De[2]        5.0    3921345.0000    25.5620   1.173E+02    19     0     56
2s2_2p5_4d_3Do[1]        3.0    3922768.0000    25.5193   1.175E+02    17     0     57
2s_2p6_3d_3De[3]         7.0    3925016.0000    25.4519   1.178E+02    19     0     58
2s2_2p5_4f_1De[2]        5.0    3935448.0000    25.1392   1.193E+02    20     0     59
2s2_2p5_4d_3Fo[2]        5.0    3937498.0000    25.0777   1.195E+02    17     0     60
2s2_2p5_4d_3Do[2]        5.0    3938520.0000    25.0471   1.197E+02    17     0     61
2s2_2p5_4d_1Fo[3]        7.0    3939630.0000    25.0138   1.199E+02    18     0     62
2s2_2p5_4f_1Ge[4]        9.0    3940509.0000    24.9874   1.200E+02    20     0     63
2s2_2p5_4f_3Ge[5]       11.0    3940537.0000    24.9866   1.200E+02    19     0     64
2s2_2p5_4f_1Fe[3]        7.0    3942880.0000    24.9164   1.203E+02    20     0     65
2s2_2p5_4f_3Fe[4]        9.0    3943101.0000    24.9097   1.204E+02    19     0     66
2s2_2p5_4d_1Po[1]        3.0    3953156.0000    24.6083   1.218E+02    18     0     67
2s2_2p5_4f_3Fe[3]        7.0    3953718.0000    24.5914   1.219E+02    19     0     68
2s2_2p5_4f_3Fe[2]        5.0    3956293.0000    24.5142   1.223E+02    19     0     69
2s_2p6_3d_3De[1]         3.0    3964291.0000    24.2745   1.235E+02    19     0     70
2s_2p6_3d_1De[2]         5.0    3969738.0000    24.1112   1.243E+02    20     0     71
2s2_2p5_4f_3Ge[3]        7.0    3970924.0000    24.0756   1.245E+02    19     0     72
2s2_2p5_4f_3Ge[4]        9.0    3971202.0000    24.0673   1.246E+02    19     0     73
2s2_2p5_4f_3De[3]        7.0    3979938.0000    23.8054   1.259E+02    19     0     74
2s_2p6_3d_3De[2]         5.0    3981284.0000    23.7650   1.261E+02    19     0     75
2s2_2p5_5s_3Po[2]        5.0    4149783.0000    18.7136   1.602E+02    21     0     76
2s2_2p5_5s_1Po[1]        3.0    4151197.0000    18.6712   1.606E+02    22     0     77
2s2_2p5_5s_3Po[0]        1.0    4179381.0000    17.8262   1.682E+02    21     0     78
2s2_2p5_5s_3Po[1]        3.0    4180122.0000    17.8040   1.684E+02    21     0     79
2s2_2p5_5p_3Se[1]        3.0    4180267.0000    17.7997   1.684E+02    23     0     80
2s2_2p5_5p_3De[3]        7.0    4182863.0000    17.7218   1.692E+02    23     0     81
2s2_2p5_5p_3De[2]        5.0    4182871.0000    17.7216   1.692E+02    23     0     82
2s2_2p5_5p_1Pe[1]        3.0    4184324.0000    17.6780   1.696E+02    24     0     83
2s2_2p5_5p_3Pe[2]        5.0    4185142.0000    17.6535   1.698E+02    23     0     84
2s2_2p5_5p_3Pe[0]        1.0    4194967.0000    17.3590   1.727E+02    23     0     85
2s2_2p5_5p_3De[1]        3.0    4211907.0000    16.8511   1.779E+02    23     0     86
2s2_2p5_5p_3Pe[1]        3.0    4213010.0000    16.8181   1.783E+02    23     0     87
2s2_2p5_5p_1De[2]        5.0    4213578.0000    16.8010   1.784E+02    24     0     88
2s2_2p5_5d_3Po[0]        1.0    4221120.0000    16.5749   1.809E+02    21     0     89
2s2_2p5_5d_3Po[1]        3.0    4222104.0000    16.5454   1.812E+02    21     0     90
2s2_2p5_5d_3Fo[4]        9.0    4223172.0000    16.5134   1.815E+02    25     0     91
2s2_2p5_5p_1Se[0]        1.0    4223180.0000    16.5132   1.815E+02    24     0     92
2s2_2p5_5d_3Po[2]        5.0    4223594.0000    16.5008   1.817E+02    21     0     93
2s2_2p5_5d_3Fo[3]        7.0    4224044.0000    16.4873   1.818E+02    25     0     94
2s2_2p5_5d_1Do[2]        5.0    4225363.0000    16.4477   1.823E+02    22     0     95
2s2_2p5_5d_3Do[3]        7.0    4226072.0000    16.4265   1.825E+02    25     0     96
2s2_2p5_5d_3Do[1]        3.0    4232399.0000    16.2368   1.846E+02    25     0     97
2s2_2p5_5f_3Ge[5]       11.0    4240353.0000    15.9983   1.874E+02    26     0     98
2s2_2p5_5f_1Ge[4]        9.0    4240366.0000    15.9979   1.874E+02    24     0     99
2s2_2p5_5f_3De[1]        3.0    4240477.0000    15.9946   1.874E+02    26     0    100
2s2_2p5_5f_3De[2]        5.0    4240688.0000    15.9883   1.875E+02    26     0    101
2s2_2p5_5f_3Fe[3]        7.0    4241370.0000    15.9678   1.877E+02    23     0    102
2s2_2p5_5f_3Fe[2]        5.0    4241450.0000    15.9654   1.878E+02    23     0    103
2s2_2p5_5g_3Fo[2]        5.0    4241458.0000    15.9652   1.878E+02    25     0    104
2s2_2p5_5g_3Fo[3]        7.0    4241505.0000    15.9638   1.878E+02    25     0    105
2s2_2p5_5f_1Fe[3]        7.0    4241518.0000    15.9634   1.878E+02    24     0    106
2s2_2p5_5f_3Fe[4]        9.0    4241647.0000    15.9595   1.878E+02    23     0    107
2s2_2p5_5g_1Ho[5]       11.0    4241836.0000    15.9539   1.879E+02    27     0    108
2s2_2p5_5g_3Ho[6]       13.0    4241905.0000    15.9518   1.879E+02    25     0    109
2s2_2p5_5g_3Go[3]        7.0    4242167.0000    15.9440   1.880E+02    25     0    110
2s2_2p5_5g_3Go[4]        9.0    4242212.0000    15.9426   1.880E+02    25     0    111
2s2_2p5_5g_1Go[4]        9.0    4242449.0000    15.9355   1.881E+02    27     0    112
2s2_2p5_5g_3Go[5]       11.0    4242512.0000    15.9336   1.882E+02    25     0    113
2s2_2p5_5d_3Fo[2]        5.0    4253317.0000    15.6097   1.921E+02    25     0    114
2s2_2p5_5d_3Do[2]        5.0    4253659.0000    15.5994   1.922E+02    25     0    115
2s2_2p5_5d_1Fo[3]        7.0    4254372.0000    15.5781   1.924E+02    27     0    116
2s2_2p5_5d_1Po[1]        3.0    4259913.0000    15.4119   1.945E+02    27     0    117
2s2_2p5_5f_3Ge[3]        7.0    4270326.0000    15.0998   1.985E+02    26     0    118
2s2_2p5_5f_3Ge[4]        9.0    4270495.0000    15.0947   1.986E+02    26     0    119
2s2_2p5_5f_3De[3]        7.0    4270841.0000    15.0843   1.987E+02    26     0    120
2s2_2p5_5f_1De[2]        5.0    4270895.0000    15.0827   1.988E+02    28     0    121
2s2_2p5_5g_1Fo[3]        7.0    4271616.0000    15.0611   1.991E+02    27     0    122
2s2_2p5_5g_3Fo[4]        9.0    4271665.0000    15.0596   1.991E+02    25     0    123
2s2_2p5_5g_3Ho[4]        9.0    4271702.0000    15.0585   1.991E+02    25     0    124
2s2_2p5_5g_3Ho[5]       11.0    4271759.0000    15.0568   1.991E+02    25     0    125
2s2_2p5_6s_3Po[2]        5.0    4361326.0000    12.3717   2.423E+02    29     0    126
2s2_2p5_6s_1Po[1]        3.0    4362121.0000    12.3478   2.428E+02    30     0    127
2s2_2p5_6p_3Se[1]        3.0    4378382.0000    11.8603   2.528E+02    31     0    128
2s2_2p5_6p_3De[3]        7.0    4379845.0000    11.8165   2.537E+02    31     0    129
2s2_2p5_6p_3De[2]        5.0    4379863.0000    11.8159   2.537E+02    31     0    130
2s2_2p5_6p_1Pe[1]        3.0    4380666.0000    11.7919   2.542E+02    32     0    131
2s2_2p5_6p_3Pe[2]        5.0    4381093.0000    11.7791   2.545E+02    31     0    132
2s2_2p5_6p_3Pe[0]        1.0    4387317.0000    11.5925   2.586E+02    31     0    133
2s2_2p5_6s_3Po[0]        1.0    4390409.0000    11.4998   2.607E+02    29     0    134
2s2_2p5_6s_3Po[1]        3.0    4390799.0000    11.4881   2.610E+02    29     0    135
2s2_2p5_6d_3Po[0]        1.0    4401255.0000    11.1746   2.683E+02    29     0    136
2s2_2p5_6d_3Po[1]        3.0    4401831.0000    11.1573   2.687E+02    29     0    137
2s2_2p5_6d_3Fo[4]        9.0    4402347.0000    11.1419   2.691E+02    29     0    138
2s2_2p5_6d_3Po[2]        5.0    4402649.0000    11.1328   2.693E+02    29     0    139
2s2_2p5_6d_3Fo[3]        7.0    4402850.0000    11.1268   2.694E+02    29     0    140
2s2_2p5_6d_1Do[2]        5.0    4403571.0000    11.1052   2.700E+02    30     0    141
2s2_2p5_6d_3Do[3]        7.0    4403953.0000    11.0937   2.702E+02    29     0    142
2s2_2p5_6d_1Po[1]        3.0    4407972.0000    10.9732   2.732E+02    30     0    143
2s2_2p5_6p_3De[1]        3.0    4408640.0000    10.9532   2.737E+02    31     0    144
2s2_2p5_6p_3Pe[1]        3.0    4409111.0000    10.9391   2.741E+02    31     0    145
2s2_2p5_6p_1De[2]        5.0    4409552.0000    10.9259   2.744E+02    32     0    146
2s2_2p5_6p_1Se[0]        1.0    4413906.0000    10.7953   2.777E+02    32     0    147
2s2_2p5_6d_3Fo[2]        5.0    4431736.0000    10.2608   2.922E+02    29     0    148
2s2_2p5_6d_3Do[2]        5.0    4431901.0000    10.2559   2.923E+02    29     0    149
2s2_2p5_6d_1Fo[3]        7.0    4432328.0000    10.2431   2.927E+02    30     0    150
2s2_2p5_6d_3Do[1]        3.0    4435173.0000    10.1578   2.951E+02    29     0    151
2s2_2p5_7s_3Po[2]        5.0    4479113.0000     8.8405   3.391E+02    33     0    152
2s2_2p5_7s_1Po[1]        3.0    4479620.0000     8.8253   3.397E+02    34     0    153
2s_2p6_4s_3Se[1]         3.0    4483427.0000     8.7112   3.441E+02    35     0    154
2s2_2p5_7p_3De[3]        7.0    4490550.0000     8.4976   3.528E+02    35     0    155
2s2_2p5_7p_3De[2]        5.0    4490564.0000     8.4972   3.528E+02    35     0    156
2s2_2p5_7p_1Pe[1]        3.0    4491010.0000     8.4838   3.534E+02    36     0    157
2s2_2p5_7p_3Pe[2]        5.0    4491294.0000     8.4753   3.537E+02    35     0    158
2s2_2p5_7p_3Se[1]        3.0    4492591.0000     8.4364   3.554E+02    35     0    159
2s2_2p5_7p_1Se[0]        1.0    4492990.0000     8.4245   3.559E+02    36     0    160
2s_2p6_4s_1Se[0]         1.0    4499067.0000     8.2423   3.637E+02    36     0    161
2s2_2p5_7d_3Po[0]        1.0    4503732.0000     8.1024   3.700E+02    33     0    162
2s2_2p5_7d_3Po[1]        3.0    4504097.0000     8.0915   3.705E+02    33     0    163
2s2_2p5_7d_3Fo[4]        9.0    4504414.0000     8.0820   3.709E+02    33     0    164
2s2_2p5_7d_3Po[2]        5.0    4504611.0000     8.0761   3.712E+02    33     0    165
2s2_2p5_7d_3Fo[3]        7.0    4504717.0000     8.0729   3.714E+02    33     0    166
2s2_2p5_7d_1Do[2]        5.0    4505143.0000     8.0601   3.719E+02    34     0    167
2s2_2p5_7d_3Do[3]        7.0    4505368.0000     8.0534   3.723E+02    33     0    168
2s2_2p5_7d_1Po[1]        3.0    4507673.0000     7.9843   3.755E+02    34     0    169
2s2_2p5_7s_3Po[0]        1.0    4508175.0000     7.9692   3.762E+02    33     0    170
2s2_2p5_7s_3Po[1]        3.0    4508835.0000     7.9494   3.771E+02    33     0    171
2s2_2p5_7p_3De[1]        3.0    4519499.0000     7.6297   3.929E+02    35     0    172
2s2_2p5_7p_1De[2]        5.0    4520011.0000     7.6144   3.937E+02    36     0    173
2s2_2p5_7p_3Pe[1]        3.0    4520089.0000     7.6121   3.938E+02    35     0    174
2s2_2p5_7p_3Pe[0]        1.0    4522933.0000     7.5268   3.983E+02    35     0    175
2s2_2p5_7d_3Fo[2]        5.0    4533687.0000     7.2044   4.161E+02    33     0    176
2s2_2p5_7d_3Do[2]        5.0    4533757.0000     7.2023   4.162E+02    33     0    177
2s2_2p5_7d_1Fo[3]        7.0    4534041.0000     7.1938   4.167E+02    34     0    178
2s2_2p5_7d_3Do[1]        3.0    4535715.0000     7.1436   4.197E+02    33     0    179
2s_2p6_4p_3Po[0]         1.0    4552461.0000     6.6416   4.514E+02    33     0    180
2s_2p6_4p_3Po[1]         3.0    4552927.0000     6.6276   4.523E+02    33     0    181
2s_2p6_4p_3Po[2]         5.0    4554449.0000     6.5820   4.555E+02    33     0    182
2s_2p6_4p_1Po[1]         3.0    4557898.0000     6.4786   4.627E+02    34     0    183
2s_2p6_4d_3De[1]         3.0    4636282.0000     4.1287   7.261E+02    37     0    184
2s_2p6_4d_3De[2]         5.0    4636466.0000     4.1232   7.271E+02    37     0    185
2s_2p6_4d_3De[3]         7.0    4636758.0000     4.1144   7.286E+02    37     0    186
2s_2p6_4d_1De[2]         5.0    4644957.0000     3.8686   7.749E+02    38     0    187
2s_2p6_4f_3Fo[2]         5.0    4670042.0000     3.1166   9.619E+02    39     0    188
2s_2p6_4f_3Fo[3]         7.0    4670109.0000     3.1146   9.625E+02    39     0    189
2s_2p6_4f_3Fo[4]         9.0    4670232.0000     3.1109   9.637E+02    39     0    190
2s_2p6_4f_1Fo[3]         7.0    4670696.0000     3.0970   9.680E+02    40     0    191
2s_2p6_5s_3Se[1]         3.0    4879186.0000    -3.1534  -9.507E+02    41     0    192
2s_2p6_5s_1Se[0]         1.0    4884022.0000    -3.2984  -9.089E+02    42     0    193
2s_2p6_5p_3Po[0]         1.0    4911672.0000    -4.1273  -7.264E+02    43     0    194
2s_2p6_5p_3Po[1]         3.0    4911897.0000    -4.1340  -7.252E+02    43     0    195
2s_2p6_5p_3Po[2]         5.0    4912640.0000    -4.1563  -7.213E+02    43     0    196
2s_2p6_5p_1Po[1]         3.0    4914228.0000    -4.2039  -7.131E+02    44     0    197
2s_2p6_5d_3De[1]         3.0    4952102.0000    -5.3394  -5.615E+02    41     0    198
2s_2p6_5d_3De[2]         5.0    4952193.0000    -5.3421  -5.612E+02    41     0    199
2s_2p6_5d_3De[3]         7.0    4952337.0000    -5.3464  -5.607E+02    41     0    200
2s_2p6_5d_1De[2]         5.0    4956279.0000    -5.4646  -5.486E+02    42     0    201
2s_2p6_5f_3Fo[2]         5.0    4969104.0000    -5.8491  -5.125E+02    43     0    202
2s_2p6_5f_3Fo[3]         7.0    4969139.0000    -5.8501  -5.125E+02    43     0    203
2s_2p6_5f_3Fo[4]         9.0    4969199.0000    -5.8519  -5.123E+02    43     0    204
2s_2p6_5f_1Fo[3]         7.0    4969540.0000    -5.8621  -5.114E+02    44     0    205
2s_2p6_5g_3Ge[3]         7.0    4970453.0000    -5.8895  -5.090E+02    41     0    206
2s_2p6_5g_3Ge[4]         9.0    4970457.0000    -5.8896  -5.090E+02    41     0    207
2s_2p6_5g_3Ge[5]        11.0    4970508.0000    -5.8912  -5.089E+02    41     0    208
2s_2p6_5g_1Ge[4]         9.0    4970516.0000    -5.8914  -5.089E+02    42     0    209
