********************************************************************************
                                                                                
                 Super level assignments for Fe XV
                 E%LS=5
                                                                                
                    g        E(cm^-1)    10^15 Hz     eV       Lam(A)       ID  
********************************************************************************
                                                                                
17-Oct-2000                                      !Format date                   
08-Aug-2017                            !Date
448                                    !Number of energy levels
6                                      !Entry number of link to super level
  
3s2_1Se[0]          1.0          0.0000   110.3086   2.718E+01     1     0      1
3s_3p_3Po[0]        1.0     233842.0000   103.2982   2.902E+01     2     0      2
3s_3p_3Po[1]        3.0     239660.0000   103.1238   2.907E+01     2     0      3
3s_3p_3Po[2]        5.0     253820.0000   102.6993   2.919E+01     2     0      4
3s_3p_1Po[1]        3.0     351911.0000    99.7586   3.005E+01     3     0      5
3p2_3Pe[0]          1.0     554524.0000    93.6844   3.200E+01     4     0      6
3p2_1De[2]          5.0     559600.0000    93.5322   3.205E+01     5     0      7
3p2_3Pe[1]          3.0     564602.0000    93.3823   3.210E+01     4     0      8
3p2_3Pe[2]          5.0     581803.0000    92.8666   3.228E+01     4     0      9
3p2_1Se[0]          1.0     659627.0000    90.5335   3.311E+01     6     0     10
3s_3d_3De[1]        3.0     678772.0000    89.9596   3.333E+01     7     0     11
3s_3d_3De[2]        5.0     679785.0000    89.9292   3.334E+01     7     0     12
3s_3d_3De[3]        7.0     681416.0000    89.8803   3.335E+01     7     0     13
3s_3d_1De[2]        5.0     762093.0000    87.4617   3.428E+01     8     0     14
3p_3d_3Fo[2]        5.0     928241.0000    82.4807   3.635E+01     9     0     15
3p_3d_3Fo[3]        7.0     938126.0000    82.1843   3.648E+01     9     0     16
3p_3d_1Do[2]        5.0     948513.0000    81.8729   3.662E+01    10     0     17
3p_3d_3Fo[4]        9.0     949658.0000    81.8386   3.663E+01     9     0     18
3p_3d_3Do[1]        3.0     982868.0000    80.8430   3.708E+01    11     0     19
3p_3d_3Po[2]        5.0     983514.0000    80.8236   3.709E+01    11     0     20
3p_3d_3Do[3]        7.0     994852.0000    80.4837   3.725E+01    11     0     21
3p_3d_3Po[0]        1.0     995889.0000    80.4526   3.726E+01    11     0     22
3p_3d_3Po[1]        3.0     996243.0000    80.4420   3.727E+01    11     0     23
3p_3d_3Do[2]        5.0     996623.0000    80.4306   3.727E+01    11     0     24
3p_3d_1Fo[3]        7.0    1062515.0000    78.4552   3.821E+01    12     0     25
3p_3d_1Po[1]        3.0    1074887.0000    78.0843   3.839E+01    12     0     26
3d2_3Fe[2]          5.0    1370331.0000    69.2271   4.331E+01    13     0     27
3d2_3Fe[3]          7.0    1372035.0000    69.1761   4.334E+01    13     0     28
3d2_3Fe[4]          9.0    1374056.0000    69.1155   4.338E+01    13     0     29
3d2_1De[2]          5.0    1402592.0000    68.2600   4.392E+01    14     0     30
3d2_3Pe[0]          1.0    1405515.5000    68.1723   4.398E+01    13     0     31
3d2_3Pe[1]          3.0    1406173.8750    68.1526   4.399E+01    13     0     32
3d2_1Ge[4]          9.0    1407058.0000    68.1261   4.401E+01    14     0     33
3d2_3Pe[2]          5.0    1407773.0000    68.1047   4.402E+01    13     0     34
3d2_1Se[0]          1.0    1487054.0000    65.7279   4.561E+01    15     0     35
3s_4s_3Se[1]        3.0    1763700.0000    57.4342   5.220E+01    16     0     36
3s_4s_1Se[0]        1.0    1787000.0000    56.7357   5.284E+01    17     0     37
3s_4p_3Po[0]        1.0    1880319.4360    53.9381   5.558E+01    18     0     38
3s_4p_3Po[1]        3.0    1880746.2400    53.9253   5.559E+01    18     0     39
3s_4p_3Po[2]        5.0    1887756.2620    53.7151   5.581E+01    18     0     40
3s_4p_1Po[1]        3.0    1889970.0000    53.6488   5.588E+01    19     0     41
3s_4d_3De[1]        3.0    2031310.0000    49.4115   6.067E+01    20     0     42
3s_4d_3De[2]        5.0    2032020.0000    49.3902   6.070E+01    20     0     43
3s_4d_3De[3]        7.0    2033180.0000    49.3554   6.074E+01    20     0     44
3s_4d_1De[2]        5.0    2035280.0000    49.2925   6.082E+01    21     0     45
3p_4s_3Po[0]        1.0    2051778.5860    48.7979   6.144E+01    22     0     46
3p_4s_3Po[1]        3.0    2055514.4750    48.6859   6.158E+01    22     0     47
3p_4s_3Po[2]        5.0    2072083.8970    48.1891   6.221E+01    22     0     48
3p_4s_1Po[1]        3.0    2086607.7850    47.7537   6.278E+01    23     0     49
3s_4f_3Fo[2]        5.0    2108550.0000    47.0959   6.366E+01    22     0     50
3s_4f_3Fo[3]        7.0    2108630.0000    47.0935   6.366E+01    22     0     51
3s_4f_3Fo[4]        9.0    2108880.0000    47.0860   6.367E+01    22     0     52
3s_4f_1Fo[3]        7.0    2123150.0000    46.6582   6.425E+01    23     0     53
3p_4p_3De[1]        3.0    2153046.4470    45.7619   6.551E+01    24     0     54
3p_4p_1Pe[1]        3.0    2167343.8890    45.3333   6.613E+01    25     0     55
3p_4p_3De[2]        5.0    2169173.9280    45.2784   6.621E+01    24     0     56
3p_4p_3Pe[0]        1.0    2175103.4020    45.1007   6.647E+01    24     0     57
3p_4p_3Pe[1]        3.0    2182790.7970    44.8702   6.681E+01    24     0     58
3p_4p_3De[3]        7.0    2184242.5210    44.8267   6.688E+01    24     0     59
3p_4p_3Pe[2]        5.0    2190674.1170    44.6339   6.717E+01    24     0     60
3p_4p_3Se[1]        3.0    2192597.6890    44.5762   6.725E+01    24     0     61
3p_4p_1De[2]        5.0    2209221.3840    44.0778   6.801E+01    25     0     62
3p_4p_1Se[0]        1.0    2239314.2650    43.1757   6.944E+01    25     0     63
3p_4d_3Do[1]        3.0    2311999.6740    40.9966   7.313E+01    26     0     64
3p_4d_1Do[2]        5.0    2312326.7920    40.9868   7.314E+01    27     0     65
3p_4d_3Do[2]        5.0    2312835.8060    40.9716   7.317E+01    26     0     66
3p_4d_3Do[3]        7.0    2314466.2270    40.9227   7.326E+01    26     0     67
3p_4d_3Fo[2]        5.0    2329647.7980    40.4676   7.408E+01    26     0     68
3p_4d_3Fo[3]        7.0    2331021.4960    40.4264   7.416E+01    26     0     69
3p_4d_3Fo[4]        9.0    2338064.0080    40.2152   7.455E+01    26     0     70
3p_4d_1Fo[3]        7.0    2338703.4760    40.1961   7.458E+01    27     0     71
3p_4d_3Po[2]        5.0    2342598.1230    40.0793   7.480E+01    26     0     72
3p_4d_3Po[1]        3.0    2343850.7220    40.0418   7.487E+01    26     0     73
3p_4d_3Po[0]        1.0    2347823.6420    39.9227   7.509E+01    26     0     74
3p_4d_1Po[1]        3.0    2351661.9240    39.8076   7.531E+01    27     0     75
3p_4f_3Ge[3]        7.0    2380160.0000    38.9532   7.696E+01    28     0     76
3p_4f_3Fe[3]        7.0    2386700.0000    38.7572   7.735E+01    28     0     77
3p_4f_3Ge[4]        9.0    2386700.0000    38.7572   7.735E+01    28     0     78
3p_4f_3Fe[2]        5.0    2390100.0000    38.6552   7.756E+01    28     0     79
3p_4f_1Fe[3]        7.0    2399796.5040    38.3645   7.814E+01    29     0     80
3p_4f_3Ge[5]       11.0    2402100.0000    38.2955   7.828E+01    28     0     81
3p_4f_3Fe[4]        9.0    2402507.9640    38.2833   7.831E+01    28     0     82
3p_4f_3De[3]        7.0    2413000.0000    37.9687   7.896E+01    28     0     83
3p_4f_3De[2]        5.0    2414300.0000    37.9297   7.904E+01    28     0     84
3p_4f_3De[1]        3.0    2420100.0000    37.7559   7.940E+01    28     0     85
3p_4f_1Ge[4]        9.0    2428700.0000    37.4980   7.995E+01    29     0     86
3p_4f_1De[2]        5.0    2436000.0000    37.2792   8.042E+01    29     0     87
3d_4s_3De[1]        3.0    2458814.8320    36.5952   8.192E+01    28     0     88
3d_4s_3De[2]        5.0    2459675.8240    36.5694   8.198E+01    28     0     89
3d_4s_3De[3]        7.0    2461461.0660    36.5159   8.210E+01    28     0     90
3d_4s_1De[2]        5.0    2470364.3840    36.2490   8.270E+01    29     0     91
3s_5s_3Se[1]        3.0    2507572.3880    35.1335   8.533E+01    30     0     92
3s_5s_1Se[0]        1.0    2517043.0550    34.8496   8.602E+01    29     0     93
3d_4p_1Do[2]        5.0    2561169.7630    33.5267   8.942E+01    31     0     94
3s_5p_3Po[1]        3.0    2564254.3700    33.4342   8.967E+01    32     0     95
3s_5p_3Po[0]        1.0    2564597.2400    33.4239   8.969E+01    32     0     96
3d_4p_3Do[1]        3.0    2566041.3340    33.3807   8.981E+01    32     0     97
3d_4p_3Do[2]        5.0    2567341.9300    33.3417   8.992E+01    32     0     98
3s_5p_3Po[2]        5.0    2568240.8270    33.3147   8.999E+01    32     0     99
3s_5p_1Po[1]        3.0    2568358.9740    33.3112   9.000E+01    31     0    100
3d_4p_3Do[3]        7.0    2569518.7780    33.2764   9.009E+01    32     0    101
3d_4p_3Fo[2]        5.0    2570526.4680    33.2462   9.017E+01    32     0    102
3d_4p_3Fo[3]        7.0    2573370.8440    33.1609   9.041E+01    32     0    103
3d_4p_3Fo[4]        9.0    2576531.9990    33.0661   9.066E+01    32     0    104
3d_4p_3Po[1]        3.0    2584287.8200    32.8336   9.131E+01    32     0    105
3d_4p_3Po[2]        5.0    2584326.7100    32.8325   9.131E+01    32     0    106
3d_4p_3Po[0]        1.0    2584699.3640    32.8213   9.134E+01    32     0    107
3d_4p_1Fo[3]        7.0    2596425.3970    32.4698   9.233E+01    31     0    108
3d_4p_1Po[1]        3.0    2607817.1750    32.1282   9.331E+01    31     0    109
3s_5d_3De[1]        3.0    2637143.0890    31.2491   9.594E+01    33     0    110
3s_5d_3De[2]        5.0    2637376.6740    31.2421   9.596E+01    33     0    111
3s_5d_3De[3]        7.0    2637804.4630    31.2292   9.600E+01    33     0    112
3s_5d_1De[2]        5.0    2640084.6890    31.1609   9.621E+01    34     0    113
3s_5f_3Fo[2]        5.0    2673354.2320    30.1635   9.939E+01    32     0    114
3s_5f_3Fo[3]        7.0    2673444.8110    30.1608   9.940E+01    32     0    115
3s_5f_3Fo[4]        9.0    2673575.0180    30.1569   9.941E+01    32     0    116
3s_5f_1Fo[3]        7.0    2679558.1500    29.9775   1.000E+02    31     0    117
3s_5g_3Ge[3]        7.0    2683089.2520    29.8716   1.004E+02    33     0    118
3s_5g_3Ge[4]        9.0    2683272.6250    29.8661   1.004E+02    33     0    119
3s_5g_3Ge[5]       11.0    2683494.1500    29.8595   1.004E+02    33     0    120
3s_5g_1Ge[4]        9.0    2686809.6340    29.7601   1.007E+02    34     0    121
3d_4d_1Fe[3]        7.0    2697717.2570    29.4331   1.019E+02    34     0    122
3d_4d_3De[1]        3.0    2702464.2820    29.2908   1.024E+02    33     0    123
3d_4d_3De[2]        5.0    2703625.8100    29.2560   1.025E+02    33     0    124
3d_4d_3De[3]        7.0    2705001.7230    29.2147   1.026E+02    33     0    125
3d_4d_3Ge[3]        7.0    2707726.2290    29.1330   1.029E+02    33     0    126
3d_4d_1Pe[1]        3.0    2708170.5090    29.1197   1.030E+02    34     0    127
3d_4d_3Ge[4]        9.0    2709064.2380    29.0929   1.030E+02    33     0    128
3d_4d_3Ge[5]       11.0    2710955.3190    29.0362   1.032E+02    33     0    129
3d_4d_3Se[1]        3.0    2720286.1800    28.7565   1.043E+02    33     0    130
3d_4d_3Fe[2]        5.0    2726401.4880    28.5732   1.049E+02    33     0    131
3d_4d_3Fe[3]        7.0    2727604.3670    28.5371   1.051E+02    33     0    132
3d_4d_3Fe[4]        9.0    2729075.2900    28.4930   1.052E+02    33     0    133
3d_4d_1De[2]        5.0    2743889.6220    28.0489   1.069E+02    34     0    134
3d_4d_3Pe[0]        1.0    2745181.6020    28.0102   1.070E+02    33     0    135
3d_4d_3Pe[1]        3.0    2745727.5370    27.9938   1.071E+02    33     0    136
3d_4d_3Pe[2]        5.0    2747024.4400    27.9549   1.072E+02    33     0    137
3d_4d_1Ge[4]        9.0    2752675.2860    27.7855   1.079E+02    34     0    138
3d_4f_3Ho[4]        9.0    2766350.2430    27.3755   1.095E+02    35     0    139
3d_4f_1Go[4]        9.0    2768154.4380    27.3215   1.097E+02    36     0    140
3d_4f_3Ho[5]       11.0    2768448.0810    27.3126   1.098E+02    35     0    141
3d_4f_3Ho[6]       13.0    2769807.7490    27.2719   1.099E+02    35     0    142
3d_4f_3Fo[2]        5.0    2775995.4230    27.0864   1.107E+02    35     0    143
3d_4f_3Fo[3]        7.0    2776790.2040    27.0626   1.108E+02    35     0    144
3d_4f_3Fo[4]        9.0    2777446.9010    27.0429   1.109E+02    35     0    145
3d_4d_1Se[0]        1.0    2781322.1040    26.9267   1.113E+02    37     0    146
3d_4f_1Do[2]        5.0    2787354.9560    26.7458   1.121E+02    36     0    147
3p_5s_3Po[0]        1.0    2790367.6900    26.6555   1.125E+02    35     0    148
3p_5s_3Po[1]        3.0    2792278.9550    26.5982   1.127E+02    35     0    149
3d_4f_3Go[3]        7.0    2798887.2790    26.4001   1.136E+02    35     0    150
3d_4f_3Go[4]        9.0    2800157.1070    26.3620   1.137E+02    35     0    151
3d_4f_3Go[5]       11.0    2801065.8500    26.3348   1.138E+02    35     0    152
3d_4f_3Do[1]        3.0    2805706.5430    26.1957   1.144E+02    35     0    153
3d_4f_3Do[2]        5.0    2805855.4570    26.1912   1.145E+02    35     0    154
3d_4f_3Do[3]        7.0    2806176.1750    26.1816   1.145E+02    35     0    155
3d_4f_3Po[2]        5.0    2808096.3010    26.1240   1.148E+02    35     0    156
3d_4f_3Po[1]        3.0    2810031.1950    26.0660   1.150E+02    35     0    157
3d_4f_3Po[0]        1.0    2810692.8150    26.0462   1.151E+02    35     0    158
3p_5s_3Po[2]        5.0    2812262.1930    25.9991   1.153E+02    35     0    159
3d_4f_1Fo[3]        7.0    2813089.9570    25.9743   1.154E+02    36     0    160
3p_5s_1Po[1]        3.0    2816028.8490    25.8862   1.158E+02    36     0    161
3d_4f_1Ho[5]       11.0    2830897.3320    25.4405   1.178E+02    36     0    162
3d_4f_1Po[1]        3.0    2836375.6340    25.2762   1.186E+02    36     0    163
3p_5p_3De[1]        3.0    2841181.7330    25.1321   1.193E+02    38     0    164
3p_5p_3Pe[1]        3.0    2848900.1410    24.9008   1.204E+02    38     0    165
3p_5p_3De[2]        5.0    2849677.6920    24.8774   1.205E+02    38     0    166
3p_5p_3Pe[0]        1.0    2851656.1520    24.8181   1.208E+02    38     0    167
3p_5p_1Pe[1]        3.0    2863306.1290    24.4689   1.225E+02    37     0    168
3p_5p_3De[3]        7.0    2866535.2190    24.3721   1.230E+02    38     0    169
3p_5p_3Pe[2]        5.0    2867096.9070    24.3552   1.231E+02    38     0    170
3p_5p_3Se[1]        3.0    2871457.7410    24.2245   1.238E+02    38     0    171
3p_5p_1De[2]        5.0    2876695.8120    24.0675   1.246E+02    37     0    172
3s_6s_3Se           3.0    2897038.1660    23.4576   1.278E+02    38     0    173
3p_5p_1Se[0]        1.0    2897914.9110    23.4313   1.279E+02    37     0    174
3s_6s_1Se           1.0    2910291.6600    23.0603   1.300E+02    37     0    175
3p_5d_3Fo[2]        5.0    2916336.4020    22.8791   1.310E+02    39     0    176
3p_5d_3Do[2]        5.0    2917922.5180    22.8315   1.313E+02    39     0    177
3p_5d_3Fo[3]        7.0    2918575.0300    22.8120   1.314E+02    39     0    178
3p_5d_3Do[1]        3.0    2918689.2390    22.8085   1.314E+02    39     0    179
3s_6p_3Po           9.0    2921535.5270    22.7232   1.319E+02    39     0    180
3s_6p_1Po           3.0    2922459.9560    22.6955   1.321E+02    40     0    181
3p_5d_1Do[2]        5.0    2934909.5130    22.3223   1.343E+02    40     0    182
3p_5d_3Do[3]        7.0    2936035.8430    22.2885   1.345E+02    39     0    183
3p_5d_3Fo[4]        9.0    2938845.7590    22.2043   1.350E+02    39     0    184
3p_5d_3Po[2]        5.0    2940808.4660    22.1454   1.354E+02    39     0    185
3p_5d_1Fo[3]        7.0    2941713.2710    22.1183   1.355E+02    40     0    186
3p_5d_3Po[1]        3.0    2942097.9850    22.1068   1.356E+02    39     0    187
3p_5d_3Po[0]        1.0    2944292.5550    22.0410   1.360E+02    39     0    188
3p_5d_1Po[1]        3.0    2948747.4140    21.9074   1.368E+02    40     0    189
3p_5f_3Ge[3]        7.0    2950201.8460    21.8638   1.371E+02    38     0    190
3p_5f_3Fe[3]        7.0    2953011.2700    21.7796   1.376E+02    38     0    191
3p_5f_3Ge[4]        9.0    2953930.8430    21.7520   1.378E+02    38     0    192
3p_5f_3Fe[2]        5.0    2954942.4720    21.7217   1.380E+02    38     0    193
3s_6d_3De          15.0    2961386.4430    21.5285   1.393E+02    38     0    194
3p_5g_1Go[4]        9.0    2962008.3670    21.5099   1.394E+02    40     0    195
3s_6d_1De           5.0    2962652.5080    21.4905   1.395E+02    41     0    196
3p_5g_3Go[4]        9.0    2962666.5410    21.4901   1.395E+02    39     0    197
3p_5g_3Go[3]        7.0    2963260.7190    21.4723   1.396E+02    39     0    198
3p_5g_3Go[5]       11.0    2964658.0470    21.4304   1.399E+02    39     0    199
3p_5f_1Fe[3]        7.0    2969612.5670    21.2819   1.409E+02    41     0    200
3p_5f_3Fe[4]        9.0    2971010.3870    21.2400   1.411E+02    38     0    201
3p_5f_3Ge[5]       11.0    2972124.9010    21.2066   1.414E+02    38     0    202
3p_5f_3De[3]        7.0    2974770.3970    21.1273   1.419E+02    38     0    203
3p_5f_3De[2]        5.0    2976378.1730    21.0791   1.422E+02    38     0    204
3p_5f_3De[1]        3.0    2978790.8220    21.0067   1.427E+02    38     0    205
3p_5g_3Ho[4]        9.0    2980728.6690    20.9486   1.431E+02    39     0    206
3s_6f_3Fo          21.0    2981954.9820    20.9119   1.434E+02    39     0    207
3p_5g_3Ho[5]       11.0    2981974.3760    20.9113   1.434E+02    39     0    208
3p_5f_1Ge[4]        9.0    2982892.4720    20.8838   1.436E+02    41     0    209
3p_5g_3Fo[4]        9.0    2983720.7280    20.8589   1.437E+02    39     0    210
3p_5g_3Fo[3]        7.0    2984806.1980    20.8264   1.439E+02    39     0    211
3p_5f_1De[2]        5.0    2985285.4290    20.8120   1.440E+02    41     0    212
3p_5g_3Ho[6]       13.0    2985857.7010    20.7949   1.442E+02    39     0    213
3p_5g_3Fo[2]        5.0    2988329.6690    20.7208   1.447E+02    39     0    214
3p_5g_1Fo[3]        7.0    2990678.0760    20.6504   1.452E+02    40     0    215
3s_6g_3Ge          27.0    2991259.5580    20.6329   1.453E+02    42     0    216
3p_5g_1Ho[5]       11.0    2991986.3010    20.6111   1.455E+02    40     0    217
3s_6z_3Z           33.0    2993648.5242    20.5613   1.458E+02    43     0    218
3s_6z_1Z           11.0    2993648.5242    20.5613   1.458E+02    44     0    219
3s_6g_1Ge           9.0    2996735.7930    20.4688   1.465E+02    41     0    220
3s_6f_1Fo[3]        7.0    3085000.0000    17.8227   1.682E+02    45     0    221
3s_7s_3Se           3.0    3113434.8700    16.9702   1.767E+02    42     0    222
3s_7s_1Se           1.0    3115585.1720    16.9057   1.773E+02    46     0    223
3s_7p_3Po           9.0    3132656.9580    16.3939   1.829E+02    47     0    224
3s_7p_1Po           3.0    3132958.4020    16.3849   1.830E+02    45     0    225
3s_7d_3De          15.0    3156139.4570    15.6900   1.911E+02    48     0    226
3s_7d_1De           5.0    3156551.4310    15.6776   1.912E+02    46     0    227
3s_7f_3Fo          21.0    3168810.1600    15.3101   1.958E+02    47     0    228
3s_7f_1Fo           7.0    3170257.0910    15.2667   1.964E+02    45     0    229
3s_7g_3Ge          27.0    3172578.2110    15.1971   1.973E+02    48     0    230
3s_7g_1Ge           9.0    3173562.9290    15.1676   1.977E+02    46     0    231
3s_7z_3Z           72.0    3175609.1198    15.1063   1.985E+02    49     0    232
3s_7z_1Z           24.0    3175609.1198    15.1063   1.985E+02    50     0    233
3p_6s_3Po           9.0    3187670.5150    14.7447   2.033E+02    47     0    234
3p_6s_1Po           3.0    3189670.0940    14.6847   2.042E+02    45     0    235
3d_5s_3De[1]        3.0    3190674.1420    14.6546   2.046E+02    48     0    236
3d_5s_3De[2]        5.0    3191385.2360    14.6333   2.049E+02    48     0    237
3d_5s_3De[3]        7.0    3193449.3530    14.5714   2.057E+02    48     0    238
3d_5s_1De[2]        5.0    3196495.8080    14.4801   2.070E+02    46     0    239
3p_6p_1Pe           3.0    3214488.9960    13.9407   2.150E+02    46     0    240
3p_6p_3Pe           9.0    3218116.3740    13.8319   2.167E+02    48     0    241
3p_6p_3De          15.0    3219010.6580    13.8051   2.172E+02    48     0    242
3p_6p_3Se           3.0    3220186.2900    13.7699   2.177E+02    48     0    243
3p_6p_1De           5.0    3225943.8730    13.5973   2.205E+02    46     0    244
3p_6p_1Se           1.0    3226868.3020    13.5696   2.209E+02    46     0    245
3d_5p_1Do[2]        5.0    3242094.6700    13.1131   2.286E+02    51     0    246
3d_5p_3Do[1]        3.0    3243188.2630    13.0803   2.292E+02    47     0    247
3d_5p_3Do[2]        5.0    3244902.6170    13.0289   2.301E+02    47     0    248
3d_5p_3Fo[2]        5.0    3246302.1600    12.9869   2.308E+02    47     0    249
3d_5p_3Do[3]        7.0    3246312.4980    12.9866   2.308E+02    47     0    250
3d_5p_3Fo[3]        7.0    3247936.0270    12.9380   2.317E+02    47     0    251
3p_6d_1Fo           7.0    3249225.4090    12.8993   2.324E+02    51     0    252
3d_5p_3Fo[4]        9.0    3250735.8510    12.8540   2.332E+02    47     0    253
3d_5p_3Po[1]        3.0    3252674.9290    12.7959   2.343E+02    47     0    254
3d_5p_3Po[0]        1.0    3252831.9660    12.7912   2.344E+02    47     0    255
3s_8s_3Se           3.0    3253023.6060    12.7854   2.345E+02    48     0    256
3d_5p_3Po[2]        5.0    3253899.2220    12.7592   2.350E+02    47     0    257
3p_6d_1Po           3.0    3253948.0340    12.7577   2.350E+02    51     0    258
3p_6d_1Do           5.0    3254239.4300    12.7490   2.351E+02    51     0    259
3s_8s_1Se           1.0    3255073.4260    12.7240   2.356E+02    46     0    260
3d_5p_1Fo[3]        7.0    3256732.5210    12.6743   2.365E+02    51     0    261
3p_6d_3Po           9.0    3256771.5610    12.6731   2.366E+02    47     0    262
3p_6d_3Fo          21.0    3259062.5370    12.6044   2.378E+02    47     0    263
3p_6d_3Do          15.0    3259062.5370    12.6044   2.378E+02    47     0    264
3d_5p_1Po[1]        3.0    3261386.9980    12.5347   2.392E+02    51     0    265
3s_8p_1Po           3.0    3262860.7330    12.4905   2.400E+02    51     0    266
3s_8p_3Po           9.0    3267422.5880    12.3538   2.427E+02    47     0    267
3p_6f_1Fe           7.0    3273491.6630    12.1718   2.463E+02    52     0    268
3p_6f_3Fe          21.0    3274697.4400    12.1357   2.470E+02    48     0    269
3p_6f_3Ge          27.0    3275089.3170    12.1239   2.473E+02    48     0    270
3p_6f_3De          15.0    3276887.9340    12.0700   2.484E+02    48     0    271
3s_8d_1De           5.0    3278565.9730    12.0197   2.494E+02    52     0    272
3p_6g_1Go           9.0    3278706.6470    12.0155   2.495E+02    51     0    273
3p_6g_3Go          27.0    3278947.8020    12.0083   2.497E+02    47     0    274
3p_6f_1Ge           9.0    3279681.3160    11.9863   2.501E+02    52     0    275
3s_8d_3De          15.0    3282957.0090    11.8881   2.522E+02    48     0    276
3p_6g_3Fo          21.0    3284213.0270    11.8504   2.530E+02    47     0    277
3p_6f_1De           5.0    3285629.8140    11.8079   2.539E+02    52     0    278
3p_6g_1Fo           7.0    3286142.2690    11.7926   2.542E+02    51     0    279
3s_8f_3Fo          21.0    3289156.7100    11.7022   2.562E+02    47     0    280
3s_8f_1Fo           7.0    3289940.4650    11.6787   2.567E+02    51     0    281
3s_8g_3Ge          27.0    3291739.0820    11.6248   2.579E+02    48     0    282
3s_8g_1Ge           9.0    3293326.6880    11.5772   2.590E+02    52     0    283
3s_8z_1Z           39.0    3293708.5449    11.5657   2.592E+02    50     0    284
3s_8z_3Z          117.0    3293708.5449    11.5657   2.592E+02    49     0    285
3d_5d_1Fe[3]        7.0    3310029.6070    11.0764   2.707E+02    52     0    286
3d_5d_3De[1]        3.0    3311788.5120    11.0237   2.720E+02    53     0    287
3d_5d_3De[2]        5.0    3312816.3860    10.9929   2.727E+02    53     0    288
3d_5d_3Ge[3]        7.0    3313405.8880    10.9752   2.732E+02    53     0    289
3d_5d_3De[3]        7.0    3314187.6230    10.9518   2.737E+02    53     0    290
3d_5d_3Ge[4]        9.0    3314594.7360    10.9396   2.740E+02    53     0    291
3d_5d_1Pe[1]        3.0    3315672.8230    10.9073   2.749E+02    52     0    292
3d_5d_3Ge[5]       11.0    3316393.7620    10.8857   2.754E+02    53     0    293
3d_5d_3Fe[2]        5.0    3318736.2610    10.8154   2.772E+02    53     0    294
3d_5d_3Fe[3]        7.0    3319947.2620    10.7791   2.781E+02    53     0    295
3d_5d_3Fe[4]        9.0    3321115.6810    10.7441   2.790E+02    53     0    296
3d_5d_3Se[1]        3.0    3321245.3960    10.7402   2.791E+02    53     0    297
3d_5d_1De[2]        5.0    3327497.8040    10.5528   2.841E+02    52     0    298
3d_5d_3Pe[0]        1.0    3328146.1320    10.5333   2.846E+02    53     0    299
3d_5d_3Pe[1]        3.0    3328717.6660    10.5162   2.851E+02    53     0    300
3d_5d_3Pe[2]        5.0    3329751.6930    10.4852   2.859E+02    53     0    301
3d_5d_1Ge[4]        9.0    3330835.6870    10.4527   2.868E+02    52     0    302
3d_5f_1Go[4]        9.0    3344080.8860    10.0556   2.981E+02    51     0    303
3s_9s_1Se           1.0    3345114.7920    10.0246   2.991E+02    52     0    304
3d_5f_3Ho[4]        9.0    3345556.7320    10.0114   2.995E+02    54     0    305
3s_9s_3Se           3.0    3345858.3540    10.0023   2.997E+02    53     0    306
3d_5f_3Ho[5]       11.0    3346333.7910     9.9881   3.002E+02    54     0    307
3d_5f_3Fo[2]        5.0    3347024.7020     9.9674   3.008E+02    54     0    308
3d_5f_3Fo[3]        7.0    3347647.1860     9.9487   3.013E+02    54     0    309
3d_5f_3Ho[6]       13.0    3347830.3130     9.9432   3.015E+02    54     0    310
3d_5f_3Fo[4]        9.0    3348571.4350     9.9210   3.022E+02    54     0    311
3d_5d_1Se[0]        1.0    3350010.1140     9.8779   3.035E+02    52     0    312
3d_5f_1Do[2]        5.0    3352261.5420     9.8104   3.056E+02    51     0    313
3s_9p_3Po           9.0    3354509.8010     9.7430   3.077E+02    54     0    314
3s_9p_1Po           3.0    3354861.4860     9.7324   3.080E+02    51     0    315
3d_5f_3Go[3]        7.0    3355475.6180     9.7140   3.086E+02    54     0    316
3d_5g_1He[5]       11.0    3356402.3290     9.6862   3.095E+02    52     0    317
3d_5f_3Go[4]        9.0    3356590.1320     9.6806   3.097E+02    54     0    318
3d_5g_3He[4]        9.0    3357290.8880     9.6596   3.104E+02    53     0    319
3d_5f_3Go[5]       11.0    3357485.5840     9.6537   3.105E+02    54     0    320
3d_5g_3Ge[3]        7.0    3357938.9710     9.6402   3.110E+02    53     0    321
3d_5g_3He[5]       11.0    3358475.3060     9.6241   3.115E+02    53     0    322
3d_5g_3Ge[4]        9.0    3358747.2890     9.6159   3.118E+02    53     0    323
3d_5f_3Do[2]        5.0    3358909.0020     9.6111   3.119E+02    54     0    324
3d_5f_3Do[1]        3.0    3358957.9840     9.6096   3.120E+02    54     0    325
3d_5f_3Do[3]        7.0    3359263.4410     9.6005   3.123E+02    54     0    326
3d_5g_3He[6]       13.0    3359311.6850     9.5990   3.123E+02    53     0    327
3d_5g_3Ge[5]       11.0    3359980.9350     9.5789   3.130E+02    53     0    328
3d_5g_3Ie[5]       11.0    3361216.7960     9.5419   3.142E+02    53     0    329
3d_5f_3Po[2]        5.0    3361314.5130     9.5390   3.143E+02    54     0    330
3d_5g_1Fe[3]        7.0    3361377.7700     9.5371   3.143E+02    52     0    331
3d_5g_1Ge[4]        9.0    3361545.3910     9.5320   3.145E+02    52     0    332
3d_5f_3Po[1]        3.0    3361926.4130     9.5206   3.149E+02    54     0    333
3d_5g_3Fe[2]        5.0    3361965.7950     9.5194   3.149E+02    53     0    334
3d_5g_3Ie[6]       13.0    3362032.9910     9.5174   3.150E+02    53     0    335
3d_5g_3Fe[3]        7.0    3362214.8870     9.5120   3.152E+02    53     0    336
3d_5f_3Po[0]        1.0    3362279.6210     9.5100   3.152E+02    54     0    337
3d_5f_1Fo[3]        7.0    3362500.4080     9.5034   3.155E+02    51     0    338
3d_5g_3Fe[4]        9.0    3362966.1010     9.4894   3.159E+02    53     0    339
3d_5g_3Ie[7]       15.0    3363353.0310     9.4778   3.163E+02    53     0    340
3s_9d_3De          15.0    3365371.8390     9.4173   3.183E+02    53     0    341
3s_9d_1De           5.0    3365683.3310     9.4080   3.187E+02    52     0    342
3d_5g_1Ie[6]       13.0    3367690.2360     9.3478   3.207E+02    52     0    343
3d_5g_3De[3]        7.0    3367834.7190     9.3435   3.209E+02    53     0    344
3d_5g_3De[2]        5.0    3368462.8640     9.3247   3.215E+02    53     0    345
3d_5g_3De[1]        3.0    3369349.4550     9.2981   3.224E+02    53     0    346
3s_9f_3Fo          21.0    3371159.5660     9.2438   3.243E+02    54     0    347
3d_5g_1De[2]        5.0    3371392.1570     9.2368   3.246E+02    52     0    348
3s_9f_1Fo           7.0    3372877.7980     9.1923   3.261E+02    51     0    349
3s_9g_3Ge          27.0    3373038.5680     9.1875   3.263E+02    53     0    350
3d_5f_1Ho[5]       11.0    3373484.8260     9.1741   3.268E+02    51     0    351
3d_5f_1Po[1]        3.0    3374024.8540     9.1579   3.274E+02    51     0    352
3s_9g_1Ge           9.0    3374163.9590     9.1537   3.275E+02    52     0    353
3s_9z_3Z          168.0    3374677.1219     9.1384   3.281E+02    55     0    354
3s_9z_1Z           56.0    3374677.1219     9.1384   3.281E+02    56     0    355
3p_7s_3Po           9.0    3407182.1420     8.1639   3.672E+02    54     0    356
3p_7s_1Po           3.0    3407925.7040     8.1416   3.682E+02    57     0    357
3s_10s_3Se          3.0    3411040.6270     8.0482   3.725E+02    53     0    358
3s_10s_1Se          1.0    3411492.7930     8.0347   3.731E+02    52     0    359
3s_10p_3Po          9.0    3417923.6010     7.8419   3.823E+02    54     0    360
3s_10p_1Po          3.0    3418717.4040     7.8181   3.835E+02    57     0    361
3p_7p_3De          15.0    3423530.4620     7.6738   3.907E+02    53     0    362
3p_7p_1Pe           3.0    3423932.3880     7.6617   3.913E+02    52     0    363
3s_10d_1De          5.0    3424525.2280     7.6440   3.922E+02    52     0    364
3p_7p_3Pe           9.0    3426092.7380     7.5970   3.946E+02    53     0    365
3s_10d_3De         15.0    3427429.1400     7.5569   3.967E+02    53     0    366
3p_7p_3Se           3.0    3428122.4620     7.5361   3.978E+02    53     0    367
3p_7p_1De           5.0    3429810.5490     7.4855   4.005E+02    52     0    368
3s_10f_3Fo         21.0    3429860.7890     7.4840   4.006E+02    54     0    369
3s_10f_1Fo          7.0    3430383.2930     7.4683   4.014E+02    57     0    370
3s_10g_3Ge         27.0    3431136.9030     7.4457   4.026E+02    53     0    371
3s_10g_1Ge          9.0    3432593.4687     7.4021   4.050E+02    52     0    372
3s_10z_1Z          75.0    3432593.4687     7.4021   4.050E+02    56     0    373
3s_10z_3Z         225.0    3432593.4687     7.4021   4.050E+02    55     0    374
3p_7d_1Do           5.0    3448148.4010     6.9357   4.322E+02    57     0    375
3p_7d_3Do          15.0    3448459.8930     6.9264   4.328E+02    54     0    376
3p_7f_1Fe           7.0    3460015.2520     6.5800   4.556E+02    58     0    377
3p_7f_3Fe          21.0    3460658.3330     6.5607   4.570E+02    53     0    378
3p_7g_1Go           9.0    3463371.3300     6.4794   4.627E+02    57     0    379
3p_7g_3Go          27.0    3463733.0630     6.4685   4.635E+02    54     0    380
3s_11w_1W         121.0    3475445.0155     6.1174   4.901E+02    56     0    381
3s_11w_3W         363.0    3475445.0155     6.1174   4.901E+02    55     0    382
3s_12w_1W         144.0    3508037.1310     5.1403   5.832E+02    56     0    383
3s_12w_3W         432.0    3508037.1310     5.1403   5.832E+02    55     0    384
3s_13w_3W         507.0    3533401.4608     4.3799   6.845E+02    55     0    385
3s_13w_1W         169.0    3533401.4608     4.3799   6.845E+02    56     0    386
3s_14w_3W         588.0    3553527.2800     3.7766   7.938E+02    59     0    387
3s_14w_1W         196.0    3553527.2800     3.7766   7.938E+02    60     0    388
3p_8p_1Pe           3.0    3556597.9560     3.6845   8.137E+02    58     0    389
3p_8p_3Pe           9.0    3557884.1180     3.6460   8.223E+02    61     0    390
3s_15w_1W         225.0    3569763.7639     3.2898   9.113E+02    60     0    391
3s_15w_3W         675.0    3569763.7639     3.2898   9.113E+02    59     0    392
3p_8d_1Do           5.0    3572614.6890     3.2043   9.356E+02    57     0    393
3p_8d_3Do          15.0    3572634.7850     3.2037   9.358E+02    62     0    394
3p_8f_1Fe           7.0    3580562.7660     2.9661   1.011E+03    58     0    395
3p_8f_3Fe          21.0    3580964.6910     2.9540   1.015E+03    61     0    396
3p_8g_1Go           9.0    3582753.2600     2.9004   1.034E+03    63     0    397
3p_8g_3Go          27.0    3582924.0780     2.8953   1.035E+03    62     0    398
3s_16w_3W         768.0    3583052.1362     2.8914   1.037E+03    59     0    399
3s_16w_1W         256.0    3583052.1362     2.8914   1.037E+03    60     0    400
3s_17w_1W         289.0    3594065.2141     2.5613   1.170E+03    60     0    401
3s_17w_3W         867.0    3594065.2141     2.5613   1.170E+03    59     0    402
3s_18w_1W         324.0    3603294.2805     2.2846   1.312E+03    60     0    403
3s_18w_3W         972.0    3603294.2805     2.2846   1.312E+03    59     0    404
3d_6p_1Do           5.0    3605220.8970     2.2268   1.346E+03    63     0    405
3d_6p_3Do          15.0    3606145.3260     2.1991   1.363E+03    62     0    406
3s_19w_1W         361.0    3611104.8390     2.0504   1.462E+03    60     0    407
3s_19w_3W        1083.0    3611104.8390     2.0504   1.462E+03    59     0    408
3s_20w_1W         400.0    3617773.3672     1.8505   1.620E+03    60     0    409
3s_20w_3W        1200.0    3617773.3672     1.8505   1.620E+03    59     0    410
3s_21w_3W        1323.0    3623512.1244     1.6785   1.786E+03    59     0    411
3s_21w_1W         441.0    3623512.1244     1.6785   1.786E+03    60     0    412
3s_22w_1W         484.0    3628486.2539     1.5294   1.960E+03    60     0    413
3s_22w_3W        1452.0    3628486.2539     1.5294   1.960E+03    59     0    414
3s_23w_3W        1587.0    3632825.7975     1.3993   2.143E+03    59     0    415
3s_23w_1W         529.0    3632825.7975     1.3993   2.143E+03    60     0    416
3s_24w_3W        1728.0    3636634.2828     1.2851   2.333E+03    59     0    417
3s_24w_1W         576.0    3636634.2828     1.2851   2.333E+03    60     0    418
3s_25w_1W         625.0    3639994.9550     1.1843   2.531E+03    60     0    419
3s_25w_3W        1875.0    3639994.9550     1.1843   2.531E+03    59     0    420
3d_6d_1Fe           7.0    3641946.8420     1.1258   2.663E+03    64     0    421
3s_26w_3W        2028.0    3642975.3652     1.0950   2.738E+03    59     0    422
3s_26w_1W         676.0    3642975.3652     1.0950   2.738E+03    60     0    423
3d_6d_1Pe           3.0    3643222.9560     1.0876   2.757E+03    64     0    424
3s_27w_3W        2187.0    3645630.7913     1.0154   2.953E+03    59     0    425
3s_27w_1W         729.0    3645630.7913     1.0154   2.953E+03    60     0    426
3p_9p_3Pe           9.0    3645986.1940     1.0047   2.984E+03    61     0    427
3d_6d_3Fe          21.0    3646438.3600     0.9912   3.025E+03    61     0    428
3p_9p_1Pe           3.0    3647804.9070     0.9502   3.155E+03    64     0    429
3s_28w_3W        2352.0    3648006.8200     0.9441   3.175E+03    59     0    430
3s_28w_1W         784.0    3648006.8200     0.9441   3.175E+03    60     0    431
3s_29w_3W        2523.0    3650141.3161     0.8802   3.406E+03    59     0    432
3s_29w_1W         841.0    3650141.3161     0.8802   3.406E+03    60     0    433
3d_6d_3Pe           9.0    3651964.8360     0.8255   3.632E+03    61     0    434
3s_30w_3W        2700.0    3652065.9410     0.8225   3.645E+03    59     0    435
3s_30w_1W         900.0    3652065.9410     0.8225   3.645E+03    60     0    436
3p_9d_1Do           5.0    3657220.0120     0.6679   4.488E+03    63     0    437
3p_9d_3Do          15.0    3657481.2640     0.6601   4.542E+03    62     0    438
3d_6f_1Go           9.0    3660395.2240     0.5727   5.234E+03    63     0    439
3p_9f_1Fe           7.0    3663037.8840     0.4935   6.075E+03    64     0    440
3p_9f_3Fe          21.0    3663329.2800     0.4848   6.184E+03    61     0    441
3p_9g_3Go          27.0    3663349.3760     0.4842   6.192E+03    62     0    442
3d_6f_1Do           5.0    3664977.1750     0.4354   6.886E+03    63     0    443
3p_9g_1Go           9.0    3665077.6560     0.4324   6.934E+03    63     0    444
3d_6f_3Go          27.0    3667971.5200     0.3456   8.674E+03    62     0    445
3d_6f_3Do          15.0    3668393.5420     0.3330   9.004E+03    62     0    446
3d_6g_1Fe           7.0    3669820.3770     0.2902   1.033E+04    64     0    447
3d_6g_3Fe          21.0    3670373.0250     0.2736   1.096E+04    61     0    448
