********************************************************************************
                                                                                
                 Super level assignements for Ni XI
                 E%LS=1
                                                                                
                                g          E(cm^-1)     10^15 Hz      eV        
********************************************************************************
                                                                                
17-Jun-2014                                      !Format date                   
09-May-2017                            !Date
712                                    !Number of energy levels
6                                      !Entry number of link to super level
  
3s2_3p6_1Se[0]                  1.0          0.0000    77.2625   3.880E+01     1     0      1
3s2_3p5(2P)3d_3Po[0]            1.0     555071.9737    60.6219   4.945E+01     2     0      2
3s2_3p5(2P)3d_3Po[1]            3.0     558550.7833    60.5176   4.954E+01     2     0      3
3s2_3p5(2P)3d_3Po[2]            5.0     565874.8738    60.2980   4.972E+01     2     0      4
3s2_3p5(2P)3d_3Fo[4]            9.0     582482.4929    59.8001   5.013E+01     3     0      5
3s2_3p5(2P)3d_3Fo[3]            7.0     587271.7895    59.6565   5.025E+01     3     0      6
3s2_3p5(2P)3d_3Fo[2]            5.0     593438.3287    59.4717   5.041E+01     3     0      7
3s2_3p5(2P)3d_3Do[3]            7.0     623250.4044    58.5779   5.118E+01     4     0      8
3s2_3p5(2P)3d_1Do[2]            5.0     624810.5406    58.5312   5.122E+01     5     0      9
3s2_3p5(2P)3d_3Do[1]            3.0     630095.3053    58.3727   5.136E+01     4     0     10
3s2_3p5(2P)3d_3Do[2]            5.0     632832.0072    58.2907   5.143E+01     4     0     11
3s2_3p5(2P)3d_1Fo[3]            7.0     637225.5586    58.1590   5.155E+01     5     0     12
3s2_3p5(2P)3d_1Po[1]            3.0     799624.1779    53.2904   5.626E+01     6     0     13
3s_3p6_3d_3De[1]                3.0     994128.9091    47.4593   6.317E+01     7     0     14
3s_3p6_3d_3De[2]                5.0     995258.8280    47.4254   6.321E+01     7     0     15
3s_3p6_3d_3De[3]                7.0     997139.7463    47.3690   6.329E+01     7     0     16
3s_3p6_3d_1De[2]                5.0    1025778.9497    46.5104   6.446E+01     8     0     17
3s2_3p4(3P)3d2_5Se[2]           5.0    1118692.5964    43.7250   6.856E+01     9     0     18
3s2_3p4(3P)3d2_5De[0]           1.0    1122887.8156    43.5992   6.876E+01     9     0     19
3s2_3p4(3P)3d2_5De[1]           3.0    1123131.4786    43.5919   6.877E+01     9     0     20
3s2_3p4(3P)3d2_5De[2]           5.0    1123535.6996    43.5798   6.879E+01     9     0     21
3s2_3p4(3P)3d2_5De[3]           7.0    1123992.6834    43.5661   6.881E+01     9     0     22
3s2_3p4(3P)3d2_5De[4]           9.0    1124807.2879    43.5416   6.885E+01     9     0     23
3s2_3p4(3P)3d2_5Fe[5]          11.0    1132762.2096    43.3032   6.923E+01     9     0     24
3s2_3p4(3P)3d2_5Fe[4]           9.0    1134289.6370    43.2574   6.930E+01     9     0     25
3s2_3p4(3P)3d2_5Fe[3]           7.0    1135490.9775    43.2213   6.936E+01     9     0     26
3s2_3p4(3P)3d2_5Fe[2]           5.0    1136137.4621    43.2020   6.939E+01     9     0     27
3s2_3p4(3P)3d2_5Fe[1]           3.0    1136558.2775    43.1894   6.941E+01     9     0     28
3s2_3p4(3P)3d2_5Ge[6]          13.0    1145240.8287    42.9291   6.983E+01    10     0     29
3s2_3p4(3P)3d2_5Ge[5]          11.0    1151021.5157    42.7558   7.012E+01    10     0     30
3s2_3p4(3P)3d2_5Ge[4]           9.0    1154299.1327    42.6575   7.028E+01    10     0     31
3s2_3p4(3P)3d2_5Ge[3]           7.0    1156370.9881    42.5954   7.038E+01    10     0     32
3s2_3p4(3P)3d2_5Ge[2]           5.0    1157503.5212    42.5614   7.044E+01    10     0     33
3s2_3p4(3P)3d2_3Pe[0]           1.0    1160432.4488    42.4736   7.058E+01    11     0     34
3s2_3p4(3P)3d2_3Pe[1]           3.0    1162404.8111    42.4145   7.068E+01    11     0     35
3s2_3p4(3P)3d2_3Pe[2]           5.0    1163051.4243    42.3951   7.071E+01    11     0     36
3s2_3p4(3P)3d2_3Fe[2]           5.0    1169672.9105    42.1966   7.105E+01    11     0     37
3s2_3p4(3P)3d2_3Fe[3]           7.0    1175392.4012    42.0251   7.134E+01    11     0     38
3s2_3p4(3P)3d2_3Ge[4]           9.0    1176771.4727    41.9838   7.141E+01    12     0     39
3s2_3p4(3P)3d2_3Ge[5]          11.0    1176842.5235    41.9817   7.141E+01    12     0     40
3s2_3p4(3P)3d2_3Fe[4]           9.0    1179523.9223    41.9013   7.155E+01    11     0     41
3s2_3p4(3P)3d2_3Ge[3]           7.0    1183769.2342    41.7740   7.177E+01    12     0     42
3s2_3p4(3P)3d2_3Fbe[3]          7.0    1190154.9626    41.5826   7.210E+01    13     0     43
3s2_3p4(3P)3d2_3Fbe[4]          9.0    1190796.0001    41.5633   7.213E+01    13     0     44
3s2_3p4(3P)3d2_1De[2]           5.0    1194085.3841    41.4647   7.230E+01    14     0     45
3s2_3p4(3P)3d2_5Pe[3]           7.0    1196566.6655    41.3903   7.243E+01    15     0     46
3s2_3p4(3P)3d2_5Dbe[2]          5.0    1198402.1791    41.3353   7.253E+01    15     0     47
3s2_3p4(3P)3d2_5Dbe[4]          9.0    1199853.8882    41.2918   7.260E+01    15     0     48
3s2_3p4(3P)3d2_5Dbe[1]          3.0    1200979.7840    41.2580   7.266E+01    15     0     49
3s2_3p4(3P)3d2_5Dbe[3]          7.0    1201636.3927    41.2384   7.270E+01    15     0     50
3s2_3p4(3P)3d2_5Dbe[0]          1.0    1201692.6889    41.2367   7.270E+01    15     0     51
3s2_3p4(1D)3d2_3He[4]           9.0    1201858.7022    41.2317   7.271E+01    13     0     52
3s2_3p4(3P)3d2_3Fbe[2]          5.0    1202283.1468    41.2190   7.273E+01    13     0     53
3s2_3p4(1D)3d2_3He[5]          11.0    1204096.6434    41.1646   7.283E+01    13     0     54
3s2_3p4(1D)3d2_3He[6]          13.0    1204133.1633    41.1635   7.283E+01    13     0     55
3s2_3p4(3P)3d2_3Fce[2]          5.0    1204862.8392    41.1416   7.287E+01    16     0     56
3s2_3p4(3P)3d2_3De[1]           3.0    1205621.0325    41.1189   7.291E+01    16     0     57
3s2_3p4(3P)3d2_5Pbe[3]          7.0    1208249.8313    41.0401   7.305E+01    15     0     58
3s2_3p4(3P)3d2_5Pe[1]           3.0    1209399.2529    41.0056   7.311E+01    15     0     59
3s2_3p4(3P)3d2_5Pe[2]           5.0    1209639.1992    40.9984   7.312E+01    15     0     60
3s2_3p4(1D)3d2_1Se[0]           1.0    1211616.3959    40.9392   7.323E+01    14     0     61
3s2_3p4(3P)3d2_3De[2]           5.0    1213382.6260    40.8862   7.332E+01    16     0     62
3s2_3p4(1D)3d2_1Fe[3]           7.0    1214139.4979    40.8635   7.336E+01    14     0     63
3s2_3p4(3P)3d2_3Dbe[1]          3.0    1215115.4428    40.8343   7.342E+01    17     0     64
3s2_3p4(3P)3d2_3De[3]           7.0    1217960.5991    40.7490   7.357E+01    16     0     65
3s2_3p4(1D)3d2_1Ie[6]          13.0    1218242.7341    40.7405   7.359E+01    18     0     66
3s2_3p4(3P)3d2_1Ge[4]           9.0    1218420.4693    40.7352   7.360E+01    18     0     67
3s2_3p4(1D)3d2_1Fbe[3]          7.0    1221046.1874    40.6565   7.374E+01    18     0     68
3s2_3p4(1D)3d2_3Ge[4]           9.0    1222536.5600    40.6118   7.382E+01    16     0     69
3s2_3p4(1D)3d2_3Pe[2]           5.0    1225832.9889    40.5130   7.400E+01    19     0     70
3s2_3p4(3P)3d2_3Gbe[5]         11.0    1226467.4507    40.4939   7.403E+01    20     0     71
3s2_3p4(3P)3d2_3Pbe[0]          1.0    1227066.1627    40.4760   7.407E+01    21     0     72
3s2_3p4(1D)3d2_3Pe[1]           3.0    1227348.3428    40.4675   7.408E+01    19     0     73
3s2_3p4(3P)3d2_3He[5]          11.0    1232646.7254    40.3087   7.437E+01    17     0     74
3s2_3p4(1D)3d2_1Ibe[6]         13.0    1236277.5570    40.1998   7.458E+01    18     0     75
3s2_3p4(3P)3d2_3He[4]           9.0    1238416.5496    40.1357   7.469E+01    17     0     76
3s2_3p4(3P)3d2_3Fde[2]          5.0    1238952.8958    40.1196   7.472E+01    22     0     77
3s2_3p4(3P)3d2_3Fce[3]          7.0    1242348.2173    40.0178   7.491E+01    16     0     78
3s2_3p4(1D)3d2_1Ge[4]           9.0    1245822.2637    39.9137   7.511E+01    23     0     79
3s2_3p4(1D)3d2_1Gbe[4]          9.0    1247628.6867    39.8595   7.521E+01    23     0     80
3s2_3p4(1D)3d2_1Pe[1]           3.0    1248849.7706    39.8229   7.528E+01    23     0     81
3s2_3p4(3P)3d2_3Dce[1]          3.0    1267291.9813    39.2701   7.634E+01    24     0     82
3s2_3p4(3P)3d2_3Dbe[2]          5.0    1268283.3743    39.2403   7.640E+01    17     0     83
3s2_3p4(3P)3d2_3Pbe[2]          5.0    1274014.5049    39.0685   7.674E+01    21     0     84
3s2_3p4(3P)3d2_3Pce[2]          5.0    1276885.6000    38.9824   7.690E+01    25     0     85
3s2_3p4(3P)3d2_3Dbe[3]          7.0    1279217.2246    38.9125   7.704E+01    17     0     86
3s2_3p4(1D)3d2_1He[5]          11.0    1280768.4678    38.8660   7.713E+01    26     0     87
3s2_3p4(1D)3d2_3Fe[2]           5.0    1284878.6491    38.7428   7.738E+01    24     0     88
3s2_3p4(3P)3d2_3Pbe[1]          3.0    1288021.6635    38.6486   7.757E+01    21     0     89
3s2_3p4(1D)3d2_3Fe[3]           7.0    1288388.6340    38.6376   7.759E+01    24     0     90
3s2_3p4(3P)3d2_3Pce[0]          1.0    1291560.3998    38.5425   7.778E+01    25     0     91
3s2_3p4(1S)3d2_3Fe[4]           9.0    1292439.6587    38.5161   7.784E+01    24     0     92
3s2_3p5(2P)4s_3Po[2]            5.0    1293447.7761    38.4859   7.790E+01    27     0     93
3s2_3p5(2P)4s_3Po[1]            3.0    1300227.4947    38.2827   7.831E+01    27     0     94
3s2_3p4(1D)3d2_1Fce[3]          7.0    1310012.4268    37.9893   7.891E+01    28     0     95
3s2_3p4(3P)3d2_3Gbe[4]          9.0    1310437.5567    37.9766   7.894E+01    20     0     96
3s2_3p4(3P)3d2_3Gce[5]         11.0    1311463.2933    37.9458   7.901E+01    29     0     97
3s2_3p5(2P)4s_3Po[0]            1.0    1315271.6849    37.8317   7.924E+01    27     0     98
3s2_3p5(2P)4s_1Po[1]            3.0    1320842.3588    37.6647   7.960E+01    30     0     99
3s2_3p4(1D)3d2_1Fde[3]          7.0    1321428.4666    37.6471   7.963E+01    28     0    100
3s2_3p4(3P)3d2_3Fee[2]          5.0    1324668.6759    37.5499   7.984E+01    31     0    101
3s2_3p4(3P)3d2_3Fce[4]          9.0    1328844.6004    37.4248   8.011E+01    16     0    102
3s2_3p4(1S)3d2_3Pe[0]           1.0    1329300.1820    37.4111   8.013E+01    29     0    103
3s2_3p4(1S)3d2_3Pe[1]           3.0    1331396.2377    37.3483   8.027E+01    29     0    104
3s2_3p4(3P)3d2_3Fde[3]          7.0    1331608.9415    37.3419   8.028E+01    22     0    105
3s2_3p4(1S)3d2_3Pe[2]           5.0    1334185.4780    37.2646   8.045E+01    29     0    106
3s2_3p4(1D)3d2_1De[2]           5.0    1340108.1244    37.0871   8.083E+01    32     0    107
3s2_3p4(1D)3d2_3De[3]           7.0    1344862.2609    36.9446   8.115E+01    31     0    108
3s2_3p4(1S)3d2_1Ge[4]           9.0    1346685.7845    36.8899   8.127E+01    32     0    109
3s2_3p4(1D)3d2_3De[2]           5.0    1347553.5567    36.8639   8.132E+01    31     0    110
3s2_3p4(1D)3d2_3De[1]           3.0    1348789.9670    36.8268   8.141E+01    31     0    111
3s2_3p4(3P)3d2_3Se[1]           3.0    1350243.9196    36.7832   8.150E+01    31     0    112
3s2_3p4(1D)3d2_3Pe[0]           1.0    1358142.7955    36.5464   8.203E+01    19     0    113
3s2_3p4(3P)3d2_1Gbe[4]          9.0    1360968.8963    36.4617   8.222E+01    32     0    114
3s2_3p4(1D)3d2_3Pbe[1]          3.0    1361089.8948    36.4581   8.223E+01    33     0    115
3s2_3p4(1D)3d2_3Pbe[2]          5.0    1361950.8410    36.4323   8.229E+01    33     0    116
3s2_3p4(1D)3d2_1Dbe[2]          5.0    1372205.4131    36.1248   8.299E+01    34     0    117
3s2_3p4(3P)3d2_3Fde[4]          9.0    1384100.7519    35.7682   8.382E+01    22     0    118
3s2_3p4(1S)3d2_1Se[0]           1.0    1388958.4798    35.6226   8.416E+01    34     0    119
3s2_3p4(3P)3d2_3Fee[3]          7.0    1389787.5161    35.5977   8.422E+01    31     0    120
3s2_3p4(3P)3d2_1Dbe[2]          5.0    1389787.6228    35.5977   8.422E+01    34     0    121
3s2_3p4(3P)3d2_1Pe[1]           3.0    1394216.1361    35.4650   8.453E+01    34     0    122
3s2_3p4(3P)3d2_3Pde[2]          5.0    1396947.3990    35.3831   8.473E+01    35     0    123
3s2_3p4(3P)3d2_3Ffe[2]          5.0    1398784.6622    35.3280   8.486E+01    35     0    124
3s2_3p4(3P)3d2_3Pce[1]          3.0    1403325.3069    35.1919   8.519E+01    25     0    125
3s2_3p4(1D)3d2_3Dbe[3]          7.0    1403615.3869    35.1832   8.521E+01    35     0    126
3s2_3p4(3P)3d2_3Pde[0]          1.0    1404020.2987    35.1710   8.524E+01    35     0    127
3s2_3p4(1D)3d2_3Dbe[1]          3.0    1411879.5057    34.9354   8.581E+01    35     0    128
3s2_3p4(1D)3d2_3Dbe[2]          5.0    1412309.5520    34.9225   8.584E+01    35     0    129
3s2_3p5(2P)4p_3Se[1]            3.0    1412385.7846    34.9203   8.585E+01    35     0    130
3s2_3p4(3P)3d2_1Fe[3]           7.0    1426596.6049    34.4942   8.691E+01    36     0    131
3s2_3p5(2P)4p_3De[2]            5.0    1430783.4865    34.3687   8.723E+01    37     0    132
3s2_3p5(2P)4p_3De[3]            7.0    1431970.1668    34.3331   8.732E+01    37     0    133
3s2_3p5(2P)4p_3De[1]            3.0    1437892.0416    34.1556   8.777E+01    37     0    134
3s2_3p5(2P)4p_3Pe[2]            5.0    1444534.3724    33.9565   8.829E+01    38     0    135
3s2_3p5(2P)4p_1Pe[1]            3.0    1451587.4041    33.7450   8.884E+01    36     0    136
3s2_3p5(2P)4p_3Pe[0]            1.0    1455719.5996    33.6211   8.917E+01    38     0    137
3s2_3p5(2P)4p_1De[2]            5.0    1460229.0799    33.4859   8.953E+01    39     0    138
3s2_3p5(2P)4p_3Pe[1]            3.0    1461561.5635    33.4460   8.963E+01    38     0    139
3s2_3p5(2P)4p_1Se[0]            1.0    1494241.1845    32.4663   9.234E+01    40     0    140
3s2_3p4(3P)3d2_1Dce[2]          5.0    1517428.2597    31.7712   9.436E+01    40     0    141
3s2_3p4(3P)3d2_1Se[0]           1.0    1609970.8046    28.9968   1.034E+02    41     0    142
3s2_3p5(2P)4d_3Po[1]            3.0    1639093.7282    28.1237   1.066E+02    42     0    143
3s2_3p5(2P)4d_3Po[0]            1.0    1640177.7992    28.0912   1.067E+02    42     0    144
3s2_3p5(2P)4d_3Po[2]            5.0    1646758.7738    27.8939   1.075E+02    42     0    145
3s2_3p5(2P)4d_3Fo[4]            9.0    1648540.7530    27.8405   1.077E+02    42     0    146
3s2_3p5(2P)4d_3Fo[3]            7.0    1649493.7480    27.8119   1.078E+02    42     0    147
3s2_3p5(2P)4d_3Fo[2]            5.0    1655364.9516    27.6359   1.085E+02    42     0    148
3s2_3p5(2P)4d_3Do[3]            7.0    1657049.3323    27.5854   1.087E+02    43     0    149
3s2_3p5(2P)4d_1Po[1]            3.0    1659517.0807    27.5114   1.090E+02    44     0    150
3s2_3p5(2P)4d_3Fbo[2]           5.0    1673498.4645    27.0923   1.107E+02    43     0    151
3s2_3p5(2P)4d_3Dbo[3]           7.0    1675271.4290    27.0391   1.109E+02    43     0    152
3s2_3p5(2P)4d_3Do[2]            5.0    1675807.2773    27.0231   1.109E+02    43     0    153
3s2_3p5(2P)4d_3Do[1]            3.0    1677696.2924    26.9664   1.112E+02    43     0    154
3s_3p6(2S)4s_3Se[1]             3.0    1696340.9118    26.4075   1.135E+02    45     0    155
3s_3p6(2S)4s_1Se[0]             1.0    1716475.6274    25.8039   1.162E+02    46     0    156
3s2_3p5(2P)4f_3De[1]            3.0    1779581.2229    23.9120   1.254E+02    47     0    157
3s2_3p5(2P)4f_3De[2]            5.0    1782207.6688    23.8333   1.258E+02    47     0    158
2s2_3p5(2P)4f_3Ge[5]           11.0    1784615.2442    23.7611   1.262E+02    47     0    159
3s2_3p5(2P)4f_3De[3]            7.0    1786202.0552    23.7135   1.264E+02    47     0    160
2s2_3p5(2P)4f_3Ge[4]            9.0    1786968.1019    23.6906   1.265E+02    47     0    161
3s2_3p5(2P)4f_3Ge[3]            7.0    1792220.9936    23.5331   1.274E+02    47     0    162
3s2_3p5(2P)4f_1Ge[4]            9.0    1794396.0191    23.4679   1.277E+02    48     0    163
3s2_3p5(2P)4f_3Fe[2]            5.0    1800816.1307    23.2754   1.288E+02    47     0    164
3s2_3p5(2P)4f_1Fe[3]            7.0    1810688.1911    22.9794   1.305E+02    48     0    165
3s2_3p5(2P)4f_3Fe[3]            7.0    1812138.2081    22.9360   1.307E+02    47     0    166
3s2_3p5(2P)4f_3Fe[4]            9.0    1812247.6433    22.9327   1.307E+02    47     0    167
3s2_3p5(2P)4f_1De[2]            5.0    1819902.6769    22.7032   1.320E+02    48     0    168
3s2_3p4(3P)3d_4s_5De[3]         7.0    1835801.2869    22.2266   1.349E+02    49     0    169
3s2_3p4(3P)3d_4s_5De[4]         9.0    1835918.0366    22.2231   1.349E+02    49     0    170
3s2_3p4(3P)3d_4s_5De[2]         5.0    1837002.0829    22.1906   1.351E+02    49     0    171
3s2_3p4(3P)3d_4s_5De[1]         3.0    1838711.9717    22.1393   1.354E+02    49     0    172
3s2_3p4(3P)3d_4s_5De[0]         1.0    1840019.2277    22.1001   1.357E+02    49     0    173
3s2_3p5(2P)5s_3Po[2]            5.0    1853814.2502    21.6866   1.382E+02    50     0    174
3s2_3p4(3P)3d_4s_3De[3]         7.0    1854364.1732    21.6701   1.383E+02    51     0    175
3s2_3p4(3P)3d_4s_3De[2]         5.0    1854833.0157    21.6560   1.384E+02    51     0    176
3s2_3p4(3P)3d_4s_3De[1]         3.0    1857392.2478    21.5793   1.389E+02    51     0    177
3s2_3p5(2P)5s_3Po[1]            3.0    1857854.7813    21.5654   1.390E+02    50     0    178
3s_3p6(2S)4p_3Po[0]             1.0    1862517.5490    21.4256   1.399E+02    50     0    179
3s_3p6(2S)4p_3Po[1]             3.0    1864798.3477    21.3573   1.404E+02    50     0    180
3s2_3p4(3P)3d_4s_5Fe[5]        11.0    1867743.8684    21.2690   1.410E+02    52     0    181
3s_3p6(2S)4p_3Po[2]             5.0    1870735.0633    21.1793   1.415E+02    50     0    182
3s2_3p4(3P)3d_4s_5Fe[4]         9.0    1873471.3425    21.0973   1.421E+02    52     0    183
3s_3p6_4p_1Po[1]                3.0    1876691.3227    21.0007   1.428E+02    53     0    184
3s2_3p5(2P)5s_1Po[1]            3.0    1877730.9575    20.9696   1.430E+02    53     0    185
3s2_3p5(2P)5s_3Po[0]            1.0    1878055.4111    20.9598   1.430E+02    50     0    186
3s2_3p4(3P)3d_4s_5Fe[3]         7.0    1878235.3364    20.9544   1.431E+02    52     0    187
3s2_3p4(3P)3d_4s_5Fe[2]         5.0    1881292.2512    20.8628   1.437E+02    52     0    188
3s2_3p4(1D)3d_4s_3Pe[0]         1.0    1881359.4472    20.8608   1.437E+02    51     0    189
3s2_3p4(3P)3d_4s_5Fe[1]         3.0    1882347.2330    20.8312   1.439E+02    52     0    190
3s2_3p4(3P)3d_4s_5Fbe[1]        3.0    1882810.3944    20.8173   1.440E+02    52     0    191
3s2_3p4(3P)3d_4s_3Fe[4]         9.0    1886787.9674    20.6980   1.448E+02    54     0    192
3s2_3p4(3P)3d_4s_5Pe[2]         5.0    1889742.0939    20.6095   1.455E+02    52     0    193
3s2_3p4(3P)3d_4s_5Pe[1]         3.0    1890570.7430    20.5846   1.456E+02    52     0    194
3s2_3p4(3P)3d_4s_3Fe[3]         7.0    1895385.1838    20.4403   1.467E+02    54     0    195
3s2_3p4(1D)3d_4s_3De[1]         3.0    1895729.5875    20.4300   1.467E+02    54     0    196
3s2_3p4(1D)3d_4s_3De[2]         5.0    1896140.1242    20.4177   1.468E+02    54     0    197
3s2_3p4(1D)3d_4s_1Pe[1]         3.0    1899466.5138    20.3179   1.476E+02    55     0    198
3s2_3p4(3P)3d_4s_3Fe[2]         5.0    1899844.7562    20.3066   1.476E+02    54     0    199
3s2_3p4(3P)3d_4s_5Pe[3]         7.0    1900298.8673    20.2930   1.477E+02    52     0    200
3s2_3p4(3P)3d_4s_3Fbe[2]        5.0    1902197.1885    20.2361   1.481E+02    54     0    201
3s2_3p4(3P)3d_4s_3Fbe[4]        9.0    1903356.2705    20.2013   1.484E+02    54     0    202
3s2_3p4(1D)3d_4s_3Ge[3]         7.0    1905403.9708    20.1399   1.489E+02    54     0    203
3s2_3p4(3P)3d_4s_3Pe[0]         1.0    1907659.8676    20.0723   1.494E+02    54     0    204
3s2_3p4(1D)3d_4s_3De[3]         7.0    1908336.2280    20.0520   1.495E+02    54     0    205
3s2_3p5(2P)5p_3Se[1]            3.0    1908371.6727    20.0510   1.495E+02    54     0    206
3s2_3p4(1D)3d_4s_1De[2]         5.0    1911636.4133    19.9531   1.502E+02    55     0    207
3s2_3p5(2P)5p_3De[2]            5.0    1913835.0809    19.8872   1.507E+02    56     0    208
3s2_3p4(3P)3d_4s_3Pe[1]         3.0    1914127.4823    19.8784   1.508E+02    54     0    209
3s2_3p5(2P)5p_3De[3]            7.0    1914815.9476    19.8578   1.510E+02    56     0    210
3s2_3p4(1D)3d_4s_3Ge[5]        11.0    1915556.6628    19.8356   1.511E+02    54     0    211
3s2_3p4(1D)3d_4s_3Ge[4]         9.0    1916813.9479    19.7979   1.514E+02    54     0    212
3s2_3p5(2P)5p_1Pe[1]            3.0    1917823.1146    19.7676   1.517E+02    55     0    213
3s2_3p5(2P)5p_3Pe[2]            5.0    1917962.2533    19.7635   1.517E+02    56     0    214
3s2_3p4(1D)3d_4s_3Gbe[3]        7.0    1918042.1602    19.7611   1.517E+02    54     0    215
3s2_3p4(3P)3d_4s_3Fce[2]        5.0    1920459.0608    19.6886   1.523E+02    54     0    216
3s2_3p4(1D)3d_4s_1Ge[4]         9.0    1922153.7039    19.6378   1.527E+02    55     0    217
3s2_3p4(3P)3d_4s_3Pe[2]         5.0    1922257.6769    19.6347   1.527E+02    54     0    218
3s2_3p5(2P)5p_3Pe[0]            1.0    1927778.5072    19.4692   1.540E+02    56     0    219
3s2_3p4(3P)3d4s_1Fe[3]          7.0    1927996.8811    19.4626   1.540E+02    55     0    220
3s2_3p5(2P)5p_3De[1]            3.0    1935193.7422    19.2469   1.558E+02    56     0    221
3s2_3p5(2P)5p_3Pe[1]            3.0    1938436.2374    19.1497   1.566E+02    56     0    222
3s2_3p5(2P)5p_3Dbe[2]           5.0    1938642.5365    19.1435   1.566E+02    56     0    223
3s2_3p5(2P)5p_1Se[0]            1.0    1949062.5514    18.8311   1.592E+02    57     0    224
3s2_3p4(1D)3d_4s_3Fe[2]         5.0    1953571.2862    18.6959   1.604E+02    58     0    225
3s2_3p4(1D)3d_4s_3Fe[3]         7.0    1954951.5026    18.6545   1.607E+02    58     0    226
3s2_3p4(1D)3d_4s_3Fe[4]         9.0    1958918.7669    18.5356   1.617E+02    58     0    227
3s2_3p4(1D)3d_4s_1Fe[3]         7.0    1965047.9750    18.3519   1.634E+02    57     0    228
3s2_3p4(3P)3d_4p_5Fo[3]         7.0    1966287.1171    18.3147   1.637E+02    59     0    229
3s2_3p4(3P)3d_4p_5Fo[2]         5.0    1966350.8618    18.3128   1.637E+02    59     0    230
3s2_3p4(3P)3d_4p_5Po[3]         7.0    1967194.3353    18.2875   1.639E+02    59     0    231
3s2_3p4(3P)3d_4p_5Fo[4]         9.0    1967443.9995    18.2800   1.640E+02    59     0    232
3s2_3p4(3P)3d_4p_5Po[2]         5.0    1967619.6417    18.2748   1.640E+02    59     0    233
3s2_3p4(3P)3d_4p_5Fo[1]         3.0    1967791.1500    18.2696   1.641E+02    59     0    234
3s2_3p4(3P)3d_4p_5Po[1]         3.0    1968987.1336    18.2338   1.644E+02    59     0    235
3s2_3p4(3P)3d_4p_5Fo[5]        11.0    1970407.8465    18.1912   1.648E+02    59     0    236
3s2_3p4(3P)3d_4p_5Do[4]         9.0    1975482.6652    18.0390   1.662E+02    59     0    237
3s2_3p4(3P)3d_4p_5Do[0]         1.0    1975951.0508    18.0250   1.663E+02    59     0    238
3s2_3p4(3P)3d_4p_5Do[3]         7.0    1976659.5961    18.0037   1.665E+02    59     0    239
3s2_3p4(3P)3d_4p_5Do[1]         3.0    1977240.2541    17.9863   1.667E+02    59     0    240
3s2_3p4(3P)3d_4p_5Do[2]         5.0    1977367.4000    17.9825   1.667E+02    59     0    241
3s2_3p4(3P)3d_4p_3Do[3]         7.0    1980082.9905    17.9011   1.675E+02    60     0    242
3s2_3p4(3P)3d_4p_3Do[2]         5.0    1981343.1291    17.8633   1.678E+02    60     0    243
3s2_3p4(3P)3d_4p_3Do[1]         3.0    1982564.3649    17.8267   1.682E+02    60     0    244
3s2_3p4(3P)3d_4p_3Fo[4]         9.0    1985245.1043    17.7464   1.689E+02    60     0    245
3s2_3p4(3P)3d_4p_3Po[0]         1.0    1988066.3162    17.6618   1.697E+02    60     0    246
3s2_3p4(3P)3d_4p_3Fo[3]         7.0    1988534.4801    17.6477   1.699E+02    60     0    247
3s2_3p4(3P)3d_4p_3Po[1]         3.0    1989893.4785    17.6070   1.703E+02    60     0    248
3s2_3p4(3P)3d_4p_3Po[2]         5.0    1990042.5087    17.6025   1.703E+02    60     0    249
3s2_3p4(3P)3d_4p_3Fo[2]         5.0    1990870.9062    17.5777   1.706E+02    60     0    250
3s2_3p4(1S)3d_4s_3De[1]         3.0    1993417.7092    17.5014   1.713E+02    61     0    251
3s2_3p4(1S)3d_4s_3De[2]         5.0    1994912.4797    17.4565   1.717E+02    61     0    252
3s2_3p4(3P)3d_4p_5Fbo[5]       11.0    1994962.0128    17.4551   1.718E+02    62     0    253
3s2_3p4(3P)3d_4p_5Fbo[4]        9.0    1996960.5247    17.3951   1.723E+02    62     0    254
3s2_3p5(2P)5d_3Po[0]            1.0    1999759.0425    17.3112   1.732E+02    60     0    255
3s2_3p4(1S)3d_4s_3De[3]         7.0    1999909.7033    17.3067   1.732E+02    61     0    256
3s2_3p5(2P)5d_3Fo[4]            9.0    2001098.2111    17.2711   1.736E+02    63     0    257
3s2_3p4(3P)3d_4p_5Fbo[3]        7.0    2001865.7284    17.2481   1.738E+02    62     0    258
3s2_3p5(2P)5d_3Po[1]            3.0    2001902.6354    17.2470   1.738E+02    60     0    259
3s2_3p4(3P)3d_4p_5Fco[3]        7.0    2002090.6219    17.2413   1.739E+02    59     0    260
3s2_3p5(2P)5d_1Po[1]            3.0    2003475.9326    17.1998   1.743E+02    64     0    261
3s2_3p5(2P)5d_3Po[2]            5.0    2004276.6347    17.1758   1.745E+02    60     0    262
3s2_3p5(2P)5d_3Do[3]            7.0    2004579.4160    17.1667   1.746E+02    63     0    263
3s2_3p5(2P)5d_3Do[2]            5.0    2004932.6114    17.1561   1.747E+02    63     0    264
3s2_3p4(1S)3d4s_1De[2]          5.0    2005083.3872    17.1516   1.748E+02    65     0    265
3s2_3p4(3P)3d_4p_5Fbo[2]        5.0    2005889.0016    17.1275   1.750E+02    62     0    266
3s2_3p4(3P)3d_4p_5Go[6]        13.0    2006163.9275    17.1192   1.751E+02    62     0    267
3s2_3p4(3P)3d_4p_5Dbo[4]        9.0    2007138.4703    17.0900   1.754E+02    66     0    268
3s2_3p4(3P)3d_4p_5Fbo[1]        3.0    2007962.2112    17.0653   1.757E+02    62     0    269
3s2_3p4(3P)3d_4p_5Go[5]        11.0    2008721.1652    17.0426   1.759E+02    62     0    270
3s2_3p4(1D)3d_4p_3Do[1]         3.0    2009113.0815    17.0308   1.760E+02    63     0    271
3s2_3p4(3P)3d_4p_5Go[3]         7.0    2011916.8932    16.9468   1.769E+02    62     0    272
3s2_3p4(3P)3d_4p_3Fbo[2]        5.0    2012182.8454    16.9388   1.770E+02    63     0    273
3s2_3p4(3P)3d_4p_5Go[4]         9.0    2012859.0814    16.9185   1.772E+02    62     0    274
3s2_3p4(3P)3d_4p_5Dbo[0]        1.0    2014039.8849    16.8831   1.776E+02    66     0    275
3s2_3p4(3P)3d_4p_5Dbo[1]        3.0    2014510.0967    16.8690   1.777E+02    66     0    276
3s2_3p4(3P)3d_4p_5Dbo[2]        5.0    2014517.8885    16.8688   1.777E+02    66     0    277
3s2_3p4(3P)3d_4p_5Gbo[3]        7.0    2016244.4374    16.8170   1.783E+02    62     0    278
3s2_3p4(3P)3d_4p_5Dco[4]        9.0    2016489.2769    16.8097   1.783E+02    66     0    279
3s2_3p4(3P)3d_4p_3Fbo[3]        7.0    2018331.1664    16.7545   1.789E+02    63     0    280
3s2_3p4(1D)3d_4p_1Po[1]         3.0    2019110.5971    16.7311   1.792E+02    64     0    281
3s2_3p4(3P)3d_4p_5Go[2]         5.0    2019204.5527    16.7283   1.792E+02    62     0    282
3s2_3p4(1D)3d_4p_3Do[2]         5.0    2019815.6268    16.7100   1.794E+02    63     0    283
3s2_3p5(2P)5d_3Fo[2]            5.0    2021230.6040    16.6675   1.799E+02    63     0    284
3s2_3p4(3P)3d_4p_3Go[5]        11.0    2022277.0552    16.6362   1.802E+02    63     0    285
3s2_3p5(2P)5d_1Do[2]            5.0    2023205.4874    16.6083   1.805E+02    64     0    286
3s2_3p5(2P)5d_3Fo[3]            7.0    2024739.6314    16.5623   1.810E+02    63     0    287
3s2_3p5(2P)5d_3Do[1]            3.0    2025160.6507    16.5497   1.811E+02    63     0    288
3s2_3p4(1D)3d_4p_3Do[3]         7.0    2025408.0564    16.5423   1.812E+02    63     0    289
3s2_3p4(1D)3d_4p_1Do[2]         5.0    2026527.5981    16.5087   1.816E+02    64     0    290
3s2_3p4(1D)3d_4p_3So[1]         3.0    2026857.5399    16.4989   1.817E+02    63     0    291
3s2_3p4(3P)3d_4p_5Pbo[1]        3.0    2027099.6804    16.4916   1.818E+02    62     0    292
3s2_3p4(1D)3d_4p_3Dbo[3]        7.0    2027147.8962    16.4901   1.818E+02    67     0    293
3s2_3p4(3P)3d_4p_3Go[4]         9.0    2027152.7524    16.4900   1.818E+02    63     0    294
3s2_3p4(3P)3d_4p_5Pbo[2]        5.0    2028782.9272    16.4411   1.823E+02    62     0    295
3s2_3p4(1D)3d_4p_3Dbo[1]        3.0    2029340.8226    16.4244   1.825E+02    67     0    296
3s2_3p4(1D)3d_4p_1So[0]         1.0    2029455.8226    16.4210   1.826E+02    64     0    297
3s2_3p4(3P)3d_4p_5Pco[2]        5.0    2029742.0792    16.4124   1.827E+02    62     0    298
3s2_3p4(1D)3d_4p_3Fo[2]         5.0    2030673.0093    16.3845   1.830E+02    68     0    299
3s2_3p4(3P)3d_4p_3Dbo[3]        7.0    2030720.1540    16.3831   1.830E+02    67     0    300
3s2_3p4(3P)3d_4p_3Pbo[1]        3.0    2031963.1988    16.3458   1.834E+02    63     0    301
3s2_3p4(3P)3d_4p_5Pbo[3]        7.0    2032932.4544    16.3167   1.837E+02    62     0    302
3s2_3p4(3P)3d_4p_3Fbo[4]        9.0    2033252.8562    16.3071   1.838E+02    63     0    303
3s2_3p4(3P)3d_4p_3Pbo[0]        1.0    2033915.0420    16.2873   1.841E+02    63     0    304
3s2_3p4(3P)3d_4p_3Go[3]         7.0    2034636.1054    16.2657   1.843E+02    63     0    305
3s2_3p4(3P)3d_4p_3Pbo[2]        5.0    2034970.1770    16.2556   1.844E+02    63     0    306
3s2_3p4(1D)3d_4s_3Se[1]         3.0    2035150.9257    16.2502   1.845E+02    69     0    307
3s2_3p4(3P)3d_4p_3Gbo[3]        7.0    2036056.8608    16.2231   1.848E+02    67     0    308
3s2_3p4(3P)3d_4p_5Dco[0]        1.0    2036895.9281    16.1979   1.851E+02    66     0    309
3s2_3p4(1D)3d_4p_3Ho[4]         9.0    2038063.4435    16.1629   1.855E+02    67     0    310
3s2_3p4(3P)3d_4p_5Dco[1]        3.0    2038230.9082    16.1579   1.855E+02    66     0    311
3s2_3p4(1D)3d_4p_3Ho[5]        11.0    2038572.3940    16.1476   1.857E+02    67     0    312
3s2_3p4(3P)3d_4p_5Dco[2]        5.0    2038596.6175    16.1469   1.857E+02    66     0    313
3s2_3p4(3P)3d_4p_5Dbo[3]        7.0    2039787.2757    16.1112   1.861E+02    66     0    314
3s2_3p4(3P)3d_4p_5Ddo[1]        3.0    2040516.6137    16.0894   1.863E+02    66     0    315
3s2_3p4(3P)3d_4p_3Fco[2]        5.0    2040765.6254    16.0819   1.864E+02    70     0    316
3s2_3p4(3P)3d_4p_5Ddo[4]        9.0    2042092.7138    16.0421   1.869E+02    66     0    317
3s2_3p4(3P)3d_4p_3Fco[3]        7.0    2042564.6765    16.0280   1.870E+02    70     0    318
3s2_3p4(3P)3d_4p_3Fdo[2]        5.0    2042943.9175    16.0166   1.872E+02    71     0    319
3s2_3p4(1D)3d_4p_3Po[0]         1.0    2043281.5841    16.0065   1.873E+02    72     0    320
3s2_3p4(1D)3d_4p_1Fo[3]         7.0    2043563.3538    15.9980   1.874E+02    73     0    321
3s2_3p4(1D)3d_4p_1Go[4]         9.0    2043570.3331    15.9978   1.874E+02    73     0    322
3s2_3p4(3P)3d_4p_5So[2]         5.0    2044698.4887    15.9640   1.878E+02    66     0    323
3s2_3p4(1D)3d_4p_3Fo[4]         9.0    2045026.7465    15.9542   1.879E+02    68     0    324
3s2_3p4(1D)3d_4s_1Se[0]         1.0    2045193.0430    15.9492   1.880E+02    74     0    325
3s2_3p4(1D)3d_4p_3Hbo[5]       11.0    2047006.3617    15.8948   1.886E+02    67     0    326
3s2_3p4(1D)3d_4p_3Ho[6]        13.0    2047361.0400    15.8842   1.887E+02    67     0    327
3s2_3p4(3P)3d_4p_3Dbo[1]        3.0    2047690.9421    15.8743   1.889E+02    67     0    328
3s2_3p4(3P)3d_4p_3Dco[3]        7.0    2048459.5291    15.8512   1.891E+02    67     0    329
3s2_3p4(3P)3d_4p_3Dbo[2]        5.0    2049150.3199    15.8305   1.894E+02    67     0    330
3s2_3p4(1D)3d_4p_3Go[3]         7.0    2049920.8411    15.8074   1.897E+02    67     0    331
3s2_3p4(1D)3d_4p_3Go[5]        11.0    2051597.8295    15.7572   1.903E+02    67     0    332
3s2_3p4(3P)3d_4p_3Gbo[4]        9.0    2052009.0516    15.7448   1.904E+02    67     0    333
3s2_3p4(3P)3d_4p_3Dco[1]        3.0    2052565.3123    15.7282   1.906E+02    67     0    334
3s2_3p4(1D)3d_4p_3Go[4]         9.0    2054080.7921    15.6827   1.912E+02    67     0    335
3s2_3p4(3P)3d_4p_3Dco[2]        5.0    2055121.1834    15.6515   1.915E+02    67     0    336
3s2_3p4(3P)3d_4p_3Ddo[1]        3.0    2056071.6436    15.6230   1.919E+02    67     0    337
3s2_3p4(3P)3d_4p_3Ddo[3]        7.0    2057463.6927    15.5813   1.924E+02    67     0    338
3s2_3p4(3P)3d_4p_3So[1]         3.0    2057823.0479    15.5705   1.925E+02    67     0    339
3s2_3p4(3P)3d_4p_3Gco[3]        7.0    2057928.9334    15.5674   1.926E+02    67     0    340
3s2_3p4(3P)3d_4s_3Pbe[2]        5.0    2058915.3088    15.5378   1.929E+02    69     0    341
3s2_3p4(3P)3d_4p_3Pco[0]        1.0    2059584.6325    15.5177   1.932E+02    68     0    342
3s2_3p4(1D)3d_4p_1Ho[5]        11.0    2060056.4311    15.5036   1.934E+02    73     0    343
3s2_3p4(3P)3d_4p_3Ddo[2]        5.0    2060818.3426    15.4807   1.937E+02    67     0    344
3s2_3p4(3P)3d_4p_3Deo[3]        7.0    2062557.5093    15.4286   1.943E+02    67     0    345
3s2_3p4(3P)3d_4s_3Pbe[1]        3.0    2062624.3004    15.4266   1.943E+02    69     0    346
3s2_3p4(3P)3d_4p_3Deo[2]        5.0    2063226.2572    15.4085   1.946E+02    67     0    347
3s2_3p4(3P)3d_4p_3Pco[1]        3.0    2063757.4859    15.3926   1.948E+02    68     0    348
3s2_3p4(3P)3d_4p_1Go[4]         9.0    2064644.7650    15.3660   1.951E+02    73     0    349
3s2_3p4(3P)3d_4s_3Pbe[0]        1.0    2067377.4875    15.2841   1.961E+02    69     0    350
3s2_3p4(3P)3d_4p_3Deo[1]        3.0    2068549.6950    15.2490   1.966E+02    67     0    351
3s2_3p5(2P)5f_3De[1]            3.0    2069285.1395    15.2269   1.969E+02    69     0    352
3s2_3p5(2P)5f_3De[2]            5.0    2070802.0583    15.1814   1.975E+02    69     0    353
3s2_3p5(2P)5f_3Ge[5]           11.0    2071336.3568    15.1654   1.977E+02    75     0    354
3s2_3p4(3P)3d_4p_3Pco[2]        5.0    2071415.8628    15.1630   1.977E+02    68     0    355
3s2_3p5(2P)5f_3Ge[4]            9.0    2072652.4469    15.1260   1.982E+02    75     0    356
3s2_3p5(2P)5f_3De[3]            7.0    2072963.2950    15.1166   1.983E+02    69     0    357
3s2_3p4(3P)3d_4s_1Pe[1]         3.0    2073187.1489    15.1099   1.984E+02    74     0    358
3s2_3p5(2P)5f_1Fe[3]            7.0    2075278.9693    15.0472   1.992E+02    74     0    359
3s2_3p5(2P)5f_3Fe[4]            9.0    2076039.4595    15.0244   1.995E+02    75     0    360
3s2_3p4(3P)3d_4s_3Dbe[3]        7.0    2076416.9536    15.0131   1.997E+02    75     0    361
3s2_3p4(1D)3d_4p_3Fbo[4]        9.0    2078175.1074    14.9604   2.004E+02    76     0    362
3s2_3p4(1D)3d_4p_3Fo[3]         7.0    2078548.7494    14.9492   2.005E+02    68     0    363
3s2_3p5(2P)5f_1De[2]            5.0    2078610.8348    14.9473   2.006E+02    74     0    364
3s2_3p4(1D)3d_4p_3Fbo[2]        5.0    2079027.7639    14.9348   2.007E+02    76     0    365
3s2_3p4(3P)3d_4s_3Dbe[2]        5.0    2081721.1404    14.8541   2.018E+02    75     0    366
3s2_3p4(1D)3d_4p_3Gbo[3]        7.0    2084368.5937    14.7747   2.029E+02    76     0    367
3s2_3p5(2P)5g_3Fo[2]            5.0    2086044.8530    14.7245   2.036E+02    76     0    368
3s2_3p5(2P)5g_3Fo[3]            7.0    2086610.6387    14.7075   2.038E+02    76     0    369
3s2_3p5(2P)5g_3Fbo[2]           5.0    2086624.3482    14.7071   2.038E+02    76     0    370
3s2_3p4(1D)3d_4p_1Fbo[3]        7.0    2087107.4651    14.6926   2.040E+02    77     0    371
3s2_3p5(2P)5g_3Ho[6]           13.0    2087151.2638    14.6913   2.041E+02    76     0    372
3s2_3p5(2P)5g_1Ho[5]           11.0    2087258.3558    14.6881   2.041E+02    77     0    373
3s2_3p4(1D)3d_4p_3Gbo[4]        9.0    2087635.4491    14.6768   2.043E+02    76     0    374
3s2_3p5(2P)5g_3Go[3]            7.0    2088774.6796    14.6426   2.047E+02    76     0    375
3s2_3p5(2P)5g_1Go[4]            9.0    2088803.4296    14.6418   2.048E+02    77     0    376
3s2_3p5(2P)5g_3Go[5]           11.0    2089134.4589    14.6318   2.049E+02    76     0    377
3s2_3p5(2P)5g_3Go[4]            9.0    2089658.6701    14.6161   2.051E+02    76     0    378
3s2_3p4(1D)3d_4p_3Fbo[3]        7.0    2091692.4571    14.5551   2.060E+02    76     0    379
3s2_3p4(1D)3d_4p_3Fco[2]        5.0    2092595.7794    14.5281   2.064E+02    76     0    380
3s2_3p4(1D)3d_4p_3Fco[4]        9.0    2094729.5218    14.4641   2.073E+02    76     0    381
3s2_3p4(1D)3d_4p_3Gbo[5]       11.0    2094857.4762    14.4603   2.073E+02    76     0    382
3s2_3p5(2P)5f_3Ge[3]            7.0    2095138.7905    14.4518   2.074E+02    75     0    383
3s2_3p4(3P)3d_4s_3Dbe[1]        3.0    2095523.8480    14.4403   2.076E+02    75     0    384
3s2_3p5(2P)5f_3Dbe[3]           7.0    2095561.1791    14.4392   2.076E+02    75     0    385
3s2_3p5(2P)5f_1Ge[4]            9.0    2096148.9831    14.4215   2.079E+02    78     0    386
3s2_3p5(2P)5f_3Fe[2]            5.0    2098408.3681    14.3538   2.089E+02    75     0    387
3s2_3p4(1D)3d_4p_1Gbo[4]        9.0    2099547.0664    14.3197   2.094E+02    77     0    388
3s2_3p4(3P)3d_4s_1De[2]         5.0    2101840.1753    14.2509   2.104E+02    78     0    389
3s2_3p4(1D)3d_4p_1Dbo[2]        5.0    2102526.0812    14.2304   2.107E+02    77     0    390
3s2_3p4(1D)3d_4p_3Dco[1]        3.0    2110167.9210    14.0013   2.141E+02    76     0    391
3s2_3p5(2P)5g_3Ho[4]            9.0    2110230.3073    13.9994   2.141E+02    76     0    392
3s2_3p5(2P)5g_3Ho[5]           11.0    2110319.7433    13.9967   2.142E+02    76     0    393
3s2_3p5(2P)5g_3Fo[4]            9.0    2110341.1502    13.9961   2.142E+02    76     0    394
3s2_3p5(2P)5g_3Gbo[3]           7.0    2110432.9773    13.9933   2.142E+02    76     0    395
3s2_3p5(2P)6s_3Po[2]            5.0    2110978.0483    13.9770   2.145E+02    79     0    396
3s2_3p5(2P)6s_1Po[1]            3.0    2112291.2370    13.9376   2.151E+02    77     0    397
3s2_3p4(1D)3d_4p_3Dbo[2]        5.0    2113753.4177    13.8938   2.158E+02    67     0    398
3s2_3p4(1D)3d_4p_3Dco[3]        7.0    2115632.2786    13.8375   2.167E+02    76     0    399
3s2_3p4(1D)3d_4p_1Fco[3]        7.0    2120208.2449    13.7003   2.188E+02    77     0    400
3s2_3p4(1S)3d_4p_3Fo[2]         5.0    2127750.7764    13.4741   2.225E+02    79     0    401
3s2_3p4(1S)3d_4p_3Do[1]         3.0    2130039.0332    13.4055   2.236E+02    79     0    402
3s2_3p4(1S)3d_4p_3Do[2]         5.0    2130225.7475    13.4000   2.237E+02    79     0    403
3s2_3p4(1S)3d_4p_3Fo[3]         7.0    2132809.8446    13.3225   2.250E+02    79     0    404
3s2_3p5(2P)6s_3Po[0]            1.0    2132906.8631    13.3196   2.251E+02    79     0    405
3s2_3p5(2P)6s_3Po[1]            3.0    2133561.4130    13.3000   2.254E+02    79     0    406
3s2_3p4(1S)3d_4p_3Do[3]         7.0    2135386.6411    13.2452   2.263E+02    79     0    407
3s2_3p4(1S)3d_4p_1Do[2]         5.0    2136416.2106    13.2144   2.269E+02    80     0    408
3s2_3p4(1S)3d_4p_3Fo[4]         9.0    2138553.0432    13.1503   2.280E+02    79     0    409
3s2_3p4(1S)3d_4p_3Po[1]         3.0    2141220.4028    13.0703   2.294E+02    79     0    410
3s2_3p4(1S)3d_4p_3Po[0]         1.0    2141499.8032    13.0620   2.295E+02    79     0    411
3s2_3p5(2P)6p_3Se[1]            3.0    2142158.5309    13.0422   2.299E+02    81     0    412
3s2_3p5(2P)6p_3De[2]            5.0    2144564.3006    12.9701   2.311E+02    81     0    413
3s2_3p5(2P)6p_3De[3]            7.0    2144987.3431    12.9574   2.314E+02    81     0    414
3s2_3p4(1S)3d_4p_3Po[2]         5.0    2145363.9590    12.9461   2.316E+02    79     0    415
3s2_3p5(2P)6p_1Pe[1]            3.0    2146215.2927    12.9206   2.320E+02    82     0    416
3s2_3p5(2P)6p_3Pe[2]            5.0    2146867.0534    12.9011   2.324E+02    81     0    417
3s2_3p4(1S)3d_4p_1Fo[3]         7.0    2148091.7980    12.8643   2.330E+02    80     0    418
3s2_3p5(2P)6p_3Pe[0]            1.0    2151954.5297    12.7485   2.352E+02    81     0    419
3s2_3p4(1S)3d_4p_1Po[1]         3.0    2152940.4728    12.7190   2.357E+02    80     0    420
3s2_3p5(2P)6p_3De[1]            3.0    2166254.1977    12.3198   2.433E+02    81     0    421
3s2_3p5(2P)6p_3Pe[1]            3.0    2167432.4022    12.2845   2.440E+02    81     0    422
3s2_3p5(2P)6p_3Dbe[2]           5.0    2168015.5813    12.2670   2.444E+02    81     0    423
3s2_3p5(2P)6p_1Se[0]            1.0    2171597.1369    12.1597   2.465E+02    82     0    424
3s2_3p4(1D)3d_4p_3Pbo[0]        1.0    2176214.0183    12.0213   2.494E+02    83     0    425
3s2_3p4(1D)3d_4p_3Po[1]         3.0    2177680.1373    11.9773   2.503E+02    72     0    426
3s2_3p4(3P)3d_4p_3Pdo[1]        3.0    2181336.5549    11.8677   2.526E+02    83     0    427
3s2_3p4(1D)3d_4p_3Po[2]         5.0    2181778.0618    11.8545   2.529E+02    72     0    428
3s2_3p4(3P)3d_4p_3Pdo[2]        5.0    2183985.4459    11.7883   2.543E+02    83     0    429
3s2_3p4(1D)3d_4p_1Pbo[1]        3.0    2184826.6021    11.7631   2.549E+02    84     0    430
3s2_3p4(3P)3d_4p_3Pdo[0]        1.0    2185462.1911    11.7440   2.553E+02    83     0    431
3s2_3p5(2P)6d_3Fo[4]            9.0    2191203.2515    11.5719   2.591E+02    83     0    432
3s2_3p5(2P)6d_1Do[2]            5.0    2191450.2920    11.5645   2.592E+02    84     0    433
3s2_3p5(2P)6d_3Fo[3]            7.0    2191637.5809    11.5589   2.594E+02    83     0    434
3s2_3p5(2P)6d_1Fo[3]            7.0    2192461.0797    11.5342   2.599E+02    84     0    435
3s2_3p5(2P)6d_3Po[0]            1.0    2192597.5126    11.5301   2.600E+02    83     0    436
3s2_3p5(2P)6d_3Po[1]            3.0    2193356.7757    11.5073   2.605E+02    83     0    437
3s2_3p5(2P)6d_1Po[1]            3.0    2193777.6856    11.4947   2.608E+02    84     0    438
3s2_3p5(2P)6d_3Po[2]            5.0    2194708.2189    11.4668   2.614E+02    83     0    439
3s2_3p5(2P)6d_1Dbo[2]           5.0    2195811.4466    11.4337   2.622E+02    84     0    440
3s2_3p5(2P)6d_3Do[3]            7.0    2196460.5480    11.4143   2.626E+02    83     0    441
3s2_3p4(3P)3d_4p_3Dfo[1]        3.0    2200223.3216    11.3015   2.653E+02    85     0    442
3s2_3p4(3P)3d_4p_1So[0]         1.0    2201079.0956    11.2758   2.659E+02    84     0    443
3s2_3p4(3P)3d_4p_3Sbo[1]        3.0    2205964.1235    11.1294   2.694E+02    83     0    444
3s2_3p4(3P)3d_4p_1Do[2]         5.0    2207360.4256    11.0875   2.704E+02    84     0    445
3s2_3p5(2P)6d_3Do[1]            3.0    2212314.0953    10.9390   2.741E+02    83     0    446
3s2_3p4(3P)3d_4p_3Fdo[3]        7.0    2213460.1012    10.9046   2.749E+02    71     0    447
3s2_3p5(2P)6d_3Fo[2]            5.0    2213606.4544    10.9003   2.750E+02    83     0    448
3s2_3p5(2P)6d_3Do[2]            5.0    2213928.2707    10.8906   2.753E+02    83     0    449
3s2_3p5(2P)6d_3Fbo[3]           7.0    2214839.1713    10.8633   2.760E+02    83     0    450
3s2_3p4(3P)3d_4p_3Fco[4]        9.0    2215975.2514    10.8292   2.768E+02    70     0    451
3s2_3p4(3P)3d_4p_1Dbo[2]        5.0    2217261.8583    10.7907   2.778E+02    84     0    452
3s2_3p5(2P)6d_1Pbo[1]           3.0    2218765.3632    10.7456   2.790E+02    84     0    453
3s2_3p4(3P)3d_4p_3Peo[2]        5.0    2220081.9594    10.7061   2.800E+02    85     0    454
3s2_3p4(3P)3d_4p_3Dfo[3]        7.0    2221117.7121    10.6751   2.808E+02    85     0    455
3s2_3p5(2P)6f_3De[1]            3.0    2226405.4931    10.5166   2.851E+02    86     0    456
3s2_3p5(2P)6f_3De[2]            5.0    2227331.6750    10.4888   2.858E+02    86     0    457
3s2_3p5(2P)6f_3Ge[5]           11.0    2227468.6360    10.4847   2.859E+02    86     0    458
3s2_3p4(3P)3d_4p_3Dgo[1]        3.0    2228069.0292    10.4667   2.864E+02    85     0    459
3s2_3p5(2P)6f_3Ge[4]            9.0    2228220.6052    10.4621   2.865E+02    86     0    460
3s2_3p5(2P)6f_3De[3]            7.0    2228524.0418    10.4530   2.868E+02    86     0    461
3s2_3p5(2P)6f_1Fe[3]            7.0    2229644.9131    10.4194   2.877E+02    87     0    462
3s2_3p5(2P)6f_3Fe[4]            9.0    2230010.2107    10.4085   2.880E+02    86     0    463
3s2_3p4(3P)3d_4p_3Feo[2]        5.0    2231552.9535    10.3622   2.893E+02    85     0    464
3s2_3p5(2P)6f_1De[2]            5.0    2231845.6422    10.3535   2.896E+02    87     0    465
3s2_3p4(3P)3d_4p_3Dfo[2]        5.0    2235127.8295    10.2551   2.923E+02    85     0    466
3s2_3p4(3P)3d_4p_3Peo[1]        3.0    2236129.1264    10.2250   2.932E+02    85     0    467
3s2_3p5(2P)6g_3Fo[3]            7.0    2236959.5977    10.2002   2.939E+02    85     0    468
3s2_3p5(2P)6g_3Fo[2]            5.0    2237081.2596    10.1965   2.940E+02    85     0    469
3s2_3p5(2P)6g_3Ho[6]           13.0    2237348.7220    10.1885   2.942E+02    88     0    470
3s2_3p5(2P)6g_1Ho[5]           11.0    2237437.1772    10.1858   2.943E+02    89     0    471
3s2_3p4(3P)3d_4p_3Peo[0]        1.0    2237765.3625    10.1760   2.946E+02    85     0    472
3s2_3p5(2P)6g_3Fo[4]            9.0    2238164.5700    10.1640   2.950E+02    85     0    473
3s2_3p5(2P)6g_3Go[3]            7.0    2238305.0848    10.1598   2.951E+02    85     0    474
3s2_3p5(2P)6g_1Go[4]            9.0    2238602.9580    10.1509   2.953E+02    89     0    475
3s2_3p5(2P)6g_3Go[5]           11.0    2238644.4805    10.1496   2.954E+02    85     0    476
3s2_3p5(2P)6h_3Ge[3]            7.0    2238752.5738    10.1464   2.955E+02    86     0    477
3s2_3p5(2P)6h_3Ge[4]            9.0    2238767.1163    10.1460   2.955E+02    86     0    478
3s2_3p5(2P)6h_1Ie[6]           13.0    2238939.1089    10.1408   2.956E+02    87     0    479
3s2_3p5(2P)6h_3Ie[7]           15.0    2238945.9773    10.1406   2.956E+02    86     0    480
3s2_3p5(2P)6h_3He[4]            9.0    2239409.5983    10.1267   2.960E+02    86     0    481
3s2_3p5(2P)6h_3Ge[5]           11.0    2239415.7883    10.1265   2.960E+02    86     0    482
3s2_3p5(2P)6h_1He[5]           11.0    2239599.0691    10.1210   2.962E+02    87     0    483
3s2_3p5(2P)6h_3He[6]           13.0    2239609.0071    10.1207   2.962E+02    86     0    484
3s2_3p4(3P)3d_4p_1Fo[3]         7.0    2239611.0030    10.1207   2.962E+02    89     0    485
3s2_3p5(2P)6f_3Ge[3]            7.0    2250431.0612     9.7963   3.060E+02    86     0    486
3s2_3p5(2P)6f_3Dbe[3]           7.0    2250574.2900     9.7920   3.062E+02    86     0    487
3s2_3p5(2P)6f_3Gbe[4]           9.0    2251013.4509     9.7788   3.066E+02    86     0    488
3s2_3p5(2P)6f_3Fe[2]            5.0    2252707.3594     9.7280   3.082E+02    86     0    489
3s2_3p5(2P)7s_3Po[2]            5.0    2253829.5754     9.6944   3.092E+02    88     0    490
3s2_3p5(2P)7s_1Po[1]            3.0    2253942.9120     9.6910   3.094E+02    89     0    491
3s2_3p5(2P)6g_3Ho[4]            9.0    2260022.2300     9.5088   3.153E+02    88     0    492
3s2_3p5(2P)6g_3Fbo[4]           9.0    2260085.7298     9.5068   3.153E+02    88     0    493
3s2_3p5(2P)6g_3Ho[5]           11.0    2260098.1206     9.5065   3.154E+02    88     0    494
3s2_3p5(2P)6g_3Gbo[3]           7.0    2260230.2035     9.5025   3.155E+02    88     0    495
3s2_3p5(2P)6h_3Ie[5]           11.0    2261402.7706     9.4674   3.167E+02    86     0    496
3s2_3p5(2P)6h_3Ie[6]           13.0    2261414.1601     9.4670   3.167E+02    86     0    497
3s2_3p5(2P)6h_3Hbe[4]           9.0    2261414.9863     9.4670   3.167E+02    86     0    498
3s2_3p5(2P)6h_3Gbe[5]          11.0    2261420.9136     9.4668   3.167E+02    86     0    499
3s2_3p5(2P)7p_3Se[1]            3.0    2270076.2620     9.2073   3.256E+02    86     0    500
3s2_3p4(3P)3d_4p_1Po[1]         3.0    2270151.8612     9.2051   3.257E+02    89     0    501
3s2_3p5(2P)7p_3De[2]            5.0    2271165.0606     9.1747   3.268E+02    90     0    502
3s2_3p5(2P)7p_3De[3]            7.0    2271467.0540     9.1656   3.271E+02    90     0    503
3s2_3p5(2P)7p_1Pe[1]            3.0    2272214.5692     9.1432   3.279E+02    87     0    504
3s2_3p5(2P)7p_3Pe[2]            5.0    2272605.5786     9.1315   3.283E+02    90     0    505
3s2_3p5(2P)7s_3Po[0]            1.0    2275781.0023     9.0363   3.318E+02    88     0    506
3s2_3p5(2P)7p_1Se[0]            1.0    2275891.8301     9.0330   3.319E+02    91     0    507
3s2_3p5(2P)7s_3Po[1]            3.0    2277737.3830     8.9777   3.339E+02    88     0    508
3s2_3p5(2P)7p_3De[1]            3.0    2293104.4906     8.5170   3.520E+02    90     0    509
3s2_3p5(2P)7p_3Pe[1]            3.0    2293917.2224     8.4926   3.530E+02    90     0    510
3s2_3p5(2P)7p_3Dbe[2]           5.0    2294117.3877     8.4866   3.533E+02    90     0    511
3s2_3p5(2P)7p_3Pe[0]            1.0    2296095.9003     8.4273   3.557E+02    90     0    512
3s2_3p5(2P)7d_3Po[0]            1.0    2299208.4301     8.3340   3.597E+02    92     0    513
3s2_3p5(2P)7d_3Po[1]            3.0    2299709.1771     8.3190   3.604E+02    92     0    514
3s2_3p5(2P)7d_3Fo[4]            9.0    2300454.2314     8.2966   3.613E+02    92     0    515
3s2_3p5(2P)7d_3Po[2]            5.0    2300518.4794     8.2947   3.614E+02    92     0    516
3s2_3p5(2P)7d_3Fo[3]            7.0    2300678.1085     8.2899   3.616E+02    92     0    517
3s2_3p5(2P)7d_1Do[2]            5.0    2301486.7652     8.2657   3.627E+02    93     0    518
3s2_3p5(2P)7d_3Do[3]            7.0    2301698.8699     8.2593   3.630E+02    92     0    519
3s2_3p5(2P)7d_1Po[1]            3.0    2303645.0854     8.2010   3.656E+02    93     0    520
3s2_3p5(2P)7f_3De[1]            3.0    2320749.1944     7.6882   3.899E+02    94     0    521
3s2_3p5(2P)7f_3De[2]            5.0    2321342.5564     7.6704   3.908E+02    94     0    522
3s2_3p5(2P)7f_3Ge[5]           11.0    2321372.6812     7.6695   3.909E+02    94     0    523
3s2_3p5(2P)7f_3Ge[4]            9.0    2321838.1065     7.6556   3.916E+02    94     0    524
3s2_3p5(2P)7f_3De[3]            7.0    2322061.0453     7.6489   3.919E+02    94     0    525
3s2_3p5(2P)7f_1Fe[3]            7.0    2322699.4071     7.6297   3.929E+02    95     0    526
3s2_3p5(2P)7d_3Pbo[2]           5.0    2322748.7281     7.6283   3.930E+02    92     0    527
3s2_3p5(2P)7d_3Fo[2]            5.0    2322817.1922     7.6262   3.931E+02    92     0    528
3s2_3p5(2P)7f_3Fe[4]            9.0    2322908.1165     7.6235   3.932E+02    94     0    529
3s2_3p5(2P)7d_3Fbo[3]           7.0    2323189.5142     7.6150   3.937E+02    92     0    530
3s2_3p5(2P)7f_1De[2]            5.0    2324051.8844     7.5892   3.950E+02    95     0    531
3s2_3p5(2P)7d_3Do[1]            3.0    2324155.9792     7.5861   3.952E+02    92     0    532
3s2_3p5(2P)7g_3Fo[2]            5.0    2327534.6747     7.4848   4.005E+02    92     0    533
3s2_3p5(2P)7g_3Fo[3]            7.0    2327681.7954     7.4804   4.008E+02    92     0    534
3s2_3p5(2P)7g_3Ho[6]           13.0    2327795.2359     7.4770   4.010E+02    96     0    535
3s2_3p5(2P)7g_1Ho[5]           11.0    2327863.7684     7.4749   4.011E+02    93     0    536
3s2_3p5(2P)7g_3Fo[4]            9.0    2328320.0094     7.4612   4.018E+02    92     0    537
3s2_3p5(2P)7g_3Go[3]            7.0    2328433.1832     7.4578   4.020E+02    92     0    538
3s2_3p5(2P)7g_1Go[4]            9.0    2328596.7260     7.4529   4.022E+02    93     0    539
3s2_3p5(2P)7g_3Go[5]           11.0    2328626.2790     7.4521   4.023E+02    92     0    540
3s2_3p5(2P)7h_3Ge[3]            7.0    2328628.3227     7.4520   4.023E+02    94     0    541
3s2_3p5(2P)7h_3Ge[4]            9.0    2328640.4905     7.4516   4.023E+02    94     0    542
3s2_3p5(2P)7h_1Ie[6]           13.0    2328747.4799     7.4484   4.025E+02    95     0    543
3s2_3p5(2P)7h_3Ie[7]           15.0    2328750.0680     7.4483   4.025E+02    94     0    544
3s2_3p5(2P)7h_3He[4]            9.0    2329049.4500     7.4394   4.030E+02    94     0    545
3s2_3p5(2P)7h_3Ge[5]           11.0    2329051.5074     7.4393   4.030E+02    94     0    546
3s2_3p5(2P)7h_1He[5]           11.0    2329166.0519     7.4359   4.032E+02    95     0    547
3s2_3p5(2P)7h_3He[6]           13.0    2329172.5729     7.4357   4.032E+02    94     0    548
3s2_3p5(2P)8s_3Po[2]            5.0    2337793.0497     7.1772   4.177E+02    96     0    549
3s2_3p5(2P)8s_1Po[1]            3.0    2338286.9378     7.1624   4.186E+02    93     0    550
3s2_3p5(2P)7f_3Ge[3]            7.0    2344005.7665     6.9910   4.288E+02    94     0    551
3s2_3p5(2P)7f_3Dbe[3]           7.0    2344060.8124     6.9893   4.289E+02    94     0    552
3s2_3p5(2P)7f_3Gbe[4]           9.0    2344365.6908     6.9802   4.295E+02    94     0    553
3s2_3p5(2P)7f_3Fe[2]            5.0    2345336.4334     6.9511   4.313E+02    94     0    554
3s2_3p5(2P)8p_3Se[1]            3.0    2348863.5792     6.8454   4.380E+02    94     0    555
3s2_3p5(2P)8p_3De[2]            5.0    2349513.6998     6.8259   4.392E+02    97     0    556
3s2_3p5(2P)8p_3De[3]            7.0    2349708.3536     6.8200   4.396E+02    97     0    557
3s2_3p5(2P)8p_1Pe[1]            3.0    2350166.7095     6.8063   4.405E+02    95     0    558
3s2_3p5(2P)7g_3Ho[4]            9.0    2350286.3906     6.8027   4.407E+02    96     0    559
3s2_3p5(2P)7g_3Fbo[4]           9.0    2350316.8642     6.8018   4.408E+02    96     0    560
3s2_3p5(2P)7g_3Ho[5]           11.0    2350343.4228     6.8010   4.408E+02    96     0    561
3s2_3p5(2P)8p_3Pe[2]            5.0    2350418.9632     6.7987   4.410E+02    97     0    562
3s2_3p5(2P)7g_3Gbo[3]           7.0    2350434.5987     6.7983   4.410E+02    96     0    563
3s2_3p5(2P)7h_3Ie[5]           11.0    2351110.9550     6.7780   4.423E+02    94     0    564
3s2_3p5(2P)7h_3Ie[6]           13.0    2351118.9849     6.7777   4.423E+02    94     0    565
3s2_3p5(2P)7h_3Hbe[4]           9.0    2351119.7304     6.7777   4.423E+02    94     0    566
3s2_3p5(2P)7h_3Gbe[5]          11.0    2351121.0518     6.7777   4.423E+02    94     0    567
3s2_3p5(2P)8p_1Se[0]            1.0    2352602.3003     6.7333   4.452E+02    95     0    568
3s2_3p5(2P)8s_3Po[0]            1.0    2359791.4968     6.5177   4.600E+02    96     0    569
3s2_3p5(2P)8s_3Po[1]            3.0    2360119.1500     6.5079   4.607E+02    96     0    570
3s2_3p5(2P)8d_3Po[0]            1.0    2367470.4215     6.2875   4.768E+02    96     0    571
3s2_3p5(2P)8d_3Po[1]            3.0    2367752.6016     6.2791   4.774E+02    96     0    572
3s2_3p5(2P)8d_3Po[2]            5.0    2368322.3338     6.2620   4.787E+02    96     0    573
3s2_3p5(2P)8d_3Fo[4]            9.0    2368329.3432     6.2618   4.788E+02    98     0    574
3s2_3p5(2P)8d_3Fo[3]            7.0    2368461.1223     6.2578   4.791E+02    98     0    575
3s2_3p5(2P)8d_1Do[2]            5.0    2368994.9393     6.2418   4.803E+02    99     0    576
3s2_3p5(2P)8d_3Do[3]            7.0    2369114.9254     6.2382   4.806E+02    98     0    577
3s2_3p5(2P)8d_1Po[1]            3.0    2369313.6680     6.2323   4.810E+02    99     0    578
3s2_3p5(2P)8p_3De[1]            3.0    2371524.3475     6.1660   4.862E+02    97     0    579
3s2_3p5(2P)8p_3Pe[1]            3.0    2372044.0254     6.1504   4.874E+02    97     0    580
3s2_3p5(2P)8p_3Dbe[2]           5.0    2372169.4095     6.1467   4.877E+02    97     0    581
3s2_3p5(2P)8p_3Pe[0]            1.0    2373363.0142     6.1109   4.906E+02    97     0    582
3s2_3p5(2P)8f_3De[1]            3.0    2381680.2268     5.8615   5.115E+02    97     0    583
3s2_3p5(2P)8f_3Ge[5]           11.0    2382072.0173     5.8498   5.125E+02   100     0    584
3s2_3p5(2P)8f_3De[2]            5.0    2382080.8939     5.8495   5.125E+02    97     0    585
3s2_3p5(2P)8f_3Ge[4]            9.0    2382380.4003     5.8405   5.133E+02   100     0    586
3s2_3p5(2P)8f_3De[3]            7.0    2382543.2427     5.8357   5.137E+02    97     0    587
3s2_3p5(2P)8f_1Fe[3]            7.0    2382944.0260     5.8236   5.148E+02   101     0    588
3s2_3p5(2P)8f_3Fe[4]            9.0    2383075.1609     5.8197   5.151E+02   100     0    589
3s2_3p5(2P)8f_1De[2]            5.0    2383849.0952     5.7965   5.172E+02   101     0    590
3s2_3p5(2P)8g_3Fo[2]            5.0    2386256.6623     5.7243   5.237E+02    98     0    591
3s2_3p5(2P)8g_3Fo[3]            7.0    2386371.0728     5.7209   5.240E+02    98     0    592
3s2_3p5(2P)8g_3Ho[6]           13.0    2386441.7734     5.7188   5.242E+02    98     0    593
3s2_3p5(2P)8g_1Ho[5]           11.0    2386493.0780     5.7172   5.244E+02    99     0    594
3s2_3p5(2P)8g_3Fo[4]            9.0    2386800.8482     5.7080   5.252E+02    98     0    595
3s2_3p5(2P)8g_3Go[3]            7.0    2386883.9479     5.7055   5.254E+02    98     0    596
3s2_3p5(2P)8g_1Go[4]            9.0    2386983.1195     5.7026   5.257E+02    99     0    597
3s2_3p5(2P)8h_3Ge[3]            7.0    2386995.3530     5.7022   5.257E+02    97     0    598
3s2_3p5(2P)8g_3Go[5]           11.0    2387004.0339     5.7019   5.258E+02    98     0    599
3s2_3p5(2P)8h_3Ge[4]            9.0    2387004.9149     5.7019   5.258E+02    97     0    600
3s2_3p5(2P)8h_1Ie[6]           13.0    2387075.8659     5.6998   5.260E+02   101     0    601
3s2_3p5(2P)8h_3Ie[7]           15.0    2387076.4992     5.6998   5.260E+02   100     0    602
3s2_3p5(2P)8h_3He[4]            9.0    2387281.2731     5.6936   5.265E+02    97     0    603
3s2_3p5(2P)8h_3Ge[5]           11.0    2387281.5193     5.6936   5.265E+02    97     0    604
3s2_3p5(2P)8h_1He[5]           11.0    2387358.0980     5.6913   5.268E+02   101     0    605
3s2_3p5(2P)8h_3He[6]           13.0    2387362.4125     5.6912   5.268E+02    97     0    606
3s2_3p5(2P)8k_3Ie[5]           11.0    2387413.6760     5.6897   5.269E+02    97     0    607
3s2_3p5(2P)8k_3Ie[6]           13.0    2387415.6951     5.6896   5.269E+02    97     0    608
3s2_3p5(2P)8k_1Le[8]           17.0    2387435.9311     5.6890   5.270E+02   101     0    609
3s2_3p5(2P)8k_3Le[9]           19.0    2387437.9584     5.6889   5.270E+02   100     0    610
3s2_3p5(2P)8k_3Ke[6]           13.0    2387523.9526     5.6863   5.272E+02    97     0    611
3s2_3p5(2P)8k_3Ie[7]           15.0    2387525.9333     5.6863   5.272E+02    97     0    612
3s2_3p5(2P)8k_1Ke[7]           15.0    2387546.5209     5.6857   5.273E+02   101     0    613
3s2_3p5(2P)8k_3Ke[8]           17.0    2387548.5085     5.6856   5.273E+02    97     0    614
3s2_3p5(2P)8d_3Pbo[2]           5.0    2390281.9410     5.6037   5.350E+02    98     0    615
3s2_3p5(2P)8d_3Fo[2]            5.0    2390646.4137     5.5927   5.360E+02    98     0    616
3s2_3p5(2P)8d_3Fbo[3]           7.0    2390859.4731     5.5863   5.367E+02    98     0    617
3s2_3p5(2P)8d_3Do[1]            3.0    2390940.9545     5.5839   5.369E+02    98     0    618
3s2_3p5(2P)9s_3Po[2]            5.0    2393225.6779     5.5154   5.436E+02    98     0    619
3s2_3p5(2P)9s_1Po[1]            3.0    2393468.3136     5.5081   5.443E+02    99     0    620
3s2_3p5(2P)9p_3Se[1]            3.0    2400787.0623     5.2887   5.669E+02   100     0    621
3s2_3p5(2P)9p_3De[2]            5.0    2401170.1472     5.2772   5.681E+02   100     0    622
3s2_3p5(2P)9p_3De[3]            7.0    2401307.3749     5.2731   5.685E+02   100     0    623
3s2_3p5(2P)9p_1Pe[1]            3.0    2401638.8461     5.2632   5.696E+02   101     0    624
3s2_3p5(2P)9p_3Pe[2]            5.0    2401804.4394     5.2582   5.701E+02   100     0    625
3s2_3p5(2P)9p_1Se[0]            1.0    2403386.1425     5.2108   5.753E+02   101     0    626
3s2_3p5(2P)8f_3Ge[3]            7.0    2404545.1931     5.1761   5.792E+02   100     0    627
3s2_3p5(2P)8f_3Dbe[3]           7.0    2404598.8013     5.1745   5.794E+02   100     0    628
3s2_3p5(2P)8f_3Gbe[4]           9.0    2404782.1628     5.1690   5.800E+02   100     0    629
3s2_3p5(2P)8f_3Fe[2]            5.0    2405438.3858     5.1493   5.822E+02   100     0    630
3s_3p6(2S)5p_3Po[0]             1.0    2408315.8378     5.0630   5.921E+02    98     0    631
3s2_3p5(2P)8g_3Ho[4]            9.0    2408833.8714     5.0475   5.939E+02    98     0    632
3s2_3p5(2P)8g_3Fbo[4]           9.0    2408850.5986     5.0470   5.940E+02    98     0    633
3s2_3p5(2P)8g_3Ho[5]           11.0    2408875.7974     5.0462   5.941E+02    98     0    634
3s2_3p5(2P)8g_3Gbo[3]           7.0    2408941.3642     5.0443   5.943E+02    98     0    635
3s_3p6(2S)5p_3Po[1]             3.0    2409282.0730     5.0341   5.955E+02    98     0    636
3s2_3p5(2P)8h_3Ie[5]           11.0    2409384.5017     5.0310   5.959E+02   100     0    637
3s2_3p5(2P)8h_3Ie[6]           13.0    2409390.1403     5.0308   5.959E+02   100     0    638
3s2_3p5(2P)8h_3Gbe[5]          11.0    2409390.6259     5.0308   5.959E+02   100     0    639
3s2_3p5(2P)8h_3Hbe[4]           9.0    2409391.1950     5.0308   5.959E+02   100     0    640
3s2_3p5(2P)8k_3Le[7]           15.0    2409683.3939     5.0220   5.970E+02   100     0    641
3s2_3p5(2P)8k_3Kbe[6]          13.0    2409683.6320     5.0220   5.970E+02   100     0    642
3s2_3p5(2P)8k_3Le[8]           17.0    2409685.4458     5.0220   5.970E+02   100     0    643
3s2_3p5(2P)8k_3Ibe[7]          15.0    2409685.6839     5.0220   5.970E+02   100     0    644
3s_3p6(2S)5p_3Po[2]             5.0    2411454.8277     4.9689   6.033E+02    98     0    645
3s_3p6(2S)5p_1Po[1]             3.0    2412609.4844     4.9343   6.076E+02    99     0    646
3s2_3p5(2P)9d_3Fo[4]            9.0    2414036.8018     4.8915   6.129E+02   102     0    647
3s2_3p5(2P)9d_3Fo[3]            7.0    2414121.4896     4.8890   6.132E+02   102     0    648
3s2_3p5(2P)9d_1Do[2]            5.0    2414489.1989     4.8779   6.146E+02    99     0    649
3s2_3p5(2P)9d_3Do[3]            7.0    2414569.0087     4.8756   6.149E+02   102     0    650
3s2_3p5(2P)9d_3Po[1]            3.0    2415059.7806     4.8608   6.168E+02   102     0    651
3s2_3p5(2P)9d_3Po[0]            1.0    2415071.6748     4.8605   6.168E+02   102     0    652
3s_3p6(2S)5p_3Pbo[2]            5.0    2415566.5930     4.8456   6.187E+02    98     0    653
3s2_3p5(2P)9s_3Po[1]            3.0    2415625.1696     4.8439   6.189E+02    98     0    654
3s2_3p5(2P)9s_3Po[0]            1.0    2415911.2347     4.8353   6.200E+02    98     0    655
3s_3p6(2S)5p_1Pbo[1]            3.0    2416885.7883     4.8061   6.238E+02   103     0    656
3s2_3p5(2P)9f_3De[1]            3.0    2423037.0696     4.6217   6.487E+02   100     0    657
3s2_3p5(2P)9f_3De[2]            5.0    2423409.0509     4.6105   6.502E+02   100     0    658
3s2_3p5(2P)9f_3Dbe[1]           3.0    2423474.2579     4.6086   6.505E+02   104     0    659
3s2_3p5(2P)9f_3Ge[5]           11.0    2423524.3423     4.6071   6.507E+02   104     0    660
3s2_3p5(2P)9p_3Pe[1]            3.0    2423646.1971     4.6034   6.512E+02   100     0    661
3s2_3p5(2P)9f_3Ge[4]            9.0    2423739.5426     4.6006   6.516E+02   104     0    662
3s2_3p5(2P)9p_3Dbe[2]           5.0    2423821.3044     4.5982   6.520E+02   100     0    663
3s2_3p5(2P)9f_3De[3]            7.0    2423864.7283     4.5969   6.522E+02   100     0    664
3s2_3p5(2P)9f_1Fe[3]            7.0    2424132.2168     4.5889   6.533E+02   101     0    665
3s2_3p5(2P)9f_3Fe[4]            9.0    2424219.9756     4.5862   6.537E+02   104     0    666
3s2_3p5(2P)9p_3Pe[0]            1.0    2424537.8549     4.5767   6.550E+02   100     0    667
3s2_3p5(2P)9f_1De[2]            5.0    2424808.1394     4.5686   6.562E+02   101     0    668
3s2_3p5(2P)9g_3Fo[2]            5.0    2426492.1372     4.5181   6.635E+02   102     0    669
3s2_3p5(2P)9g_3Fo[3]            7.0    2426574.7581     4.5156   6.639E+02   102     0    670
3s2_3p5(2P)9g_3Ho[6]           13.0    2426617.4679     4.5144   6.641E+02   102     0    671
3s2_3p5(2P)9g_1Ho[5]           11.0    2426655.8044     4.5132   6.643E+02   103     0    672
3s2_3p5(2P)9g_3Fo[4]            9.0    2426874.8008     4.5066   6.652E+02   102     0    673
3s2_3p5(2P)9g_3Go[3]            7.0    2426935.7945     4.5048   6.655E+02   102     0    674
3s2_3p5(2P)9g_1Go[4]            9.0    2427000.4831     4.5029   6.658E+02   103     0    675
3s2_3p5(2P)9h_3Ge[3]            7.0    2427007.2981     4.5027   6.658E+02   100     0    676
3s2_3p5(2P)9h_3Ge[4]            9.0    2427015.2869     4.5024   6.658E+02   100     0    677
3s2_3p5(2P)9g_3Go[5]           11.0    2427015.5646     4.5024   6.658E+02   102     0    678
3s2_3p5(2P)9h_1Ie[6]           13.0    2427064.0321     4.5010   6.661E+02   101     0    679
3s2_3p5(2P)9h_3Ie[7]           15.0    2427064.3987     4.5010   6.661E+02   104     0    680
3s2_3p5(2P)9h_3He[4]            9.0    2427210.4154     4.4966   6.667E+02   100     0    681
3s2_3p5(2P)9h_3Ge[5]           11.0    2427210.4551     4.4966   6.667E+02   100     0    682
3s2_3p5(2P)9h_1He[5]           11.0    2427263.6817     4.4950   6.669E+02   101     0    683
3s2_3p5(2P)9h_3He[6]           13.0    2427267.1617     4.4949   6.670E+02   100     0    684
3s2_3p5(2P)9k_3Ie[5]           11.0    2427307.7854     4.4937   6.671E+02   100     0    685
3s2_3p5(2P)9k_3Ie[6]           13.0    2427308.7950     4.4936   6.672E+02   100     0    686
3s2_3p5(2P)9k_1Le[8]           17.0    2427323.3567     4.4932   6.672E+02   101     0    687
3s2_3p5(2P)9k_3Le[9]           19.0    2427324.3703     4.4932   6.672E+02   104     0    688
3s2_3p5(2P)9k_3Ke[6]           13.0    2427385.3654     4.4913   6.675E+02   100     0    689
3s2_3p5(2P)9k_3Ie[7]           15.0    2427386.3558     4.4913   6.675E+02   100     0    690
3s2_3p5(2P)9k_1Ke[7]           15.0    2427401.1638     4.4909   6.676E+02   101     0    691
3s2_3p5(2P)9k_3Ke[8]           17.0    2427402.1583     4.4908   6.676E+02   100     0    692
3s2_3p5(2P)9d_3Fo[2]            5.0    2436313.5468     4.2237   7.098E+02   102     0    693
3s2_3p5(2P)9d_3Fbo[3]           7.0    2436455.6444     4.2194   7.105E+02   102     0    694
3s2_3p5(2P)9d_3Po[2]            5.0    2436516.6928     4.2176   7.108E+02   102     0    695
3s2_3p5(2P)9d_3Do[1]            3.0    2436746.3564     4.2107   7.120E+02   102     0    696
3s2_3p5(2P)9f_3Ge[3]            7.0    2445913.7673     3.9359   7.617E+02   104     0    697
3s2_3p5(2P)9f_3Dbe[3]           7.0    2445945.1820     3.9349   7.619E+02   104     0    698
3s2_3p5(2P)9f_3Gbe[4]           9.0    2446077.6685     3.9309   7.626E+02   104     0    699
3s2_3p5(2P)9f_3Fe[2]            5.0    2446537.7917     3.9172   7.653E+02   104     0    700
3s2_3p5(2P)9g_3Ho[4]            9.0    2448953.0371     3.8447   7.797E+02   102     0    701
3s2_3p5(2P)9g_3Fbo[4]           9.0    2448967.5249     3.8443   7.798E+02   102     0    702
3s2_3p5(2P)9g_3Ho[5]           11.0    2448983.9006     3.8438   7.799E+02   102     0    703
3s2_3p5(2P)9g_3Gbo[3]           7.0    2449033.9207     3.8423   7.802E+02   102     0    704
3s2_3p5(2P)9h_3Ie[5]           11.0    2449340.8469     3.8331   7.821E+02   104     0    705
3s2_3p5(2P)9h_3Ie[6]           13.0    2449345.4459     3.8330   7.821E+02   104     0    706
3s2_3p5(2P)9h_3Gbe[5]          11.0    2449345.8398     3.8330   7.821E+02   104     0    707
3s2_3p5(2P)9h_3Hbe[4]           9.0    2449346.5471     3.8330   7.821E+02   104     0    708
3s2_3p5(2P)9k_3Le[7]           15.0    2449557.1894     3.8266   7.834E+02   104     0    709
3s2_3p5(2P)9k_3Kbe[6]          13.0    2449557.3809     3.8266   7.834E+02   104     0    710
3s2_3p5(2P)9k_3Le[8]           17.0    2449558.2140     3.8266   7.834E+02   104     0    711
3s2_3p5(2P)9k_3Ibe[7]          15.0    2449558.4055     3.8266   7.834E+02   104     0    712
