********************************************************************************
                                                                                
                 SUper level assignments for IX
	         E%LS -- 2%
                                                                                
                           g          E(cm^-1)     10^15 Hz      eV        Lam(A
********************************************************************************
                                                                                
17-Jun-2014                            !Format date                   
07-Mar-2017                            !Date
204                                    !Number of energy levels
6                                      !Entry number of link to super level
  
2s2_2p_2Po[1]              2.0          0.0000    97.0518   3.089E+01     1     0      1
2s2_2p_2Po[2]              4.0       6990.6000    96.8422   3.096E+01     1     0      2
2s_2p2_4Pe[1]              2.0     161009.9060    92.2249   3.251E+01     2     0      3
2s_2p2_4Pe[2]              4.0     163489.9060    92.1505   3.253E+01     2     0      4
2s_2p2_4Pe[3]              6.0     167059.7030    92.0435   3.257E+01     2     0      5
2s_2p2_2De[2]              4.0     287849.6880    88.4223   3.390E+01     3     0      6
2s_2p2_2De[3]              6.0     287880.4060    88.4214   3.390E+01     3     0      7
2s_2p2_2Se[1]              2.0     367670.4060    86.0293   3.485E+01     4     0      8
2s_2p2_2Pe[1]              2.0     390040.4060    85.3587   3.512E+01     5     0      9
2s_2p2_2Pe[2]              4.0     394030.4060    85.2391   3.517E+01     5     0     10
2p3_4So[2]                 4.0     509330.3120    81.7825   3.666E+01     6     0     11
2p3_2Do[2]                 4.0     575429.5000    79.8009   3.757E+01     7     0     12
2p3_2Do[3]                 6.0     575450.3120    79.8002   3.757E+01     7     0     13
2p3_2Po[1]                 2.0     646759.8120    77.6624   3.860E+01     8     0     14
2p3_2Po[2]                 4.0     647389.6880    77.6436   3.861E+01     8     0     15
2s2_3s_2Se[1]              2.0    1820593.0000    42.4718   7.059E+01     9     0     16
2s2_3p_2Po[1]              2.0    1901580.2500    40.0439   7.487E+01    10     0     17
2s2_3p_2Po[2]              4.0    1903481.3750    39.9869   7.497E+01    10     0     18
2s2_3d_2De[2]              4.0    1980087.3750    37.6903   7.954E+01    11     0     19
2s2_3d_2De[3]              6.0    1980637.2500    37.6738   7.958E+01    11     0     20
2s_2p(3Po)3s_4Po[1]        2.0    1992059.2500    37.3314   8.031E+01    12     0     21
2s_2p(3Po)3s_4Po[2]        4.0    1994379.8750    37.2618   8.046E+01    12     0     22
2s_2p(3Po)3s_4Po[3]        6.0    1998507.1250    37.1381   8.072E+01    12     0     23
2s_2p(3Po)3s_2Po[1]        2.0    2033171.1250    36.0989   8.305E+01    13     0     24
2s_2p(3Po)3s_2Po[2]        4.0    2037794.1250    35.9603   8.337E+01    13     0     25
2s_2p(3Po)3p_2Pe[1]        2.0    2064167.3750    35.1696   8.524E+01    14     0     26
2s_2p(3Po)3p_2Pe[2]        4.0    2066376.3750    35.1034   8.540E+01    14     0     27
2s_2p(3Po)3p_4De[1]        2.0    2068318.6250    35.0452   8.554E+01    15     0     28
2s_2p(3Po)3p_4De[2]        4.0    2069287.2500    35.0161   8.562E+01    15     0     29
2s_2p(3Po)3p_4De[3]        6.0    2070719.2500    34.9732   8.572E+01    15     0     30
2s_2p(3Po)3p_4De[4]        8.0    2074353.2500    34.8643   8.599E+01    15     0     31
2s_2p(3Po)3p_4Se[2]        4.0    2085366.8750    34.5341   8.681E+01    15     0     32
2s_2p(3Po)3p_4Pe[1]        2.0    2094063.2500    34.2734   8.747E+01    15     0     33
2s_2p(3Po)3p_4Pe[2]        4.0    2096106.5000    34.2121   8.763E+01    15     0     34
2s_2p(3Po)3p_4Pe[3]        6.0    2098270.0000    34.1473   8.779E+01    15     0     35
2s_2p(3Po)3p_2De[2]        4.0    2107136.5000    33.8814   8.848E+01    16     0     36
2s_2p(3Po)3p_2De[3]        6.0    2111372.7500    33.7544   8.882E+01    16     0     37
2s_2p(3Po)3d_4Fo[2]        4.0    2133761.7500    33.0832   9.062E+01    17     0     38
2s_2p(3Po)3p_2Se[1]        2.0    2134958.2500    33.0474   9.072E+01    16     0     39
2s_2p(3Po)3d_4Fo[3]        6.0    2135137.5000    33.0420   9.073E+01    17     0     40
2s_2p(3Po)3d_4Fo[4]        8.0    2137139.7500    32.9820   9.090E+01    17     0     41
2s_2p(3Po)3d_4Fo[5]       10.0    2139887.7500    32.8996   9.112E+01    17     0     42
2s_2p(3Po)3d_4Do[1]        2.0    2154917.0000    32.4490   9.239E+01    17     0     43
2s_2p(3Po)3d_4Do[2]        4.0    2155116.2500    32.4431   9.241E+01    17     0     44
2s_2p(3Po)3d_4Do[3]        6.0    2155522.7500    32.4309   9.244E+01    17     0     45
2s_2p(3Po)3d_4Do[4]        8.0    2157721.5000    32.3649   9.263E+01    17     0     46
2s_2p(3Po)3d_2Do[2]        4.0    2158703.2500    32.3355   9.271E+01    18     0     47
2s_2p(3Po)3d_2Do[3]        6.0    2159257.5000    32.3189   9.276E+01    18     0     48
2s_2p(3Po)3d_4Po[3]        6.0    2163549.2500    32.1902   9.313E+01    17     0     49
2s_2p(3Po)3d_4Po[2]        4.0    2164349.2500    32.1663   9.320E+01    17     0     50
2s_2p(3Po)3d_4Po[1]        2.0    2164938.7500    32.1486   9.325E+01    17     0     51
2s_2p(1Po)3s_2Po[1]        2.0    2165319.2500    32.1372   9.329E+01    18     0     52
2s_2p(1Po)3s_2Po[2]        4.0    2165497.5000    32.1318   9.330E+01    18     0     53
2s_2p(3Po)3d_2Fo[3]        6.0    2198012.2500    31.1571   9.622E+01    19     0     54
2s_2p(3Po)3d_2Fo[4]        8.0    2202156.5000    31.0328   9.660E+01    19     0     55
2s_2p(3Po)3d_2Po[2]        4.0    2207198.5000    30.8817   9.708E+01    19     0     56
2s_2p(3Po)3d_2Po[1]        2.0    2209560.7500    30.8108   9.730E+01    19     0     57
2s_2p(1Po)3p_2Pe[1]        2.0    2244529.7500    29.7625   1.007E+02    20     0     58
2s_2p(1Po)3p_2Pe[2]        4.0    2245649.5000    29.7289   1.008E+02    20     0     59
2s_2p(1Po)3p_2De[2]        4.0    2247268.0000    29.6804   1.010E+02    20     0     60
2s_2p(1Po)3p_2De[3]        6.0    2247517.5000    29.6729   1.010E+02    20     0     61
2s_2p(1Po)3p_2Se[1]        2.0    2266410.2500    29.1065   1.030E+02    20     0     62
2p2(3Pe)3s_4Pe[1]          2.0    2286496.2500    28.5044   1.052E+02    21     0     63
2p2(3Pe)3s_4Pe[2]          4.0    2288948.2500    28.4309   1.054E+02    21     0     64
2p2(3Pe)3s_4Pe[3]          6.0    2292833.5000    28.3144   1.059E+02    21     0     65
2s_2p(1Po)3d_2Fo[4]        8.0    2315196.5000    27.6440   1.084E+02    22     0     66
2s_2p(1Po)3d_2Fo[3]        6.0    2315301.0000    27.6408   1.085E+02    22     0     67
2s_2p(1Po)3d_2Do[2]        4.0    2325961.0000    27.3213   1.097E+02    22     0     68
2s_2p(1Po)3d_2Do[3]        6.0    2326714.2500    27.2987   1.098E+02    22     0     69
2p2(3Pe)3s_2Pe[1]          2.0    2331377.0000    27.1589   1.104E+02    23     0     70
2p2(3Pe)3s_2Pe[2]          4.0    2335653.2500    27.0307   1.109E+02    23     0     71
2s_2p(1Po)3d_2Po[1]        2.0    2340471.2500    26.8862   1.115E+02    22     0     72
2s_2p(1Po)3d_2Po[2]        4.0    2341186.7500    26.8648   1.116E+02    22     0     73
2p2(3Pe)3p_2So[1]          2.0    2342935.5000    26.8124   1.118E+02    22     0     74
2p2(3Pe)3p_4Do[1]          2.0    2353617.0000    26.4921   1.132E+02    24     0     75
2p2(3Pe)3p_4Do[2]          4.0    2355131.7500    26.4467   1.134E+02    24     0     76
2p2(1De)3s_2De[3]          6.0    2355920.7500    26.4231   1.135E+02    23     0     77
2p2(1De)3s_2De[2]          4.0    2356007.2500    26.4205   1.135E+02    23     0     78
2p2(3Pe)3p_4Do[3]          6.0    2357669.7500    26.3707   1.137E+02    24     0     79
2p2(3Pe)3p_4Do[4]          8.0    2361191.5000    26.2651   1.141E+02    24     0     80
2p2(3Pe)3p_4Po[1]          2.0    2365563.2500    26.1340   1.147E+02    24     0     81
2p2(3Pe)3p_4Po[2]          4.0    2366591.5000    26.1032   1.148E+02    24     0     82
2p2(3Pe)3p_4Po[3]          6.0    2368774.2500    26.0377   1.151E+02    24     0     83
2p2(3Pe)3p_2Do[2]          4.0    2377111.5000    25.7878   1.163E+02    25     0     84
2p2(3Pe)3p_2Do[3]          6.0    2381686.7500    25.6506   1.169E+02    25     0     85
2p2(3Pe)3p_2Po[2]          4.0    2397826.7500    25.1668   1.191E+02    25     0     86
2p2(3Pe)3p_2Po[1]          2.0    2398416.5000    25.1491   1.192E+02    25     0     87
2p2(3Pe)3p_4So[2]          4.0    2403042.0000    25.0104   1.199E+02    26     0     88
2p2(3Pe)3d_4Fe[2]          4.0    2414746.2500    24.6595   1.216E+02    27     0     89
2p2(3Pe)3d_4Fe[3]          6.0    2416114.0000    24.6185   1.218E+02    27     0     90
2p2(3Pe)3d_4Fe[4]          8.0    2418092.2500    24.5592   1.221E+02    27     0     91
2p2(3Pe)3d_4Fe[5]         10.0    2420742.2500    24.4798   1.225E+02    27     0     92
2p2(1De)3p_2Fo[3]          6.0    2424790.7500    24.3584   1.231E+02    28     0     93
2p2(1De)3p_2Fo[4]          8.0    2426248.5000    24.3147   1.233E+02    28     0     94
2p2(3Pe)3d_4De[2]          4.0    2430351.2500    24.1917   1.239E+02    27     0     95
2p2(3Pe)3d_4De[1]          2.0    2430370.2500    24.1911   1.239E+02    27     0     96
2p2(3Pe)3d_4De[3]          6.0    2432021.7500    24.1416   1.242E+02    27     0     97
2p2(3Pe)3d_4De[4]          8.0    2433038.7500    24.1111   1.243E+02    27     0     98
2p2(3Pe)3d_2Pe[2]          4.0    2433528.5000    24.0965   1.244E+02    29     0     99
2p2(3Pe)3d_2Pe[1]          2.0    2437210.7500    23.9861   1.250E+02    29     0    100
2p2(3Pe)3d_2Fe[3]          6.0    2438431.7500    23.9495   1.252E+02    29     0    101
2p2(3Pe)3d_2Fe[4]          8.0    2443242.2500    23.8053   1.259E+02    29     0    102
2p2(3Pe)3d_4Pe[3]          6.0    2452212.5000    23.5363   1.274E+02    27     0    103
2p2(1De)3p_2Do[3]          6.0    2453759.0000    23.4900   1.276E+02    28     0    104
2p2(1De)3p_2Do[2]          4.0    2453779.5000    23.4894   1.276E+02    28     0    105
2p2(3Pe)3d_4Pe[2]          4.0    2453794.2500    23.4889   1.276E+02    27     0    106
2p2(3Pe)3d_4Pe[1]          2.0    2454637.0000    23.4636   1.278E+02    27     0    107
2p2(1Se)3s_2Se[1]          2.0    2466447.5000    23.1096   1.297E+02    29     0    108
2p2(1De)3p_2Po[1]          2.0    2471029.0000    22.9722   1.305E+02    30     0    109
2p2(1De)3p_2Po[2]          4.0    2473914.0000    22.8857   1.310E+02    30     0    110
2s2_4s_2Se[1]              2.0    2481427.2500    22.6605   1.323E+02    29     0    111
2p2(1De)3d_2Ge[4]          8.0    2484562.2500    22.5665   1.328E+02    31     0    112
2p2(1De)3d_2Ge[5]         10.0    2485139.7500    22.5492   1.330E+02    31     0    113
2p2(3Pe)3d_2De[3]          6.0    2487465.2500    22.4795   1.334E+02    31     0    114
2p2(3Pe)3d_2De[2]          4.0    2487535.7500    22.4774   1.334E+02    31     0    115
2p2(1De)3d_2De[2]          4.0    2503907.2500    21.9866   1.364E+02    31     0    116
2p2(1De)3d_2De[3]          6.0    2505693.7500    21.9330   1.367E+02    31     0    117
2p2(1De)3d_2Fe[4]          8.0    2509153.2500    21.8293   1.373E+02    31     0    118
2p2(1De)3d_2Fe[3]          6.0    2510687.5000    21.7833   1.376E+02    31     0    119
2s2_4p_2Po[1]              2.0    2513529.0000    21.6981   1.382E+02    30     0    120
2s2_4p_2Po[2]              4.0    2514306.2500    21.6748   1.383E+02    30     0    121
2p2(1De)3d_2Pe[1]          2.0    2524414.0000    21.3718   1.403E+02    31     0    122
2p2(1De)3d_2Pe[2]          4.0    2526231.5000    21.3173   1.406E+02    31     0    123
2p2(1De)3d_2Se[1]          2.0    2534576.5000    21.0671   1.423E+02    32     0    124
2s2_4d_2De[2]              4.0    2540694.2500    20.8837   1.436E+02    32     0    125
2s2_4d_2De[3]              6.0    2540916.7500    20.8770   1.436E+02    32     0    126
2p2(1Se)3p_2Po[1]          2.0    2547112.0000    20.6913   1.449E+02    33     0    127
2p2(1Se)3p_2Po[2]          4.0    2547882.2500    20.6682   1.450E+02    33     0    128
2s2_4f_2Fo[3]              6.0    2556651.7500    20.4053   1.469E+02    33     0    129
2s2_4f_2Fo[4]              8.0    2556741.7500    20.4026   1.469E+02    33     0    130
2p2(1Se)3d_2De[3]          6.0    2609557.5000    18.8192   1.593E+02    34     0    131
2p2(1Se)3d_2De[2]          4.0    2610329.7500    18.7961   1.595E+02    34     0    132
2s_2p(3Po)4s_4Po[1]        2.0    2652158.2500    17.5421   1.709E+02    35     0    133
2s_2p(3Po)4s_4Po[2]        4.0    2654333.7500    17.4769   1.715E+02    35     0    134
2s_2p(3Po)4s_4Po[3]        6.0    2658416.2500    17.3545   1.727E+02    35     0    135
2s_2p(3Po)4s_2Po[1]        2.0    2667692.0000    17.0764   1.756E+02    36     0    136
2s_2p(3Po)4s_2Po[2]        4.0    2672311.7500    16.9379   1.770E+02    36     0    137
2s_2p(3Po)4p_4De[1]        2.0    2681691.7500    16.6567   1.800E+02    37     0    138
2s_2p(3Po)4p_4De[2]        4.0    2683105.0000    16.6143   1.804E+02    37     0    139
2s_2p(3Po)4p_4De[3]        6.0    2685308.7500    16.5483   1.812E+02    37     0    140
2s_2p(3Po)4p_2Pe[1]        2.0    2687169.7500    16.4925   1.818E+02    38     0    141
2s_2p(3Po)4p_2Pe[2]        4.0    2687483.5000    16.4831   1.819E+02    38     0    142
2s_2p(3Po)4p_4De[4]        8.0    2688686.2500    16.4470   1.823E+02    37     0    143
2s_2p(3Po)4p_4Se[2]        4.0    2690922.0000    16.3800   1.830E+02    37     0    144
2s_2p(3Po)4p_4Pe[1]        2.0    2692136.5000    16.3436   1.834E+02    37     0    145
2s_2p(3Po)4p_4Pe[2]        4.0    2694842.5000    16.2625   1.843E+02    37     0    146
2s_2p(3Po)4p_4Pe[3]        6.0    2695816.5000    16.2333   1.847E+02    37     0    147
2s_2p(3Po)4p_2De[2]        4.0    2700216.5000    16.1014   1.862E+02    38     0    148
2s_2p(3Po)4p_2De[3]        6.0    2703914.5000    15.9905   1.875E+02    38     0    149
2s_2p(3Po)4d_4Fo[2]        4.0    2706980.7500    15.8986   1.886E+02    39     0    150
2s_2p(3Po)4d_4Fo[3]        6.0    2708158.7500    15.8633   1.890E+02    39     0    151
2s_2p(3Po)4d_4Fo[4]        8.0    2710002.0000    15.8080   1.896E+02    39     0    152
2s_2p(3Po)4d_4Fo[5]       10.0    2712990.5000    15.7184   1.907E+02    39     0    153
2s_2p(3Po)4p_2Se[1]        2.0    2713340.0000    15.7079   1.909E+02    38     0    154
2s_2p(3Po)4d_4Do[3]        6.0    2714702.2500    15.6671   1.914E+02    39     0    155
2s_2p(3Po)4d_4Do[2]        4.0    2715023.7500    15.6574   1.915E+02    39     0    156
2s_2p(3Po)4d_4Do[1]        2.0    2715176.2500    15.6529   1.915E+02    39     0    157
2s_2p(3Po)4d_2Do[2]        4.0    2718112.5000    15.5648   1.926E+02    36     0    158
2s_2p(3Po)4d_4Do[4]        8.0    2718154.5000    15.5636   1.926E+02    39     0    159
2s_2p(3Po)4d_2Do[3]        6.0    2719026.7500    15.5374   1.929E+02    36     0    160
2s_2p(3Po)4d_4Po[3]        6.0    2720331.7500    15.4983   1.934E+02    39     0    161
2s_2p(3Po)4d_4Po[2]        4.0    2720653.7500    15.4887   1.936E+02    39     0    162
2s_2p(3Po)4d_4Po[1]        2.0    2721030.7500    15.4774   1.937E+02    39     0    163
2s_2p(3Po)4f_4Fe[3]        6.0    2726695.5000    15.3075   1.958E+02    37     0    164
2s_2p(3Po)4f_4Fe[4]        8.0    2726857.5000    15.3027   1.959E+02    37     0    165
2s_2p(3Po)4f_4Fe[2]        4.0    2727909.7500    15.2711   1.963E+02    37     0    166
2s_2p(3Po)4f_4Fe[5]       10.0    2728321.2500    15.2588   1.965E+02    37     0    167
2s_2p(3Po)4f_4Ge[3]        6.0    2728907.0000    15.2412   1.967E+02    37     0    168
2s_2p(3Po)4f_2Fe[4]        8.0    2729659.2500    15.2187   1.970E+02    38     0    169
2s_2p(3Po)4f_2Ge[4]        8.0    2730815.7500    15.1840   1.974E+02    38     0    170
2s_2p(3Po)4f_2Fe[3]        6.0    2731021.5000    15.1778   1.975E+02    38     0    171
2s_2p(3Po)4d_2Fo[3]        6.0    2731897.7500    15.1516   1.979E+02    40     0    172
2s_2p(3Po)4f_4Ge[5]       10.0    2732940.2500    15.1203   1.983E+02    37     0    173
2s_2p(3Po)4f_4Ge[6]       12.0    2733950.7500    15.0900   1.987E+02    37     0    174
2s_2p(3Po)4f_4Ge[4]        8.0    2733954.0000    15.0899   1.987E+02    37     0    175
2s_2p(3Po)4f_4De[4]        8.0    2735127.0000    15.0548   1.991E+02    41     0    176
2s_2p(3Po)4d_2Po[2]        4.0    2735291.0000    15.0499   1.992E+02    40     0    177
2s_2p(3Po)4f_4De[3]        6.0    2735407.5000    15.0464   1.992E+02    41     0    178
2s_2p(3Po)4d_2Fo[4]        8.0    2735432.7500    15.0456   1.993E+02    40     0    179
2s_2p(3Po)4f_2Ge[5]       10.0    2735991.2500    15.0289   1.995E+02    38     0    180
2s_2p(3Po)4f_4De[2]        4.0    2736357.0000    15.0179   1.996E+02    41     0    181
2s_2p(3Po)4f_4De[1]        2.0    2736891.2500    15.0019   1.998E+02    41     0    182
2s_2p(3Po)4d_2Po[1]        2.0    2737447.5000    14.9852   2.001E+02    40     0    183
2s_2p(3Po)4f_2De[3]        6.0    2737952.7500    14.9701   2.003E+02    38     0    184
2s_2p(3Po)4f_2De[2]        4.0    2739566.7500    14.9217   2.009E+02    38     0    185
2s_2p(1Po)4s_2Po[1]        2.0    2822658.7500    12.4306   2.412E+02    42     0    186
2s_2p(1Po)4s_2Po[2]        4.0    2822800.5000    12.4264   2.413E+02    42     0    187
2s_2p(1Po)4p_2De[2]        4.0    2852905.5000    11.5239   2.601E+02    43     0    188
2s_2p(1Po)4p_2De[3]        6.0    2853329.0000    11.5112   2.604E+02    43     0    189
2s_2p(1Po)4p_2Pe[1]        2.0    2854760.7500    11.4682   2.614E+02    43     0    190
2s_2p(1Po)4p_2Pe[2]        4.0    2855380.2500    11.4497   2.618E+02    43     0    191
2s_2p(1Po)4p_2Se[1]        2.0    2861133.2500    11.2772   2.658E+02    43     0    192
2s_2p(1Po)4d_2Fo[4]        8.0    2879940.2500    10.7134   2.798E+02    44     0    193
2s_2p(1Po)4d_2Fo[3]        6.0    2879959.2500    10.7128   2.798E+02    44     0    194
2s_2p(1Po)4d_2Do[2]        4.0    2881145.2500    10.6773   2.808E+02    44     0    195
2s_2p(1Po)4d_2Do[3]        6.0    2881430.2500    10.6687   2.810E+02    44     0    196
2s_2p(1Po)4d_2Po[1]        2.0    2887607.5000    10.4835   2.860E+02    44     0    197
2s_2p(1Po)4d_2Po[2]        4.0    2887843.7500    10.4764   2.862E+02    44     0    198
2s_2p(1Po)4f_2Fe[3]        6.0    2891930.7500    10.3539   2.895E+02    43     0    199
2s_2p(1Po)4f_2Fe[4]        8.0    2892029.5000    10.3509   2.896E+02    43     0    200
2s_2p(1Po)4f_2Ge[4]        8.0    2896981.2500    10.2025   2.938E+02    43     0    201
2s_2p(1Po)4f_2Ge[5]       10.0    2897079.5000    10.1996   2.939E+02    43     0    202
2s_2p(1Po)4f_2De[2]        4.0    2900809.5000    10.0877   2.972E+02    43     0    203
2s_2p(1Po)4f_2De[3]        6.0    2900886.2500    10.0854   2.973E+02    43     0    204
