
********************************************************************************

Dielectronic data for 
SV

********************************************************************************

17-NOV-1989                                                !Date
585514.1000                                                !Ionization energy
5.0                                                        !Screened nuclear charge
80                                                         !Number of dielectronic transitions

  Transition                f          A         Lam(A)       Gu     v(exc)     a(10^4)    a(2x10^4)    a(5x10^4)  a(10^5)     a(2x10^5)

3s_11w_1W-3p_11w_1W      0.0790   6.0000E+08    937.0674    121.0    2.5196  #   8.419E-05   1.258E-02   1.197E-01   1.418E-01   9.179E-02
3s_12w_1W-3p_12w_1W      0.0790   6.0000E+08    937.0668    144.0    2.6281  #   5.950E-05   1.153E-02   1.284E-01   1.602E-01   1.064E-01
3s_13w_1W-3p_13w_1W      0.0790   6.0000E+08    937.0664    169.0    2.7126  #   4.656E-05   1.105E-02   1.389E-01   1.806E-01   1.224E-01
3s_14w_1W-3p_14w_1W      0.0790   6.0000E+08    937.0661    196.0    2.7797  #   3.914E-05   1.091E-02   1.511E-01   2.028E-01   1.397E-01
3s_15w_1W-3p_15w_1W      0.0790   6.0000E+08    937.0658    225.0    2.8337  #   3.466E-05   1.100E-02   1.646E-01   2.268E-01   1.583E-01
3s_16w_1W-3p_16w_1W      0.0790   6.0000E+08    937.0656    256.0    2.8780  #   3.189E-05   1.126E-02   1.795E-01   2.526E-01   1.782E-01
3s_17w_1W-3p_17w_1W      0.0790   6.0000E+08    937.0654    289.0    2.9147  #   3.018E-05   1.164E-02   1.957E-01   2.802E-01   1.994E-01
3s_18w_1W-3p_18w_1W      0.0790   6.0000E+08    937.0652    324.0    2.9454  #   2.920E-05   1.212E-02   2.130E-01   3.096E-01   2.219E-01
3s_19w_1W-3p_19w_1W      0.0790   6.0000E+08    937.0651    361.0    2.9714  #   2.871E-05   1.269E-02   2.315E-01   3.406E-01   2.457E-01
3s_20w_1W-3p_20w_1W      0.0790   6.0000E+08    937.0650    400.0    2.9937  #   2.860E-05   1.333E-02   2.510E-01   3.734E-01   2.708E-01
3s_21w_1W-3p_21w_1W      0.0790   6.0000E+08    937.0649    441.0    3.0128  #   2.877E-05   1.403E-02   2.717E-01   4.079E-01   2.972E-01
3s_22w_1W-3p_22w_1W      0.0790   6.0000E+08    937.0648    484.0    3.0293  #   2.916E-05   1.480E-02   2.935E-01   4.442E-01   3.249E-01
3s_23w_1W-3p_23w_1W      0.0790   6.0000E+08    937.0648    529.0    3.0438  #   2.973E-05   1.563E-02   3.164E-01   4.821E-01   3.538E-01
3s_24w_1W-3p_24w_1W      0.0790   6.0000E+08    937.0647    576.0    3.0565  #   3.046E-05   1.650E-02   3.404E-01   5.218E-01   3.841E-01
3s_25w_1W-3p_25w_1W      0.0790   6.0000E+08    937.0646    625.0    3.0677  #   3.132E-05   1.743E-02   3.654E-01   5.631E-01   4.157E-01
3s_26w_1W-3p_26w_1W      0.0790   6.0000E+08    937.0646    676.0    3.0776  #   3.230E-05   1.841E-02   3.914E-01   6.062E-01   4.485E-01
3s_27w_1W-3p_27w_1W      0.0790   6.0000E+08    937.0645    729.0    3.0865  #   3.339E-05   1.944E-02   4.185E-01   6.509E-01   4.827E-01
3s_28w_1W-3p_28w_1W      0.0790   6.0000E+08    937.0645    784.0    3.0944  #   3.457E-05   2.051E-02   4.467E-01   6.974E-01   5.181E-01
3s_29w_1W-3p_29w_1W      0.0790   6.0000E+08    937.0645    841.0    3.1015  #   3.584E-05   2.163E-02   4.759E-01   7.455E-01   5.548E-01
3s_30w_1W-3p_30w_1W      0.0790   6.0000E+08    937.0644    900.0    3.1079  #   3.719E-05   2.280E-02   5.062E-01   7.954E-01   5.928E-01
3s_31w_1W-3p_31w_1W      0.0790   6.0000E+08    937.0644    961.0    3.1137  #   3.862E-05   2.400E-02   5.375E-01   8.469E-01   6.321E-01
3s_32w_1W-3p_32w_1W      0.0790   6.0000E+08    937.0644   1024.0    3.1190  #   4.013E-05   2.526E-02   5.699E-01   9.002E-01   6.727E-01
3s_33w_1W-3p_33w_1W      0.0790   6.0000E+08    937.0644   1089.0    3.1237  #   4.170E-05   2.655E-02   6.032E-01   9.551E-01   7.146E-01
3s_34w_1W-3p_34w_1W      0.0790   6.0000E+08    937.0643   1156.0    3.1281  #   4.335E-05   2.789E-02   6.377E-01   1.012E+00   7.578E-01
3s_35w_1W-3p_35w_1W      0.0790   6.0000E+08    937.0643   1225.0    3.1321  #   4.506E-05   2.927E-02   6.731E-01   1.070E+00   8.022E-01
3s_36w_1W-3p_36w_1W      0.0790   6.0000E+08    937.0643   1296.0    3.1358  #   4.684E-05   3.070E-02   7.096E-01   1.130E+00   8.480E-01
3s_37w_1W-3p_37w_1W      0.0790   6.0000E+08    937.0643   1369.0    3.1392  #   4.868E-05   3.216E-02   7.472E-01   1.192E+00   8.950E-01
3s_38w_1W-3p_38w_1W      0.0790   6.0000E+08    937.0643   1444.0    3.1423  #   5.058E-05   3.367E-02   7.858E-01   1.255E+00   9.433E-01
3s_39w_1W-3p_39w_1W      0.0790   6.0000E+08    937.0642   1521.0    3.1452  #   5.255E-05   3.523E-02   8.254E-01   1.320E+00   9.929E-01
3s_40w_1W-3p_40w_1W      0.0790   6.0000E+08    937.0642   1600.0    3.1479  #   5.457E-05   3.682E-02   8.660E-01   1.387E+00   1.044E+00
3s_41w_1W-3p_41w_1W      0.0790   6.0000E+08    937.0642   1681.0    3.1503  #   5.666E-05   3.845E-02   9.077E-01   1.456E+00   1.096E+00
3s_42w_1W-3p_42w_1W      0.0790   6.0000E+08    937.0642   1764.0    3.1526  #   5.880E-05   4.013E-02   9.504E-01   1.526E+00   1.150E+00
3s_43w_1W-3p_43w_1W      0.0790   6.0000E+08    937.0642   1849.0    3.1548  #   6.100E-05   4.185E-02   9.942E-01   1.598E+00   1.204E+00
3s_44w_1W-3p_44w_1W      0.0790   6.0000E+08    937.0642   1936.0    3.1568  #   6.326E-05   4.361E-02   1.039E+00   1.671E+00   1.260E+00
3s_45w_1W-3p_45w_1W      0.0790   6.0000E+08    937.0642   2025.0    3.1587  #   6.558E-05   4.541E-02   1.085E+00   1.747E+00   1.318E+00
3s_46w_1W-3p_46w_1W      0.0790   6.0000E+08    937.0642   2116.0    3.1604  #   6.796E-05   4.725E-02   1.132E+00   1.823E+00   1.376E+00
3s_47w_1W-3p_47w_1W      0.0790   6.0000E+08    937.0642   2209.0    3.1620  #   7.039E-05   4.913E-02   1.180E+00   1.902E+00   1.436E+00
3s_48w_1W-3p_48w_1W      0.0790   6.0000E+08    937.0642   2304.0    3.1636  #   7.288E-05   5.106E-02   1.228E+00   1.982E+00   1.497E+00
3s_49w_1W-3p_49w_1W      0.0790   6.0000E+08    937.0641   2401.0    3.1650  #   7.542E-05   5.302E-02   1.278E+00   2.064E+00   1.560E+00
3s_50w_1W-3p_50w_1W      0.0790   6.0000E+08    937.0641   2500.0    3.1664  #   7.802E-05   5.503E-02   1.329E+00   2.148E+00   1.624E+00
3s_11w_3W-3p_11w_3W      0.0790   6.0000E+08    937.0674    363.0    2.5196  #   2.526E-04   3.773E-02   3.591E-01   4.255E-01   2.754E-01
3s_12w_3W-3p_12w_3W      0.0790   6.0000E+08    937.0668    432.0    2.6281  #   1.785E-04   3.460E-02   3.851E-01   4.806E-01   3.193E-01
3s_13w_3W-3p_13w_3W      0.0790   6.0000E+08    937.0664    507.0    2.7126  #   1.397E-04   3.316E-02   4.167E-01   5.417E-01   3.672E-01
3s_14w_3W-3p_14w_3W      0.0790   6.0000E+08    937.0661    588.0    2.7797  #   1.174E-04   3.274E-02   4.532E-01   6.083E-01   4.190E-01
3s_15w_3W-3p_15w_3W      0.0790   6.0000E+08    937.0658    675.0    2.8337  #   1.040E-04   3.301E-02   4.939E-01   6.804E-01   4.748E-01
3s_16w_3W-3p_16w_3W      0.0790   6.0000E+08    937.0656    768.0    2.8780  #   9.566E-05   3.377E-02   5.386E-01   7.579E-01   5.346E-01
3s_17w_3W-3p_17w_3W      0.0790   6.0000E+08    937.0654    867.0    2.9147  #   9.055E-05   3.491E-02   5.870E-01   8.407E-01   5.982E-01
3s_18w_3W-3p_18w_3W      0.0790   6.0000E+08    937.0652    972.0    2.9454  #   8.759E-05   3.636E-02   6.390E-01   9.287E-01   6.657E-01
3s_19w_3W-3p_19w_3W      0.0790   6.0000E+08    937.0651   1083.0    2.9714  #   8.614E-05   3.806E-02   6.944E-01   1.022E+00   7.371E-01
3s_20w_3W-3p_20w_3W      0.0790   6.0000E+08    937.0650   1200.0    2.9937  #   8.579E-05   3.998E-02   7.531E-01   1.120E+00   8.124E-01
3s_21w_3W-3p_21w_3W      0.0790   6.0000E+08    937.0649   1323.0    3.0128  #   8.630E-05   4.210E-02   8.152E-01   1.224E+00   8.916E-01
3s_22w_3W-3p_22w_3W      0.0790   6.0000E+08    937.0648   1452.0    3.0293  #   8.747E-05   4.440E-02   8.806E-01   1.332E+00   9.746E-01
3s_23w_3W-3p_23w_3W      0.0790   6.0000E+08    937.0648   1587.0    3.0438  #   8.920E-05   4.688E-02   9.492E-01   1.446E+00   1.062E+00
3s_24w_3W-3p_24w_3W      0.0790   6.0000E+08    937.0647   1728.0    3.0565  #   9.138E-05   4.951E-02   1.021E+00   1.565E+00   1.152E+00
3s_25w_3W-3p_25w_3W      0.0790   6.0000E+08    937.0646   1875.0    3.0677  #   9.397E-05   5.230E-02   1.096E+00   1.689E+00   1.247E+00
3s_26w_3W-3p_26w_3W      0.0790   6.0000E+08    937.0646   2028.0    3.0776  #   9.691E-05   5.524E-02   1.174E+00   1.818E+00   1.346E+00
3s_27w_3W-3p_27w_3W      0.0790   6.0000E+08    937.0645   2187.0    3.0865  #   1.002E-04   5.832E-02   1.256E+00   1.953E+00   1.448E+00
3s_28w_3W-3p_28w_3W      0.0790   6.0000E+08    937.0645   2352.0    3.0944  #   1.037E-04   6.154E-02   1.340E+00   2.092E+00   1.554E+00
3s_29w_3W-3p_29w_3W      0.0790   6.0000E+08    937.0645   2523.0    3.1015  #   1.075E-04   6.489E-02   1.428E+00   2.237E+00   1.664E+00
3s_30w_3W-3p_30w_3W      0.0790   6.0000E+08    937.0644   2700.0    3.1079  #   1.116E-04   6.839E-02   1.519E+00   2.386E+00   1.778E+00
3s_31w_3W-3p_31w_3W      0.0790   6.0000E+08    937.0644   2883.0    3.1137  #   1.159E-04   7.201E-02   1.613E+00   2.541E+00   1.896E+00
3s_32w_3W-3p_32w_3W      0.0790   6.0000E+08    937.0644   3072.0    3.1190  #   1.204E-04   7.577E-02   1.710E+00   2.700E+00   2.018E+00
3s_33w_3W-3p_33w_3W      0.0790   6.0000E+08    937.0644   3267.0    3.1237  #   1.251E-04   7.966E-02   1.810E+00   2.865E+00   2.144E+00
3s_34w_3W-3p_34w_3W      0.0790   6.0000E+08    937.0643   3468.0    3.1281  #   1.300E-04   8.367E-02   1.913E+00   3.035E+00   2.273E+00
3s_35w_3W-3p_35w_3W      0.0790   6.0000E+08    937.0643   3675.0    3.1321  #   1.352E-04   8.782E-02   2.019E+00   3.210E+00   2.407E+00
3s_36w_3W-3p_36w_3W      0.0790   6.0000E+08    937.0643   3888.0    3.1358  #   1.405E-04   9.209E-02   2.129E+00   3.390E+00   2.544E+00
3s_37w_3W-3p_37w_3W      0.0790   6.0000E+08    937.0643   4107.0    3.1392  #   1.460E-04   9.649E-02   2.242E+00   3.575E+00   2.685E+00
3s_38w_3W-3p_38w_3W      0.0790   6.0000E+08    937.0643   4332.0    3.1423  #   1.517E-04   1.010E-01   2.357E+00   3.766E+00   2.830E+00
3s_39w_3W-3p_39w_3W      0.0790   6.0000E+08    937.0642   4563.0    3.1452  #   1.576E-04   1.057E-01   2.476E+00   3.961E+00   2.979E+00
3s_40w_3W-3p_40w_3W      0.0790   6.0000E+08    937.0642   4800.0    3.1479  #   1.637E-04   1.105E-01   2.598E+00   4.161E+00   3.132E+00
3s_41w_3W-3p_41w_3W      0.0790   6.0000E+08    937.0642   5043.0    3.1503  #   1.700E-04   1.154E-01   2.723E+00   4.367E+00   3.288E+00
3s_42w_3W-3p_42w_3W      0.0790   6.0000E+08    937.0642   5292.0    3.1526  #   1.764E-04   1.204E-01   2.851E+00   4.577E+00   3.449E+00
3s_43w_3W-3p_43w_3W      0.0790   6.0000E+08    937.0642   5547.0    3.1548  #   1.830E-04   1.255E-01   2.983E+00   4.793E+00   3.613E+00
3s_44w_3W-3p_44w_3W      0.0790   6.0000E+08    937.0642   5808.0    3.1568  #   1.898E-04   1.308E-01   3.117E+00   5.014E+00   3.781E+00
3s_45w_3W-3p_45w_3W      0.0790   6.0000E+08    937.0642   6075.0    3.1587  #   1.967E-04   1.362E-01   3.254E+00   5.240E+00   3.953E+00
3s_46w_3W-3p_46w_3W      0.0790   6.0000E+08    937.0642   6348.0    3.1604  #   2.039E-04   1.417E-01   3.395E+00   5.470E+00   4.129E+00
3s_47w_3W-3p_47w_3W      0.0790   6.0000E+08    937.0642   6627.0    3.1620  #   2.112E-04   1.474E-01   3.539E+00   5.706E+00   4.309E+00
3s_48w_3W-3p_48w_3W      0.0790   6.0000E+08    937.0642   6912.0    3.1636  #   2.186E-04   1.532E-01   3.685E+00   5.947E+00   4.492E+00
3s_49w_3W-3p_49w_3W      0.0790   6.0000E+08    937.0641   7203.0    3.1650  #   2.263E-04   1.591E-01   3.835E+00   6.193E+00   4.680E+00
3s_50w_3W-3p_50w_3W      0.0790   6.0000E+08    937.0641   7500.0    3.1664  #   2.341E-04   1.651E-01   3.988E+00   6.445E+00   4.871E+00
                                                                                 7.470E-03   4.263E+00   9.471E+01   1.495E+02   1.117E+02
                                                                                 7.648E-03   4.889E+00   1.113E+02   1.764E+02   1.320E+02
