********************************************************************************
                                                                                
                 Super levels for SkXII  - LS
                                                                                
                   g          E(cm^-1)     10^15 Hz      eV        Lam(A)       
********************************************************************************
                                                                                
17-Jun-2014                                      !Format date                   
14-Nov-2019                            !Date
67                                     !Number of energy levels
6                                      !Entry number of link to super level
  
2s_2Se[1/2]        2.0          0.0000   126.5613   2.369E+01     1     0      1
2p_2Po[1/2]        2.0     192062.0000   120.8034   2.482E+01     2     0      2
2p_2Po[3/2]        4.0     200238.0000   120.5583   2.487E+01     2     0      3
3s_2Se[1/2]        2.0    2388870.0000    54.9448   5.456E+01     3     0      4
3p_2Po[1/2]        2.0    2441940.0000    53.3538   5.619E+01     4     0      5
3p_2Po[3/2]        4.0    2444330.0000    53.2821   5.627E+01     4     0      6
3d_2De[3/2]        4.0    2463790.0000    52.6987   5.689E+01     5     0      7
3d_2De[5/2]        6.0    2464480.0000    52.6780   5.691E+01     5     0      8
4s_2Se[1/2]        2.0    3202100.0000    30.5647   9.808E+01     6     0      9
4p_2Po[1/2]        2.0    3223450.0000    29.9247   1.002E+02     7     0     10
4p_2Po[3/2]        4.0    3224550.0000    29.8917   1.003E+02     7     0     11
4d_2De[3/2]        4.0    3232700.0000    29.6474   1.011E+02     8     0     12
4d_2De[5/2]        6.0    3233000.0000    29.6384   1.012E+02     8     0     13
4f_2Fo[5/2]        6.0    3233670.0000    29.6183   1.012E+02     9     0     14
4f_2Fo[7/2]        8.0    3233830.0000    29.6135   1.012E+02     9     0     15
5s_2Se[1/2]        2.0    3573450.0000    19.4319   1.543E+02    10     0     16
5p_2Po[1/2]        2.0    3584150.0000    19.1112   1.569E+02    11     0     17
5p_2Po[3/2]        4.0    3584650.0000    19.0962   1.570E+02    11     0     18
5d_2De[3/2]        4.0    3588900.0000    18.9688   1.580E+02    12     0     19
5d_2De[5/2]        6.0    3589050.0000    18.9643   1.581E+02    12     0     20
5z_2Z             32.0    3589555.4056    18.9491   1.582E+02    13     0     21
6s_2Se             2.0    3773692.6590    13.4288   2.232E+02    14     0     22
6p_2Po[1/2]        2.0    3779500.0000    13.2547   2.262E+02    15     0     23
6p_2Po[3/2]        4.0    3779800.0000    13.2457   2.263E+02    15     0     24
6z_2Z             54.0    3782689.3095    13.1591   2.278E+02    16     0     25
6d_2De[3/2]        4.0    3782700.0000    13.1588   2.278E+02    17     0     26
6d_2De[5/2]        6.0    3782700.0000    13.1588   2.278E+02    17     0     27
7s_2Se             2.0    3893474.9520     9.8378   3.047E+02    18     0     28
7p_2Po[1/2]        2.0    3897150.0000     9.7277   3.082E+02    19     0     29
7p_2Po[3/2]        4.0    3897350.0000     9.7217   3.084E+02    19     0     30
7z_2Z             80.0    3899142.9620     9.6679   3.101E+02    20     0     31
7d_2De[5/2]        6.0    3899150.0000     9.6677   3.101E+02    21     0     32
7d_2De[3/2]        4.0    3899150.0000     9.6677   3.101E+02    21     0     33
8s_2Se             2.0    3970925.2310     7.5159   3.989E+02    22     0     34
8p_2Po             6.0    3973536.5890     7.4377   4.031E+02    23     0     35
8z_2Z            110.0    3974725.8616     7.4020   4.050E+02    24     0     36
8d_2De[5/2]        6.0    3974800.0000     7.3998   4.051E+02    25     0     37
8d_2De[3/2]        4.0    3974800.0000     7.3998   4.051E+02    25     0     38
9s_2Se             2.0    4023872.7660     5.9286   5.057E+02    26     0     39
9p_2Po             6.0    4025703.7180     5.8737   5.104E+02    27     0     40
9z_2Z            144.0    4026545.2486     5.8485   5.126E+02    28     0     41
9d_2De[3/2]        4.0    4026700.0000     5.8439   5.130E+02    29     0     42
9d_2De[5/2]        6.0    4026700.0000     5.8439   5.130E+02    29     0     43
10s_2Se            2.0    4061652.4130     4.7960   6.251E+02    30     0     44
10p_2Po            6.0    4062983.1050     4.7561   6.303E+02    31     0     45
10d_2De           10.0    4063493.3710     4.7408   6.324E+02    32     0     46
10z_2Z           182.0    4063611.3514     4.7373   6.328E+02    33     0     47
11w_2W           242.0    4091036.0755     3.9151   7.657E+02    34     0     48
12w_2W           288.0    4111894.8274     3.2898   9.113E+02    35     0     49
13w_2W           338.0    4128127.8411     2.8031   1.069E+03    36     0     50
14w_2W           392.0    4141008.2405     2.4170   1.240E+03    37     0     51
15w_2W           450.0    4151399.4895     2.1055   1.424E+03    38     0     52
16w_2W           512.0    4159903.9654     1.8505   1.620E+03    39     0     53
17w_2W           578.0    4166952.2669     1.6392   1.829E+03    40     0     54
18w_2W           648.0    4172858.8122     1.4621   2.050E+03    41     0     55
19w_2W           722.0    4177857.5212     1.3123   2.285E+03    42     0     56
20w_2W           800.0    4182125.3379     1.1843   2.531E+03    43     0     57
21w_2W           882.0    4185798.1069     1.0742   2.791E+03    44     0     58
22w_2W           968.0    4188981.5189     0.9788   3.063E+03    45     0     59
23w_2W          1058.0    4191758.7999     0.8955   3.348E+03    46     0     60
24w_2W          1152.0    4194196.2068     0.8224   3.645E+03    47     0     61
25w_2W          1250.0    4196347.0162     0.7580   3.955E+03    48     0     62
26w_2W          1352.0    4198254.4603     0.7008   4.278E+03    49     0     63
27w_2W          1458.0    4199953.9165     0.6498   4.613E+03    50     0     64
28w_2W          1568.0    4201474.5601     0.6042   4.961E+03    51     0     65
29w_2W          1682.0    4202840.6244     0.5633   5.322E+03    52     0     66
30w_2W          1800.0    4204072.3724     0.5264   5.696E+03    53     0     67
