********************************************************************************
                                                                                
                 Super level assignments for FeXV
                 E%LS=10
 
                    g        E(cm^-1)    10^15 Hz     eV       Lam(A)       ID  
********************************************************************************
                                                                                
17-Oct-2000                                      !Format date                   
07-Jun-2017                            !Date
334                                    !Number of energy levels
6                                      !Entry number of link to super level
  
3s2_1Se[0]          1.0          0.0000   110.5035   2.713E+01     1     0      1
3s_3p_3Po[0]        1.0     233842.0000   103.4931   2.897E+01     2     0      2
3s_3p_3Po[1]        3.0     239660.0000   103.3187   2.902E+01     2     0      3
3s_3p_3Po[2]        5.0     253820.0000   102.8942   2.914E+01     2     0      4
3s_3p_1Po[1]        3.0     351911.0000    99.9535   2.999E+01     3     0      5
3p2_3Pe[0]          1.0     554524.0000    93.8793   3.193E+01     4     0      6
3p2_1De[2]          5.0     559600.0000    93.7271   3.199E+01     5     0      7
3p2_3Pe[1]          3.0     564602.0000    93.5772   3.204E+01     4     0      8
3p2_3Pe[2]          5.0     581803.0000    93.0615   3.221E+01     4     0      9
3p2_1Se[0]          1.0     659627.0000    90.7284   3.304E+01     6     0     10
3s_3d_3De[1]        3.0     678772.0000    90.1544   3.325E+01     7     0     11
3s_3d_3De[2]        5.0     679785.0000    90.1241   3.326E+01     7     0     12
3s_3d_3De[3]        7.0     681416.0000    90.0752   3.328E+01     7     0     13
3s_3d_1De[2]        5.0     762093.0000    87.6565   3.420E+01     8     0     14
3p_3d_3Fo[2]        5.0     928241.0000    82.6755   3.626E+01     9     0     15
3p_3d_3Fo[3]        7.0     938126.0000    82.3792   3.639E+01     9     0     16
3p_3d_1Do[2]        5.0     948513.0000    82.0678   3.653E+01    10     0     17
3p_3d_3Fo[4]        9.0     949658.0000    82.0335   3.655E+01     9     0     18
3p_3d_3Do[1]        3.0     982868.0000    81.0379   3.699E+01     9     0     19
3p_3d_3Po[2]        5.0     983514.0000    81.0185   3.700E+01     9     0     20
3p_3d_3Do[3]        7.0     994852.0000    80.6786   3.716E+01     9     0     21
3p_3d_3Po[0]        1.0     995889.0000    80.6475   3.717E+01     9     0     22
3p_3d_3Po[1]        3.0     996243.0000    80.6369   3.718E+01     9     0     23
3p_3d_3Do[2]        5.0     996623.0000    80.6255   3.718E+01     9     0     24
3p_3d_1Fo[3]        7.0    1062515.0000    78.6501   3.812E+01    11     0     25
3p_3d_1Po[1]        3.0    1074887.0000    78.2792   3.830E+01    11     0     26
3d2_3Fe[2]          5.0    1370331.0000    69.4220   4.318E+01    12     0     27
3d2_3Fe[3]          7.0    1372035.0000    69.3709   4.322E+01    12     0     28
3d2_3Fe[4]          9.0    1374056.0000    69.3103   4.325E+01    12     0     29
3d2_1De[2]          5.0    1402592.0000    68.4548   4.379E+01    13     0     30
3d2_3Pe[0]          1.0    1406236.0000    68.3456   4.386E+01    12     0     31
3d2_3Pe[1]          3.0    1406884.0000    68.3262   4.388E+01    12     0     32
3d2_1Ge[4]          9.0    1407058.0000    68.3210   4.388E+01    13     0     33
3d2_3Pe[2]          5.0    1407773.0000    68.2995   4.389E+01    12     0     34
3d2_1Se[0]          1.0    1487054.0000    65.9227   4.548E+01    13     0     35
3s_4s_3Se[1]        3.0    1763700.0000    57.6291   5.202E+01    14     0     36
3s_4s_1Se[0]        1.0    1787000.0000    56.9306   5.266E+01    15     0     37
3s_4p_3Po           9.0    1887189.0860    53.9270   5.559E+01    16     0     38
3s_4p_1Po[1]        3.0    1889970.0000    53.8436   5.568E+01    17     0     39
3s_4d_3De[1]        3.0    2031310.0000    49.6064   6.043E+01    18     0     40
3s_4d_3De[2]        5.0    2032020.0000    49.5851   6.046E+01    18     0     41
3s_4d_3De[3]        7.0    2033180.0000    49.5503   6.050E+01    18     0     42
3s_4d_1De[2]        5.0    2035280.0000    49.4873   6.058E+01    19     0     43
3p_4s_3Po           9.0    2070688.1850    48.4258   6.191E+01    16     0     44
3p_4s_1Po           3.0    2087559.0090    47.9201   6.256E+01    20     0     45
3s_4f_3Fo[2]        5.0    2108520.0000    47.2917   6.339E+01    21     0     46
3s_4f_3Fo[3]        7.0    2108620.0000    47.2887   6.340E+01    21     0     47
3s_4f_3Fo[4]        9.0    2108880.0000    47.2809   6.341E+01    21     0     48
3s_4f_1Fo[3]        7.0    2123150.0000    46.8531   6.399E+01    20     0     49
3p_4p_1Pe           3.0    2165552.6580    45.5819   6.577E+01    19     0     50
3p_4p_3De          15.0    2178142.9750    45.2044   6.632E+01    18     0     51
3p_4p_3Pe           9.0    2188954.7710    44.8803   6.680E+01    18     0     52
3p_4p_3Se           3.0    2191768.2500    44.7959   6.692E+01    18     0     53
3p_4p_1De           5.0    2207413.2010    44.3269   6.763E+01    19     0     54
3p_4p_1Se           1.0    2236793.9570    43.4461   6.900E+01    19     0     55
3p_4d_1Do           5.0    2320896.8740    40.9248   7.325E+01    22     0     56
3p_4d_3Do          15.0    2321037.5480    40.9205   7.326E+01    23     0     57
3p_4d_3Fo          21.0    2331969.9220    40.5928   7.385E+01    23     0     58
3p_4d_1Fo           7.0    2334341.2830    40.5217   7.398E+01    22     0     59
3p_4d_3Po           9.0    2342872.1520    40.2660   7.445E+01    23     0     60
3p_4d_1Po           3.0    2347413.9100    40.1298   7.471E+01    22     0     61
3p_4f_3Ge[3]        7.0    2380160.0000    39.1481   7.658E+01    24     0     62
3p_4f_3Ge[4]        9.0    2386700.0000    38.9520   7.696E+01    24     0     63
3p_4f_1Fe[3]        7.0    2386700.0000    38.9520   7.696E+01    25     0     64
3p_4f_3Fe[2]        5.0    2390100.0000    38.8501   7.717E+01    24     0     65
3p_4f_3Fe[3]        7.0    2394100.0000    38.7302   7.741E+01    24     0     66
3p_4f_3Ge[5]       11.0    2402100.0000    38.4904   7.789E+01    24     0     67
3p_4f_3Fe[4]        9.0    2402100.0000    38.4904   7.789E+01    24     0     68
3p_4f_3De[3]        7.0    2413000.0000    38.1636   7.855E+01    24     0     69
3p_4f_3De[2]        5.0    2414300.0000    38.1246   7.863E+01    24     0     70
3p_4f_3De[1]        3.0    2420100.0000    37.9507   7.900E+01    24     0     71
3p_4f_1Ge[4]        9.0    2428700.0000    37.6929   7.954E+01    25     0     72
3p_4f_1De[2]        5.0    2436000.0000    37.4741   8.000E+01    25     0     73
3d_4s_3De          15.0    2467499.2100    36.5297   8.207E+01    24     0     74
3d_4s_1De           5.0    2475919.5500    36.2773   8.264E+01    25     0     75
3s_5s_1Se           1.0    2529275.1630    34.6777   8.645E+01    25     0     76
3s_5s_3Se[1]        3.0    2544800.0000    34.2123   8.763E+01    24     0     77
3s_5p_1Po[1]        3.0    2567000.0000    33.5468   8.937E+01    26     0     78
3d_4p_1Do           5.0    2567719.3400    33.5252   8.942E+01    26     0     79
3d_4p_3Do          15.0    2574260.6780    33.3291   8.995E+01    27     0     80
3d_4p_3Fo          21.0    2577214.8310    33.2405   9.019E+01    27     0     81
3s_5p_3Po           9.0    2577244.9750    33.2396   9.019E+01    27     0     82
3d_4p_3Po           9.0    2587875.9050    32.9209   9.106E+01    27     0     83
3d_4p_1Fo           7.0    2597411.5880    32.6351   9.186E+01    26     0     84
3d_4p_1Po           3.0    2608022.4220    32.3170   9.277E+01    26     0     85
3s_5d_3De[2]        5.0    2639900.0000    31.3613   9.559E+01    28     0     86
3s_5d_3De[1]        3.0    2640100.0000    31.3553   9.561E+01    28     0     87
3s_5d_3De[3]        7.0    2640300.0000    31.3493   9.563E+01    28     0     88
3s_5d_1De           5.0    2648355.6490    31.1078   9.637E+01    29     0     89
3s_5f_3Fo[2]        5.0    2676400.0000    30.2670   9.905E+01    27     0     90
3s_5f_3Fo[3]        7.0    2676400.0000    30.2670   9.905E+01    27     0     91
3s_5f_3Fo[4]        9.0    2676600.0000    30.2611   9.907E+01    27     0     92
3s_5g_3Ge          27.0    2691663.1250    29.8095   1.006E+02    28     0     93
3s_5g_1Ge           9.0    2695139.7800    29.7052   1.009E+02    29     0     94
3d_4d_1Fe           7.0    2702354.3440    29.4890   1.017E+02    29     0     95
3d_4d_3De          15.0    2708252.6010    29.3121   1.023E+02    28     0     96
3d_4d_1Pe           3.0    2712181.4230    29.1943   1.027E+02    29     0     97
3d_4d_3Ge          27.0    2713306.8140    29.1606   1.028E+02    28     0     98
3d_4d_3Se           3.0    2723887.5040    28.8434   1.039E+02    28     0     99
3d_4d_3Fe          21.0    2731775.2920    28.6069   1.048E+02    28     0    100
3d_4d_1De           5.0    2746716.8740    28.1590   1.065E+02    29     0    101
3d_4d_3Pe           9.0    2749952.3740    28.0620   1.068E+02    28     0    102
3d_4d_1Ge           9.0    2753469.2220    27.9566   1.072E+02    29     0    103
3d_4f_1Go           9.0    2773565.4990    27.3541   1.096E+02    26     0    104
3s_5f_1Fo[3]        7.0    2782700.0000    27.0803   1.107E+02    26     0    105
3d_4f_3Fo          21.0    2782739.4490    27.0791   1.107E+02    27     0    106
3d_4d_1Se           1.0    2782900.2190    27.0743   1.107E+02    29     0    107
3d_4f_1Do           5.0    2793239.7530    26.7643   1.120E+02    26     0    108
3d_4f_3Go          27.0    2804835.3050    26.4167   1.135E+02    27     0    109
3d_4f_3Do          15.0    2810964.6690    26.2329   1.143E+02    27     0    110
3d_4f_3Po           9.0    2813325.9820    26.1621   1.146E+02    27     0    111
3d_4f_1Fo           7.0    2815024.1170    26.1112   1.148E+02    26     0    112
3p_5s_3Po           9.0    2818490.7250    26.0073   1.153E+02    27     0    113
3p_5s_1Po           3.0    2822017.6210    25.9015   1.157E+02    26     0    114
3d_4f_1Po           3.0    2837883.6310    25.4259   1.179E+02    30     0    115
3p_5p_1Pe           3.0    2864199.7050    24.6370   1.217E+02    29     0    116
3p_5p_3De          15.0    2868942.4260    24.4948   1.224E+02    28     0    117
3p_5p_3Pe           9.0    2872469.3230    24.3890   1.229E+02    28     0    118
3p_5p_3Se           3.0    2874167.4580    24.3381   1.232E+02    28     0    119
3p_5p_1De           5.0    2880718.8440    24.1417   1.242E+02    29     0    120
3p_5p_1Se           1.0    2887019.0270    23.9528   1.252E+02    29     0    121
3s_6s_3Se           3.0    2903538.1660    23.4576   1.278E+02    28     0    122
3s_6s_1Se           1.0    2916791.6600    23.0603   1.300E+02    31     0    123
3s_6p_3Po           9.0    2928035.5270    22.7232   1.319E+02    32     0    124
3s_6p_1Po           3.0    2928959.9560    22.6955   1.321E+02    30     0    125
3p_5d_1Do           5.0    2935832.8820    22.4894   1.333E+02    30     0    126
3p_5d_3Do          15.0    2936837.6960    22.4593   1.335E+02    32     0    127
3p_5d_3Fo          21.0    2940706.2290    22.3433   1.342E+02    32     0    128
3p_5d_1Fo           7.0    2944594.8590    22.2268   1.349E+02    30     0    129
3p_5d_3Po           9.0    2950141.4310    22.0605   1.359E+02    32     0    130
3p_5d_1Po           3.0    2955888.9660    21.8882   1.370E+02    30     0    131
3s_6d_3De          15.0    2967886.4430    21.5285   1.393E+02    33     0    132
3s_6d_1De           5.0    2969152.5080    21.4905   1.395E+02    31     0    133
3p_5f_1Fe           7.0    2969494.1450    21.4803   1.396E+02    31     0    134
3p_5f_3Ge          27.0    2971423.3880    21.4225   1.399E+02    33     0    135
3p_5f_3Fe          21.0    2972046.3720    21.4038   1.401E+02    33     0    136
3p_5f_1Ge           9.0    2979321.2240    21.1857   1.415E+02    31     0    137
3p_5g_1Go           9.0    2979622.6680    21.1767   1.416E+02    30     0    138
3p_5g_3Go          27.0    2980667.6750    21.1453   1.418E+02    32     0    139
3p_5f_3De          15.0    2982596.9170    21.0875   1.422E+02    33     0    140
3s_6f_3Fo          21.0    2988454.9820    20.9119   1.434E+02    32     0    141
3p_5f_1De           5.0    2990273.6950    20.8573   1.437E+02    31     0    142
3p_5g_3Fo          21.0    2991811.0600    20.8113   1.441E+02    32     0    143
3p_5g_1Fo           7.0    2993961.3620    20.7468   1.445E+02    30     0    144
3s_6g_3Ge          27.0    2997759.5580    20.6329   1.453E+02    33     0    145
3s_6z_3Z           33.0    3000148.5242    20.5613   1.458E+02    34     0    146
3s_6z_1Z           11.0    3000148.5242    20.5613   1.458E+02    35     0    147
3s_6g_1Ge           9.0    3003235.7930    20.4688   1.465E+02    31     0    148
3s_6f_1Fo[3]        7.0    3091500.0000    17.8227   1.682E+02    30     0    149
3s_7s_3Se           3.0    3119934.8700    16.9702   1.767E+02    33     0    150
3s_7s_1Se           1.0    3122085.1720    16.9057   1.773E+02    31     0    151
3s_7p_3Po           9.0    3139156.9580    16.3939   1.829E+02    32     0    152
3s_7p_1Po           3.0    3139458.4020    16.3849   1.830E+02    36     0    153
3s_7d_3De          15.0    3162639.4570    15.6900   1.911E+02    33     0    154
3s_7d_1De           5.0    3163051.4310    15.6776   1.912E+02    31     0    155
3s_7f_3Fo          21.0    3175310.1600    15.3101   1.958E+02    32     0    156
3s_7f_1Fo           7.0    3176757.0910    15.2667   1.964E+02    36     0    157
3s_7g_3Ge          27.0    3179078.2110    15.1971   1.973E+02    33     0    158
3s_7g_1Ge           9.0    3180062.9290    15.1676   1.977E+02    31     0    159
3s_7z_3Z           72.0    3182109.1198    15.1063   1.985E+02    34     0    160
3s_7z_1Z           24.0    3182109.1198    15.1063   1.985E+02    35     0    161
3p_6s_3Po           9.0    3194170.5150    14.7447   2.033E+02    32     0    162
3p_6s_1Po           3.0    3196170.0940    14.6847   2.042E+02    36     0    163
3d_5s_3De          15.0    3206439.2920    14.3769   2.085E+02    33     0    164
3d_5s_1De           5.0    3207353.6720    14.3495   2.089E+02    31     0    165
3p_6p_1Pe           3.0    3220988.9960    13.9407   2.150E+02    37     0    166
3p_6p_3Pe           9.0    3224616.3740    13.8319   2.167E+02    33     0    167
3p_6p_3De          15.0    3225510.6580    13.8051   2.172E+02    33     0    168
3p_6p_3Se           3.0    3226686.2900    13.7699   2.177E+02    33     0    169
3p_6p_1De           5.0    3232443.8730    13.5973   2.205E+02    37     0    170
3p_6p_1Se           1.0    3233368.3020    13.5696   2.209E+02    37     0    171
3d_5p_3Do          15.0    3254378.9590    12.9397   2.317E+02    38     0    172
3p_6d_1Fo           7.0    3255725.4090    12.8993   2.324E+02    36     0    173
3d_5p_1Do           5.0    3256991.4750    12.8614   2.331E+02    36     0    174
3d_5p_3Fo          21.0    3259282.4500    12.7927   2.343E+02    38     0    175
3s_8s_3Se           3.0    3259523.6060    12.7854   2.345E+02    33     0    176
3p_6d_1Po           3.0    3260448.0340    12.7577   2.350E+02    36     0    177
3p_6d_1Do           5.0    3260739.4300    12.7490   2.351E+02    36     0    178
3s_8s_1Se           1.0    3261573.4260    12.7240   2.356E+02    37     0    179
3p_6d_3Po           9.0    3263271.5610    12.6731   2.366E+02    38     0    180
3p_6d_3Fo          21.0    3265562.5370    12.6044   2.378E+02    38     0    181
3p_6d_3Do          15.0    3265562.5370    12.6044   2.378E+02    38     0    182
3d_5p_3Po           9.0    3266969.2760    12.5622   2.386E+02    38     0    183
3s_8p_1Po           3.0    3269360.7330    12.4905   2.400E+02    36     0    184
3s_8p_3Po           9.0    3273922.5880    12.3538   2.427E+02    38     0    185
3d_5p_1Fo           7.0    3276655.6810    12.2718   2.443E+02    36     0    186
3p_6f_1Fe           7.0    3279991.6630    12.1718   2.463E+02    37     0    187
3p_6f_3Fe          21.0    3281197.4400    12.1357   2.470E+02    39     0    188
3p_6f_3Ge          27.0    3281589.3170    12.1239   2.473E+02    39     0    189
3d_5p_1Po           3.0    3282302.7350    12.1025   2.477E+02    36     0    190
3p_6f_3De          15.0    3283387.9340    12.0700   2.484E+02    39     0    191
3s_8d_1De           5.0    3285065.9730    12.0197   2.494E+02    37     0    192
3p_6g_1Go           9.0    3285206.6470    12.0155   2.495E+02    36     0    193
3p_6g_3Go          27.0    3285447.8020    12.0083   2.497E+02    38     0    194
3p_6f_1Ge           9.0    3286181.3160    11.9863   2.501E+02    37     0    195
3s_8d_3De          15.0    3289457.0090    11.8881   2.522E+02    39     0    196
3p_6g_3Fo          21.0    3290713.0270    11.8504   2.530E+02    38     0    197
3p_6f_1De           5.0    3292129.8140    11.8079   2.539E+02    37     0    198
3p_6g_1Fo           7.0    3292642.2690    11.7926   2.542E+02    36     0    199
3s_8f_3Fo          21.0    3295656.7100    11.7022   2.562E+02    38     0    200
3s_8f_1Fo           7.0    3296440.4650    11.6787   2.567E+02    36     0    201
3s_8g_3Ge          27.0    3298239.0820    11.6248   2.579E+02    39     0    202
3s_8g_1Ge           9.0    3299826.6880    11.5772   2.590E+02    37     0    203
3s_8z_1Z           39.0    3300208.5449    11.5657   2.592E+02    40     0    204
3s_8z_3Z          117.0    3300208.5449    11.5657   2.592E+02    41     0    205
3d_5d_1Fe           7.0    3322424.9510    10.8997   2.750E+02    37     0    206
3d_5d_3De          15.0    3325288.6700    10.8139   2.772E+02    39     0    207
3d_5d_3Ge          27.0    3326655.2170    10.7729   2.783E+02    39     0    208
3d_5d_1Pe           3.0    3327449.0200    10.7491   2.789E+02    37     0    209
3d_5d_3Fe          21.0    3331980.7300    10.6132   2.825E+02    39     0    210
3d_5d_3Se           3.0    3333075.9770    10.5804   2.833E+02    39     0    211
3d_5d_1De           5.0    3338632.5970    10.4138   2.879E+02    37     0    212
3d_5d_3Pe           9.0    3340230.2510    10.3659   2.892E+02    39     0    213
3d_5d_1Ge           9.0    3341064.2470    10.3409   2.899E+02    37     0    214
3s_9s_1Se           1.0    3351614.7920    10.0246   2.991E+02    37     0    215
3s_9s_3Se           3.0    3352358.3540    10.0023   2.997E+02    39     0    216
3d_5f_1Go           9.0    3356116.3580     9.8897   3.031E+02    36     0    217
3d_5d_1Se           1.0    3358407.3330     9.8210   3.053E+02    37     0    218
3d_5f_3Fo          21.0    3359442.2920     9.7900   3.062E+02    38     0    219
3s_9p_3Po           9.0    3361009.8010     9.7430   3.077E+02    38     0    220
3s_9p_1Po           3.0    3361361.4860     9.7324   3.080E+02    36     0    221
3d_5f_1Do           5.0    3363672.5580     9.6631   3.102E+02    36     0    222
3d_5f_3Go          27.0    3367892.7760     9.5366   3.144E+02    38     0    223
3d_5g_3Ge          27.0    3370565.5810     9.4565   3.170E+02    39     0    224
3d_5f_3Do          15.0    3370615.8210     9.4550   3.171E+02    38     0    225
3d_5f_1Fo           7.0    3371389.5280     9.4318   3.179E+02    36     0    226
3s_9d_3De          15.0    3371871.8390     9.4173   3.183E+02    39     0    227
3s_9d_1De           5.0    3372183.3310     9.4080   3.187E+02    37     0    228
3d_5f_3Po           9.0    3372354.1490     9.4029   3.188E+02    38     0    229
3d_5g_1Ge           9.0    3372555.1120     9.3968   3.190E+02    37     0    230
3d_5g_1Fe           7.0    3372846.5080     9.3881   3.193E+02    37     0    231
3d_5g_3Fe          21.0    3373690.5520     9.3628   3.202E+02    39     0    232
3s_9f_3Fo          21.0    3377659.5660     9.2438   3.243E+02    38     0    233
3s_9f_1Fo           7.0    3379377.7980     9.1923   3.261E+02    36     0    234
3s_9g_3Ge          27.0    3379538.5680     9.1875   3.263E+02    39     0    235
3d_5g_3De          15.0    3379598.8570     9.1857   3.264E+02    39     0    236
3s_9g_1Ge           9.0    3380663.9590     9.1537   3.275E+02    37     0    237
3s_9z_3Z          168.0    3381177.1219     9.1384   3.281E+02    41     0    238
3s_9z_1Z           56.0    3381177.1219     9.1384   3.281E+02    40     0    239
3d_5g_1De           5.0    3381688.8700     9.1230   3.286E+02    37     0    240
3d_5f_1Po           3.0    3382814.2610     9.0893   3.298E+02    36     0    241
3p_7s_3Po           9.0    3413682.1420     8.1639   3.672E+02    38     0    242
3p_7s_1Po           3.0    3414425.7040     8.1416   3.682E+02    36     0    243
3s_10s_3Se          3.0    3417540.6270     8.0482   3.725E+02    39     0    244
3s_10s_1Se          1.0    3417992.7930     8.0347   3.731E+02    37     0    245
3s_10p_3Po          9.0    3424423.6010     7.8419   3.823E+02    38     0    246
3s_10p_1Po          3.0    3425217.4040     7.8181   3.835E+02    36     0    247
3p_7p_3De          15.0    3430030.4620     7.6738   3.907E+02    39     0    248
3p_7p_1Pe           3.0    3430432.3880     7.6617   3.913E+02    37     0    249
3s_10d_1De          5.0    3431025.2280     7.6440   3.922E+02    37     0    250
3p_7p_3Pe           9.0    3432592.7380     7.5970   3.946E+02    39     0    251
3s_10d_3De         15.0    3433929.1400     7.5569   3.967E+02    39     0    252
3p_7p_3Se           3.0    3434622.4620     7.5361   3.978E+02    39     0    253
3p_7p_1De           5.0    3436310.5490     7.4855   4.005E+02    37     0    254
3s_10f_3Fo         21.0    3436360.7890     7.4840   4.006E+02    38     0    255
3s_10f_1Fo          7.0    3436883.2930     7.4683   4.014E+02    36     0    256
3s_10g_3Ge         27.0    3437636.9030     7.4457   4.026E+02    39     0    257
3s_10g_1Ge          9.0    3439093.4687     7.4021   4.050E+02    37     0    258
3s_10z_1Z          75.0    3439093.4687     7.4021   4.050E+02    40     0    259
3s_10z_3Z         225.0    3439093.4687     7.4021   4.050E+02    41     0    260
3p_7d_1Do           5.0    3454648.4010     6.9357   4.322E+02    42     0    261
3p_7d_3Do          15.0    3454959.8930     6.9264   4.328E+02    38     0    262
3p_7f_1Fe           7.0    3466515.2520     6.5800   4.556E+02    37     0    263
3p_7f_3Fe          21.0    3467158.3330     6.5607   4.570E+02    39     0    264
3p_7g_1Go           9.0    3469871.3300     6.4794   4.627E+02    42     0    265
3p_7g_3Go          27.0    3470233.0630     6.4685   4.635E+02    38     0    266
3s_11w_1W         121.0    3481945.0155     6.1174   4.901E+02    40     0    267
3s_11w_3W         363.0    3481945.0155     6.1174   4.901E+02    41     0    268
3s_12w_1W         144.0    3514537.1310     5.1403   5.832E+02    40     0    269
3s_12w_3W         432.0    3514537.1310     5.1403   5.832E+02    41     0    270
3s_13w_3W         507.0    3539901.4608     4.3799   6.845E+02    41     0    271
3s_13w_1W         169.0    3539901.4608     4.3799   6.845E+02    40     0    272
3s_14w_3W         588.0    3560027.2800     3.7766   7.938E+02    41     0    273
3s_14w_1W         196.0    3560027.2800     3.7766   7.938E+02    40     0    274
3p_8p_1Pe           3.0    3563097.9560     3.6845   8.137E+02    43     0    275
3p_8p_3Pe           9.0    3564384.1180     3.6460   8.223E+02    39     0    276
3s_15w_1W         225.0    3576263.7639     3.2898   9.113E+02    40     0    277
3s_15w_3W         675.0    3576263.7639     3.2898   9.113E+02    41     0    278
3p_8d_1Do           5.0    3579114.6890     3.2043   9.356E+02    42     0    279
3p_8d_3Do          15.0    3579134.7850     3.2037   9.358E+02    38     0    280
3p_8f_1Fe           7.0    3587062.7660     2.9661   1.011E+03    43     0    281
3p_8f_3Fe          21.0    3587464.6910     2.9540   1.015E+03    39     0    282
3p_8g_1Go           9.0    3589253.2600     2.9004   1.034E+03    42     0    283
3p_8g_3Go          27.0    3589424.0780     2.8953   1.035E+03    44     0    284
3s_16w_3W         768.0    3589552.1362     2.8914   1.037E+03    41     0    285
3s_16w_1W         256.0    3589552.1362     2.8914   1.037E+03    40     0    286
3s_17w_1W         289.0    3600565.2141     2.5613   1.170E+03    40     0    287
3s_17w_3W         867.0    3600565.2141     2.5613   1.170E+03    41     0    288
3s_18w_1W         324.0    3609794.2805     2.2846   1.312E+03    40     0    289
3s_18w_3W         972.0    3609794.2805     2.2846   1.312E+03    41     0    290
3d_6p_1Do           5.0    3611720.8970     2.2268   1.346E+03    42     0    291
3d_6p_3Do          15.0    3612645.3260     2.1991   1.363E+03    44     0    292
3s_19w_1W         361.0    3617604.8390     2.0504   1.462E+03    40     0    293
3s_19w_3W        1083.0    3617604.8390     2.0504   1.462E+03    41     0    294
3s_20w_1W         400.0    3624273.3672     1.8505   1.620E+03    40     0    295
3s_20w_3W        1200.0    3624273.3672     1.8505   1.620E+03    41     0    296
3s_21w_3W        1323.0    3630012.1244     1.6785   1.786E+03    41     0    297
3s_21w_1W         441.0    3630012.1244     1.6785   1.786E+03    40     0    298
3s_22w_1W         484.0    3634986.2539     1.5294   1.960E+03    45     0    299
3s_22w_3W        1452.0    3634986.2539     1.5294   1.960E+03    46     0    300
3s_23w_3W        1587.0    3639325.7975     1.3993   2.143E+03    46     0    301
3s_23w_1W         529.0    3639325.7975     1.3993   2.143E+03    45     0    302
3s_24w_3W        1728.0    3643134.2828     1.2851   2.333E+03    46     0    303
3s_24w_1W         576.0    3643134.2828     1.2851   2.333E+03    45     0    304
3s_25w_1W         625.0    3646494.9550     1.1843   2.531E+03    45     0    305
3s_25w_3W        1875.0    3646494.9550     1.1843   2.531E+03    46     0    306
3d_6d_1Fe           7.0    3648446.8420     1.1258   2.663E+03    43     0    307
3s_26w_3W        2028.0    3649475.3652     1.0950   2.738E+03    46     0    308
3s_26w_1W         676.0    3649475.3652     1.0950   2.738E+03    45     0    309
3d_6d_1Pe           3.0    3649722.9560     1.0876   2.757E+03    43     0    310
3s_27w_3W        2187.0    3652130.7913     1.0154   2.953E+03    46     0    311
3s_27w_1W         729.0    3652130.7913     1.0154   2.953E+03    45     0    312
3p_9p_3Pe           9.0    3652486.1940     1.0047   2.984E+03    47     0    313
3d_6d_3Fe          21.0    3652938.3600     0.9912   3.025E+03    47     0    314
3p_9p_1Pe           3.0    3654304.9070     0.9502   3.155E+03    43     0    315
3s_28w_3W        2352.0    3654506.8200     0.9441   3.175E+03    46     0    316
3s_28w_1W         784.0    3654506.8200     0.9441   3.175E+03    45     0    317
3s_29w_3W        2523.0    3656641.3161     0.8802   3.406E+03    46     0    318
3s_29w_1W         841.0    3656641.3161     0.8802   3.406E+03    45     0    319
3d_6d_3Pe           9.0    3658464.8360     0.8255   3.632E+03    47     0    320
3s_30w_3W        2700.0    3658565.9410     0.8225   3.645E+03    46     0    321
3s_30w_1W         900.0    3658565.9410     0.8225   3.645E+03    45     0    322
3p_9d_1Do           5.0    3663720.0120     0.6679   4.488E+03    42     0    323
3p_9d_3Do          15.0    3663981.2640     0.6601   4.542E+03    44     0    324
3d_6f_1Go           9.0    3666895.2240     0.5727   5.234E+03    42     0    325
3p_9f_1Fe           7.0    3669537.8840     0.4935   6.075E+03    43     0    326
3p_9f_3Fe          21.0    3669829.2800     0.4848   6.184E+03    47     0    327
3p_9g_3Go          27.0    3669849.3760     0.4842   6.192E+03    44     0    328
3d_6f_1Do           5.0    3671477.1750     0.4354   6.886E+03    42     0    329
3p_9g_1Go           9.0    3671577.6560     0.4324   6.934E+03    42     0    330
3d_6f_3Go          27.0    3674471.5200     0.3456   8.674E+03    44     0    331
3d_6f_3Do          15.0    3674893.5420     0.3330   9.004E+03    44     0    332
3d_6g_1Fe           7.0    3676320.3770     0.2902   1.033E+04    43     0    333
3d_6g_3Fe          21.0    3676873.0250     0.2736   1.096E+04    47     0    334
