********************************************************************************
                                                                                
   Energy Levels and statistical weights for OV                                 
                                                                                
   Reference:  Tully, J.A., Seaton, M.J., Berrington, K.A. 1990, J. Phys. B, 23,
   Reference:  Nussbaumer, Storey, P.J.,  1979, A&A, 74, 244                    
                                                                                
                    g        E(cm^-1)    10^15 Hz     eV       Lam(A)       ID  
********************************************************************************
                                                                                
17-Oct-2000                                      !Format date                   
21-Jul-2017                            !Date
234                                    !Number of energy levels
6                                      !Entry number of link to super level
  
2s2_1Se[0]          1.0          0.0000    27.5406   1.089E+02     1     0      1
2s_2p_3Po[0]        1.0      81942.5000    25.0841   1.195E+02     2     0      2
2s_2p_3Po[1]        3.0      82078.6000    25.0800   1.195E+02     2     0      3
2s_2p_3Po[2]        5.0      82385.3000    25.0708   1.196E+02     2     0      4
2s_2p_1Po[1]        3.0     158797.7000    22.7800   1.316E+02     3     0      5
2p2_3Pe[0]          1.0     213462.5000    21.1412   1.418E+02     4     0      6
2p2_3Pe[1]          3.0     213618.2000    21.1365   1.418E+02     4     0      7
2p2_3Pe[2]          5.0     213887.0000    21.1285   1.419E+02     4     0      8
2p2_1De[2]          5.0     231721.4000    20.5938   1.456E+02     5     0      9
2p2_1Se[0]          1.0     287910.3000    18.9093   1.585E+02     6     0     10
2s_3s_3Se[1]        3.0     546972.7000    11.1428   2.690E+02     7     0     11
2s_3s_1Se[0]        1.0     561276.4000    10.7140   2.798E+02     8     0     12
2s_3p_1Po[1]        3.0     580824.9000    10.1280   2.960E+02     9     0     13
2s_3p_3Po[0]        1.0     582806.4000    10.0685   2.978E+02    10     0     14
2s_3p_3Po[1]        3.0     582843.1000    10.0674   2.978E+02    10     0     15
2s_3p_3Po[2]        5.0     582920.3000    10.0651   2.979E+02    10     0     16
2s_3d_3De[1]        3.0     600748.9000     9.5306   3.146E+02    11     0     17
2s_3d_3De[2]        5.0     600758.9000     9.5303   3.146E+02    11     0     18
2s_3d_3De[3]        7.0     600779.2000     9.5297   3.146E+02    11     0     19
2s_3d_1De[2]        5.0     612615.6000     9.1749   3.268E+02    12     0     20
2p_3s_3Po[0]        1.0     652918.0000     7.9667   3.763E+02    13     0     21
2p_3s_3Po[1]        3.0     653080.1000     7.9618   3.765E+02    13     0     22
2p_3s_3Po[2]        5.0     653423.3000     7.9515   3.770E+02    13     0     23
2p_3s_1Po[1]        3.0     664485.9000     7.6199   3.934E+02    14     0     24
2p_3p_1Pe[1]        3.0     672693.8000     7.3738   4.066E+02    15     0     25
2p_3p_3De[1]        3.0     677150.7000     7.2402   4.141E+02    16     0     26
2p_3p_3De[2]        5.0     677348.5000     7.2342   4.144E+02    16     0     27
2p_3p_3De[3]        7.0     677665.0000     7.2248   4.150E+02    16     0     28
2p_3p_3Se[1]        3.0     683942.9000     7.0366   4.261E+02    17     0     29
2p_3p_3Pe[0]        1.0     689403.5000     6.8728   4.362E+02    17     0     30
2p_3p_3Pe[1]        3.0     689517.7000     6.8694   4.364E+02    17     0     31
2p_3p_3Pe[2]        5.0     689708.5000     6.8637   4.368E+02    17     0     32
2p_3d_3Fo[2]        5.0     692626.0000     6.7762   4.424E+02    18     0     33
2p_3d_3Fo[3]        7.0     692809.4000     6.7707   4.428E+02    18     0     34
2p_3d_3Fo[4]        9.0     693044.8000     6.7637   4.432E+02    18     0     35
2p_3d_1Do[2]        5.0     694643.8000     6.7157   4.464E+02    19     0     36
2p_3p_1De[2]        5.0     697170.2000     6.6400   4.515E+02    20     0     37
2p_3d_3Do[1]        3.0     704182.0000     6.4298   4.663E+02    21     0     38
2p_3d_3Do[2]        5.0     704242.0000     6.4280   4.664E+02    21     0     39
2p_3d_3Do[3]        7.0     704348.0000     6.4248   4.666E+02    21     0     40
2p_3p_1Se[0]        1.0     707635.5000     6.3263   4.739E+02    22     0     41
2p_3d_3Po[2]        5.0     707981.2000     6.3159   4.747E+02    21     0     42
2p_3d_3Po[1]        3.0     708125.1000     6.3116   4.750E+02    21     0     43
2p_3d_3Po[0]        1.0     708205.0000     6.3092   4.752E+02    21     0     44
2p_3d_1Fo[3]        7.0     712963.5000     6.1665   4.862E+02    23     0     45
2p_3d_1Po[1]        3.0     719274.9000     5.9773   5.015E+02    23     0     46
2s_4s_3Se[1]        3.0     722480.0000     5.8812   5.097E+02    24     0     47
2s_4s_1Se[0]        1.0     731670.5000     5.6057   5.348E+02    25     0     48
2s_4p_3Po[0]        1.0     735911.6000     5.4786   5.472E+02    26     0     49
2s_4p_3Po[1]        3.0     735922.0000     5.4783   5.472E+02    26     0     50
2s_4p_3Po[2]        5.0     735949.1000     5.4774   5.473E+02    26     0     51
2s_4p_1Po[1]        3.0     737880.8000     5.4195   5.532E+02    27     0     52
2s_4d_3De[1]        3.0     742239.4000     5.2889   5.668E+02    28     0     53
2s_4d_3De[2]        5.0     742244.1000     5.2887   5.669E+02    28     0     54
2s_4d_3De[3]        7.0     742248.6000     5.2886   5.669E+02    28     0     55
2s_4d_1De[2]        5.0     746274.9000     5.1679   5.801E+02    29     0     56
2s_4f_3Fo[4]        9.0     747547.2000     5.1297   5.844E+02    30     0     57
2s_4f_3Fo[3]        7.0     747547.2000     5.1297   5.844E+02    30     0     58
2s_4f_3Fo[2]        5.0     747547.2000     5.1297   5.844E+02    30     0     59
2s_4f_1Fo[3]        7.0     749840.5000     5.0610   5.924E+02    31     0     60
2s_5s_3Se[1]        3.0     796071.0000     3.6750   8.158E+02    32     0     61
2s_5s_1Se           1.0     797617.7940     3.6287   8.262E+02    33     0     62
2s_5p_1Po[1]        3.0     802466.0000     3.4833   8.607E+02    34     0     63
2s_5p_3Po[1]        3.0     802859.0000     3.4715   8.636E+02    35     0     64
2s_5p_3Po[0]        1.0     802859.0000     3.4715   8.636E+02    35     0     65
2s_5p_3Po[2]        5.0     802875.0000     3.4711   8.637E+02    35     0     66
2s_5d_3De[1]        3.0     806446.4000     3.3640   8.912E+02    36     0     67
2s_5d_3De[2]        5.0     806448.4000     3.3639   8.912E+02    36     0     68
2s_5d_3De[3]        7.0     806451.4000     3.3638   8.912E+02    36     0     69
2s_5d_1De[2]        5.0     808352.3000     3.3069   9.066E+02    37     0     70
2s_5g_3Ge[3]        7.0     808384.9000     3.3059   9.068E+02    36     0     71
2s_5g_3Ge[4]        9.0     808384.9000     3.3059   9.068E+02    36     0     72
2s_5g_3Ge[5]       11.0     808388.6000     3.3058   9.069E+02    36     0     73
2s_5g_1Ge[4]        9.0     808388.6000     3.3058   9.069E+02    37     0     74
2s_5f_3Fo[2]        5.0     808613.0000     3.2990   9.087E+02    35     0     75
2s_5f_3Fo[3]        7.0     808613.9000     3.2990   9.087E+02    35     0     76
2s_5f_3Fo[4]        9.0     808616.1000     3.2989   9.088E+02    35     0     77
2s_5f_1Fo[3]        7.0     808916.8000     3.2899   9.112E+02    34     0     78
2p_4s_3Po[2]        5.0     818665.0000     2.9977   1.000E+03    38     0     79
2p_4s_1Po[1]        3.0     824282.0000     2.8293   1.060E+03    39     0     80
2p_4p_1Pe[1]        3.0     829597.0000     2.6700   1.123E+03    40     0     81
2p_4p_3De[1]        3.0     830867.0000     2.6319   1.139E+03    41     0     82
2p_4p_3De[2]        5.0     831029.0000     2.6270   1.141E+03    41     0     83
2p_4p_3De[3]        7.0     831334.0000     2.6179   1.145E+03    41     0     84
2p_4p_3Se[1]        3.0     832072.0000     2.5958   1.155E+03    41     0     85
2s_6s_1Se           1.0     834523.5890     2.5223   1.189E+03    40     0     86
2p_4p_3Pe[0]        1.0     834835.0000     2.5129   1.193E+03    41     0     87
2p_4p_3Pe[1]        3.0     834972.0000     2.5088   1.195E+03    41     0     88
2p_4p_3Pe[2]        5.0     835142.0000     2.5037   1.197E+03    41     0     89
2p_4d_3Fo[2]        5.0     836982.0000     2.4486   1.224E+03    42     0     90
2p_4d_3Fo[3]        7.0     836982.0000     2.4486   1.224E+03    42     0     91
2p_4d_3Fo[4]        9.0     836982.0000     2.4486   1.224E+03    42     0     92
2s_6s_3Se           3.0     837034.6390     2.4470   1.225E+03    41     0     93
2p_4d_1Do[2]        5.0     837833.0000     2.4230   1.237E+03    43     0     94
2p_4p_1De[2]        5.0     837855.0000     2.4224   1.238E+03    40     0     95
2s_6p_3Po[0]        1.0     838375.0000     2.4068   1.246E+03    42     0     96
2s_6p_3Po[1]        3.0     838375.0000     2.4068   1.246E+03    42     0     97
2s_6p_3Po[2]        5.0     838375.0000     2.4068   1.246E+03    42     0     98
2p_4p_1Se[0]        1.0     839431.0000     2.3751   1.262E+03    44     0     99
2s_6p_1Po[1]        3.0     839616.0000     2.3696   1.265E+03    43     0    100
2s_6g_3Ge[3]        7.0     840126.7000     2.3543   1.273E+03    45     0    101
2s_6g_3Ge[4]        9.0     840169.4000     2.3530   1.274E+03    45     0    102
2s_6g_3Ge[5]       11.0     840291.5000     2.3493   1.276E+03    45     0    103
2s_6g_1Ge[4]        9.0     840385.2000     2.3465   1.278E+03    44     0    104
2s_6f_1Fo[3]        7.0     840821.5000     2.3334   1.285E+03    43     0    105
2s_6d_3De[1]        3.0     841033.0000     2.3271   1.288E+03    45     0    106
2s_6d_3De[2]        5.0     841033.0000     2.3271   1.288E+03    45     0    107
2s_6d_3De[3]        7.0     841036.0000     2.3270   1.288E+03    45     0    108
2p_4d_3Do[1]        3.0     841102.0000     2.3250   1.289E+03    42     0    109
2p_4d_3Do[2]        5.0     841195.0000     2.3223   1.291E+03    42     0    110
2p_4d_3Do[3]        7.0     841318.0000     2.3186   1.293E+03    42     0    111
2p_4f_1Fe           7.0     841902.9390     2.3010   1.303E+03    44     0    112
2p_4f_3Fe          21.0     842029.5970     2.2972   1.305E+03    45     0    113
2s_6d_1De[2]        5.0     842087.0000     2.2955   1.306E+03    44     0    114
2s_6z_3Z           33.0     842453.1458     2.2845   1.312E+03    46     0    115
2s_6z_1Z           11.0     842453.1458     2.2845   1.312E+03    47     0    116
2s_6f_3Fo[2]        5.0     842707.3000     2.2769   1.317E+03    42     0    117
2s_6f_3Fo[3]        7.0     842723.3000     2.2764   1.317E+03    42     0    118
2s_6f_3Fo[4]        9.0     842742.3000     2.2759   1.317E+03    42     0    119
2p_4d_3Po[2]        5.0     843111.0000     2.2648   1.324E+03    42     0    120
2p_4d_3Po[1]        3.0     843218.0000     2.2616   1.326E+03    42     0    121
2p_4d_3Po[0]        1.0     843270.0000     2.2600   1.326E+03    42     0    122
2p_4f_3De          15.0     845005.0600     2.2080   1.358E+03    45     0    123
2p_4f_3Ge[3]        7.0     845481.6000     2.1937   1.367E+03    45     0    124
2p_4f_1De           5.0     845484.5520     2.1937   1.367E+03    44     0    125
2p_4f_3Ge[4]        9.0     845546.7000     2.1918   1.368E+03    45     0    126
2p_4f_3Ge[5]       11.0     845706.7000     2.1870   1.371E+03    45     0    127
2p_4f_1Ge[4]        9.0     845942.6000     2.1799   1.375E+03    44     0    128
2p_4d_1Fo[3]        7.0     847136.0000     2.1441   1.398E+03    48     0    129
2p_4d_1Po[1]        3.0     847460.0000     2.1344   1.405E+03    48     0    130
2s_7s_3Se           3.0     858047.8420     1.8170   1.650E+03    49     0    131
2s_7s_1Se           1.0     859176.7080     1.7832   1.681E+03    50     0    132
2s_7p_3Po           9.0     860381.9720     1.7470   1.716E+03    51     0    133
2s_7p_1Po[1]        3.0     860874.0000     1.7323   1.731E+03    52     0    134
2s_7d_3De[1]        3.0     861778.0000     1.7052   1.758E+03    49     0    135
2s_7d_3De[2]        5.0     861793.0000     1.7047   1.759E+03    49     0    136
2s_7d_3De[3]        7.0     861796.0000     1.7046   1.759E+03    49     0    137
2s_7f_3Fo          21.0     862333.1120     1.6885   1.775E+03    51     0    138
2s_7d_1De[2]        5.0     862419.0000     1.6860   1.778E+03    50     0    139
2s_7z_3Z           72.0     862670.4949     1.6784   1.786E+03    53     0    140
2s_7z_1Z           24.0     862670.4949     1.6784   1.786E+03    54     0    141
2s_7f_1Fo           7.0     862733.1910     1.6766   1.788E+03    52     0    142
2s_7g_3Ge[3]        7.0     862789.8000     1.6749   1.790E+03    49     0    143
2s_7g_3Ge[4]        9.0     862793.5000     1.6747   1.790E+03    49     0    144
2s_7g_3Ge[5]       11.0     862796.0000     1.6747   1.790E+03    49     0    145
2s_7g_1Ge[4]        9.0     862800.7000     1.6745   1.790E+03    50     0    146
2s_8s_3Se           3.0     872620.5740     1.3801   2.172E+03    55     0    147
2s_8s_1Se           1.0     873141.2800     1.3645   2.197E+03    56     0    148
2s_8p_3Po           9.0     874191.7400     1.3330   2.249E+03    57     0    149
2s_8p_1Po[1]        3.0     874447.0000     1.3254   2.262E+03    58     0    150
2s_8d_3De[1]        3.0     875162.0000     1.3039   2.299E+03    55     0    151
2s_8d_3De[2]        5.0     875183.0000     1.3033   2.300E+03    55     0    152
2s_8d_3De[3]        7.0     875186.0000     1.3032   2.300E+03    55     0    153
2s_8d_1De           5.0     875444.2490     1.2955   2.314E+03    56     0    154
2s_8f_3Fo          21.0     875513.6090     1.2934   2.318E+03    57     0    155
2s_8g_3Ge          27.0     875586.9910     1.2912   2.322E+03    55     0    156
2s_8g_1Ge           9.0     875590.0060     1.2911   2.322E+03    56     0    157
2s_8f_1Fo           7.0     875683.4920     1.2883   2.327E+03    58     0    158
2s_8z_3Z          117.0     875792.3320     1.2851   2.333E+03    59     0    159
2s_8z_1Z           39.0     875792.3320     1.2851   2.333E+03    60     0    160
2s_9s_3Se           3.0     882516.0000     1.0835   2.767E+03    61     0    161
2s_9s_1Se           1.0     882822.5930     1.0743   2.791E+03    62     0    162
2s_9p_1Po           3.0     883580.5320     1.0516   2.851E+03    63     0    163
2s_9p_3Po           9.0     883626.7720     1.0502   2.855E+03    64     0    164
2s_9d_3De          15.0     884206.7870     1.0328   2.903E+03    61     0    165
2s_9d_1De           5.0     884521.4220     1.0234   2.929E+03    62     0    166
2s_9f_3Fo          21.0     884562.6360     1.0221   2.933E+03    64     0    167
2s_9g_3Ge          27.0     884593.7980     1.0212   2.936E+03    61     0    168
2s_9g_1Ge           9.0     884594.8030     1.0212   2.936E+03    62     0    169
2s_9f_1Fo           7.0     884651.0960     1.0195   2.941E+03    63     0    170
2s_9z_1Z           56.0     884788.6204     1.0153   2.953E+03    65     0    171
2s_9z_3Z          168.0     884788.6204     1.0153   2.953E+03    66     0    172
2s_10s_3Se          3.0     889522.4110     0.8734   3.432E+03    61     0    173
2s_10s_1Se          1.0     889721.4460     0.8675   3.456E+03    62     0    174
2s_10p_1Po          3.0     890182.8430     0.8536   3.512E+03    63     0    175
2s_10p_3Po          9.0     890340.6640     0.8489   3.532E+03    64     0    176
2s_10d_3De         15.0     890782.9620     0.8356   3.588E+03    61     0    177
2s_10d_1De          5.0     891013.1580     0.8287   3.617E+03    62     0    178
2s_10f_3Fo         21.0     891037.2840     0.8280   3.621E+03    64     0    179
2s_10g_3Ge         27.0     891046.3310     0.8277   3.622E+03    61     0    180
2s_10g_1Ge          9.0     891046.3310     0.8277   3.622E+03    62     0    181
2s_10f_1Fo          7.0     891084.5290     0.8266   3.627E+03    63     0    182
2s_10z_3Z         225.0     891223.6125     0.8224   3.645E+03    66     0    183
2s_10z_1Z          75.0     891223.6125     0.8224   3.645E+03    65     0    184
2s_11w_3W         363.0     895984.7789     0.6797   4.411E+03    67    67    185
2s_11w_1W         121.0     895984.7789     0.6797   4.411E+03    68    68    186
2p_5p_1Pe[1]        3.0     898580.0000     0.6019   4.981E+03    69     0    187
2s_12w_3W         432.0     899606.0365     0.5711   5.249E+03    70    67    188
2s_12w_1W         144.0     899606.0365     0.5711   5.249E+03    71    68    189
2p_5p_3Pe[0]        1.0     900858.0000     0.5336   5.618E+03    72     0    190
2p_5p_3Pe[1]        3.0     901023.0000     0.5287   5.671E+03    72     0    191
2p_5p_3Pe[2]        5.0     901165.0000     0.5244   5.717E+03    72     0    192
2s_13w_3W         507.0     902424.2263     0.4866   6.160E+03    70    67    193
2s_13w_1W         169.0     902424.2263     0.4866   6.160E+03    71    68    194
2p_5d_1Do[2]        5.0     902691.0000     0.4786   6.263E+03    73     0    195
2p_5d_3Do[1]        3.0     904027.0000     0.4386   6.835E+03    74     0    196
2p_5d_3Do[2]        5.0     904183.0000     0.4339   6.909E+03    74     0    197
2p_5d_3Do[3]        7.0     904318.0000     0.4299   6.974E+03    74     0    198
2s_14w_3W         588.0     904660.3737     0.4196   7.145E+03    70    67    199
2s_14w_1W         196.0     904660.3737     0.4196   7.145E+03    71    68    200
2p_5f_1Fe           7.0     904864.1400     0.4135   7.250E+03    69    67    201
2p_5f_3Fe          21.0     904945.5630     0.4111   7.293E+03    72    68    202
2s_15w_3W         675.0     906464.3833     0.3655   8.202E+03    75    67    203
2s_15w_1W         225.0     906464.3833     0.3655   8.202E+03    76    68    204
2s_16w_3W         768.0     907940.8330     0.3213   9.332E+03    75    67    205
2s_16w_1W         256.0     907940.8330     0.3213   9.332E+03    76    68    206
2s_17w_3W         867.0     909164.4784     0.2846   1.053E+04    75    67    207
2s_17w_1W         289.0     909164.4784     0.2846   1.053E+04    76    68    208
2s_18w_3W         972.0     910189.9051     0.2538   1.181E+04    75    67    209
2s_18w_1W         324.0     910189.9051     0.2538   1.181E+04    76    68    210
2s_19w_3W        1083.0     911057.7237     0.2278   1.316E+04    75    67    211
2s_19w_1W         361.0     911057.7237     0.2278   1.316E+04    76    68    212
2s_20w_3W        1200.0     911798.6531     0.2056   1.458E+04    77    67    213
2s_20w_1W         400.0     911798.6531     0.2056   1.458E+04    78    68    214
2s_21w_3W        1323.0     912436.2772     0.1865   1.608E+04    77    67    215
2s_21w_1W         441.0     912436.2772     0.1865   1.608E+04    78    68    216
2s_22w_3W        1452.0     912988.9447     0.1699   1.764E+04    77    67    217
2s_22w_1W         484.0     912988.9447     0.1699   1.764E+04    78    68    218
2s_23w_3W        1587.0     913471.1044     0.1555   1.928E+04    77    67    219
2s_23w_1W         529.0     913471.1044     0.1555   1.928E+04    78    68    220
2s_24w_3W        1728.0     913894.2591     0.1428   2.100E+04    77    67    221
2s_24w_1W         576.0     913894.2591     0.1428   2.100E+04    78    68    222
2s_25w_3W        1875.0     914267.6580     0.1316   2.278E+04    77    67    223
2s_25w_1W         625.0     914267.6580     0.1316   2.278E+04    78    68    224
2s_26w_3W        2028.0     914598.8066     0.1217   2.464E+04    79    67    225
2s_26w_1W         676.0     914598.8066     0.1217   2.464E+04    80    68    226
2s_27w_3W        2187.0     914893.8467     0.1128   2.657E+04    79    67    227
2s_27w_1W         729.0     914893.8467     0.1128   2.657E+04    80    68    228
2s_28w_3W        2352.0     915157.8434     0.1049   2.858E+04    79    67    229
2s_28w_1W         784.0     915157.8434     0.1049   2.858E+04    80    68    230
2s_29w_3W        2523.0     915395.0039     0.0978   3.066E+04    79    67    231
2s_29w_1W         841.0     915395.0039     0.0978   3.066E+04    80    68    232
2s_30w_3W        2700.0     915608.8458     0.0914   3.281E+04    81    67    233
2s_30w_1W         900.0     915608.8458     0.0914   3.281E+04    82    68    234
