
**************************************************************************************************

       Colisional data for Mg IV
       Updated: 23-Aug-2018

 [Reference] Colisional data for Mg IV -- Mohan et al. 1988, \cite{1988PhyS...38..699M}

**************************************************************************************************

11                                      !Number of transitions
15                                      !Number of T values OMEGA tabulated at
1.0                                     !Scaling factor for OMEGA (non-FILE values).
0.1                                     !Value for OMEGA if f=0

Transition\T                          10.0     20.0   30.0    40.0    50.0    60.0    70.0    80.0    90.0    100.0   110.0   120.0   130.0   140.0   150.0
2s2_2p5_2Po-2s_2p6_2Se               1.7895  1.8678  1.9334  2.0053  2.0791  2.1516  2.2208  2.2861  2.3470  2.4037  2.4564  2.5055  2.5513  2.5941  2.6341
2s2_2p5_2Po-2s2_2p4(3Pe)3s_4Pe       1.4942  0.8734  0.6328  0.5032  0.4213  0.3644  0.3223  0.2898  0.2638  0.2425  0.2247  0.2095  0.1964  0.1850  0.1749
2s2_2p5_2Po-2s2_2p4(3Pe)3s_2Pe       0.7119  0.4923  0.4173  0.3859  0.3730  0.3695  0.3714  0.3765  0.3834  0.3913  0.3999  0.4088  0.4176  0.4263  0.4347
2s2_2p5_2Po-2s2_2p4(1De)3s_2De       0.4056  0.2947  0.2539  0.2340  0.2236  0.2183  0.2160  0.2156  0.2164  0.2181  0.2203  0.2228  0.2256  0.2284  0.2314  
2s2_2p5_2Po-2s2_2p4(3Pe)3p_4Po       0.1626  0.1338  0.1227  0.1154  0.1095  0.1045  0.1001  0.0961  0.0920  0.0892  0.0862  0.0830  0.0801  0.0780  0.0763  
2s2_2p5_2Po-2s2_2p4(3Pe)3p_4Do       0.1541  0.1466  0.1440  0.1401  0.1354  0.1305  0.1258  0.1212  0.1169  0.1128  0.1089  0.1053  0.1020  0.0992  0.0961
2s2_2p5_2Po-2s2_2p4(3Pe)3p_2Do       0.9370  0.0966  0.1001  0.1016  0.1022  0.1023  0.1019  0.1014  0.1008  0.1001  0.0993  0.0985  0.0977  0.0968  0.0960
2s2_2p5_2Po-2s2_2p4(3Pe)3p_4So       0.0291  0.0236  0.0215  0.0205  0.0196  0.0187  0.0179  0.0171  0.0164  0.0158  0.0152  0.0147  0.0142  0.0137  0.0133  
2s2_2p5_2Po-2s2_2p4(3Pe)3p_2Po       0.3797  0.3562  0.3320  0.3142  0.3017  0.2911  0.2833  0.2769  0.2715  0.2669  0.2629  0.2595  0.2563  0.2535  0.2509
2s2_2p5_2Po-2s2_2p4(3Pe)3p_2So       0.0293  0.0278  0.0253  0.0231  0.0214  0.0199  0.0187  0.0177  0.0168  0.0160  0.0153  0.0146  0.0140  0.0135  0.0130
2s2_2p5_2Po-2s2_2p4(1Se)3s_2Se       0.4777  0.3792  0.2999  0.2474  0.2114  0.1853  0.1658  0.1506  0.1385  0.1287  0.1207  0.1139  0.1081  0.1032  0.0989





