********************************************************************************
                                                                                
                 Super level assignments for SkXI
	         E%LS=2.0
                                                                                
                    g          E(cm^-1)     10^15 Hz      eV        Lam(A)      
********************************************************************************
                                                                                
17-Jun-2014                                      !Format date                   
14-Nov-2019                            !Date
254                                    !Number of energy levels
6                                      !Entry number of link to super level
  
2s2_1Se[0]          1.0          0.0000   115.1623   2.603E+01     1     0      1
2s_2p_3Po[0]        1.0     169802.0000   110.0717   2.724E+01     2     0      2
2s_2p_3Po[1]        3.0     172144.0000   110.0015   2.725E+01     2     0      3
2s_2p_3Po[2]        5.0     177318.0000   109.8464   2.729E+01     2     0      4
2s_2p_1Po[1]        3.0     329679.0000   105.2787   2.848E+01     3     0      5
2p2_3Pe[0]          1.0     443670.0000   101.8614   2.943E+01     4     0      6
2p2_3Pe[1]          3.0     446494.0000   101.7767   2.946E+01     4     0      7
2p2_3Pe[2]          5.0     450965.0000   101.6427   2.949E+01     4     0      8
2p2_1De[2]          5.0     495201.0000   100.3165   2.988E+01     5     0      9
2p2_1Se[0]          1.0     608758.0000    96.9122   3.093E+01     6     0     10
2s_3s_3Se[1]        3.0    2210700.0000    48.8872   6.132E+01     7     0     11
2s_3s_1Se[0]        1.0    2241810.0000    47.9545   6.252E+01     8     0     12
2s_3p_1Po[1]        3.0    2285040.0000    46.6585   6.425E+01     9     0     13
2s_3p_3Po[2]        5.0    2285209.0000    46.6534   6.426E+01    10     0     14
2s_3p_3Po[0]        1.0    2285210.0000    46.6534   6.426E+01    10     0     15
2s_3p_3Po[1]        3.0    2285211.0000    46.6534   6.426E+01    10     0     16
2s_3d_3De[1]        3.0    2331850.0000    45.2552   6.624E+01    11     0     17
2s_3d_3De[2]        5.0    2332050.0000    45.2492   6.625E+01    11     0     18
2s_3d_3De[3]        7.0    2332520.0000    45.2351   6.627E+01    11     0     19
2s_3d_1De[2]        5.0    2361290.0000    44.3726   6.756E+01    12     0     20
2p_3s_3Po[0]        1.0    2422196.0000    42.5467   7.046E+01    13     0     21
2p_3s_3Po[1]        3.0    2424519.0000    42.4770   7.058E+01    13     0     22
2p_3s_3Po[2]        5.0    2430220.0000    42.3061   7.086E+01    13     0     23
2p_3s_1Po[1]        3.0    2470820.0000    41.0890   7.296E+01    14     0     24
2p_3p_1Pe           3.0    2474358.0270    40.9829   7.315E+01    15     0     25
2p_3p_3De[1]        3.0    2480058.0000    40.8120   7.346E+01    16     0     26
2p_3p_3De[2]        5.0    2482070.0000    40.7517   7.357E+01    16     0     27
2p_3p_3De[3]        7.0    2487320.0000    40.5943   7.385E+01    16     0     28
2p_3p_3Se[1]        3.0    2500420.0000    40.2016   7.457E+01    16     0     29
2p_3p_3Pe[0]        1.0    2507170.0000    39.9992   7.495E+01    16     0     30
2p_3p_3Pe[1]        3.0    2510130.0000    39.9105   7.512E+01    16     0     31
2p_3p_3Pe[2]        5.0    2512380.0000    39.8430   7.524E+01    16     0     32
2p_3d_3Fo          21.0    2521862.1090    39.5588   7.578E+01    17     0     33
2p_3d_1Do[2]        5.0    2525040.0000    39.4635   7.597E+01    18     0     34
2p_3p_1De[2]        5.0    2532420.0000    39.2422   7.640E+01    19     0     35
2p_3d_3Do[1]        3.0    2545940.0000    38.8369   7.719E+01    17     0     36
2p_3d_3Do[2]        5.0    2547100.0000    38.8021   7.726E+01    17     0     37
2p_3d_3Do[3]        7.0    2549470.0000    38.7311   7.740E+01    17     0     38
2p_3d_3Po[0]        1.0    2555170.0000    38.5602   7.775E+01    17     0     39
2p_3d_3Po[2]        5.0    2556770.0000    38.5122   7.784E+01    17     0     40
2p_3d_3Po[1]        3.0    2558230.0000    38.4685   7.793E+01    17     0     41
2p_3p_1Se           1.0    2571378.7380    38.0743   7.874E+01    19     0     42
2p_3d_1Fo[3]        7.0    2582930.0000    37.7280   7.946E+01    20     0     43
2p_3d_1Po           3.0    2588694.6130    37.5552   7.983E+01    20     0     44
2s_4s_3Se           3.0    2955486.3000    26.5590   1.129E+02    21     0     45
2s_4s_1Se           1.0    2966854.2020    26.2182   1.143E+02    22     0     46
2s_4p_1Po[1]        3.0    2983740.0000    25.7120   1.166E+02    23     0     47
2s_4p_3Po           9.0    2985694.4320    25.6534   1.169E+02    24     0     48
2s_4d_3De[1]        3.0    2998380.0000    25.2731   1.186E+02    21     0     49
2s_4d_3De[2]        5.0    2998380.0000    25.2731   1.186E+02    21     0     50
2s_4d_3De[3]        7.0    2998510.0000    25.2692   1.186E+02    21     0     51
2s_4d_1De[2]        5.0    3007770.0000    24.9916   1.200E+02    22     0     52
2s_4f_3Fo[2]        5.0    3009720.0000    24.9331   1.202E+02    24     0     53
2s_4f_3Fo[3]        7.0    3009720.0000    24.9331   1.202E+02    24     0     54
2s_4f_3Fo[4]        9.0    3009720.0000    24.9331   1.202E+02    24     0     55
2s_4f_1Fo           7.0    3015514.0040    24.7594   1.211E+02    23     0     56
2p_4s_3Po           9.0    3152357.2420    20.6570   1.451E+02    25     0     57
2p_4s_1Po           3.0    3158883.0750    20.4613   1.465E+02    26     0     58
2p_4p_1Pe           3.0    3171456.5130    20.0844   1.493E+02    27     0     59
2p_4p_3Pe[0]        1.0    3180058.0000    19.8265   1.512E+02    28     0     60
2p_4p_3Se           3.0    3180263.8970    19.8204   1.513E+02    28     0     61
2p_4p_3De[3]        7.0    3180500.0000    19.8133   1.513E+02    28     0     62
2p_4p_3De[1]        3.0    3182054.0000    19.7667   1.517E+02    28     0     63
2p_4p_3Pe[1]        3.0    3182070.0000    19.7662   1.517E+02    28     0     64
2p_4p_3De[2]        5.0    3186579.0000    19.6310   1.527E+02    28     0     65
2p_4p_3Pe[2]        5.0    3187370.0000    19.6073   1.529E+02    28     0     66
2p_4d_3Fo          21.0    3190266.8540    19.5205   1.536E+02    25     0     67
2p_4d_1Do[2]        5.0    3193530.0000    19.4227   1.544E+02    26     0     68
2p_4p_1De[2]        5.0    3194190.0000    19.4029   1.545E+02    27     0     69
2p_4d_3Do[1]        3.0    3198271.0000    19.2805   1.555E+02    25     0     70
2p_4f_1Fe           7.0    3200160.2170    19.2239   1.559E+02    27     0     71
2p_4d_3Do[2]        5.0    3200189.0000    19.2230   1.560E+02    25     0     72
2p_4f_3Fe          21.0    3200638.4460    19.2095   1.561E+02    28     0     73
2p_4p_1Se           1.0    3202461.6940    19.1549   1.565E+02    27     0     74
2p_4f_3Ge          27.0    3203019.6280    19.1382   1.566E+02    28     0     75
2p_4d_3Do[3]        7.0    3203130.0000    19.1349   1.567E+02    25     0     76
2p_4d_3Po[2]        5.0    3204950.0000    19.0803   1.571E+02    25     0     77
2p_4f_1Ge           9.0    3204952.4700    19.0802   1.571E+02    27     0     78
2p_4d_3Po[1]        3.0    3205721.0000    19.0572   1.573E+02    25     0     79
2p_4d_3Po[0]        1.0    3206160.0000    19.0440   1.574E+02    25     0     80
2p_4f_3De          15.0    3207662.4340    18.9990   1.578E+02    28     0     81
2p_4f_1De           5.0    3209366.1250    18.9479   1.582E+02    27     0     82
2p_4d_1Po           3.0    3212982.7320    18.8395   1.591E+02    26     0     83
2p_4d_1Fo[3]        7.0    3214660.0000    18.7892   1.596E+02    26     0     84
2s_5s_3Se           3.0    3283840.3300    16.7152   1.794E+02    29     0     85
2s_5s_1Se           1.0    3290226.6800    16.5238   1.814E+02    30     0     86
2s_5p_3Po           9.0    3298346.6100    16.2803   1.841E+02    31     0     87
2s_5p_1Po           3.0    3300359.1570    16.2200   1.848E+02    32     0     88
2s_5d_3De[1]        3.0    3304350.0000    16.1004   1.862E+02    29     0     89
2s_5d_3De[2]        5.0    3304400.0000    16.0989   1.862E+02    29     0     90
2s_5d_3De[3]        7.0    3304410.0000    16.0986   1.862E+02    29     0     91
2s_5d_1De[2]        5.0    3308260.0000    15.9831   1.876E+02    30     0     92
2s_5f_3Fo          21.0    3311278.7200    15.8926   1.886E+02    31     0     93
2s_5g_3Ge          27.0    3312803.0750    15.8469   1.892E+02    29     0     94
2s_5g_1Ge           9.0    3312892.7430    15.8442   1.892E+02    30     0     95
2s_5f_1Fo           7.0    3313002.3370    15.8410   1.893E+02    32     0     96
2s_6s_3Se           3.0    3456291.7040    11.5453   2.597E+02    33     0     97
2s_6s_1Se           1.0    3458672.8860    11.4739   2.613E+02    34     0     98
2s_6p_1Po           3.0    3463783.9580    11.3206   2.648E+02    35     0     99
2s_6p_3Po           9.0    3465119.0140    11.2806   2.658E+02    36     0    100
2s_6d_3De          15.0    3470240.0500    11.1271   2.694E+02    33     0    101
2s_6z3Z            33.0    3472567.8920    11.0573   2.711E+02    37     0    102
2s_6z1Z            11.0    3472567.8920    11.0573   2.711E+02    38     0    103
2s_6d_1De           5.0    3472661.0840    11.0545   2.712E+02    34     0    104
2s_6f_3Fo          21.0    3473288.7600    11.0357   2.717E+02    36     0    105
2s_6g_3Ge          27.0    3473677.3210    11.0240   2.719E+02    33     0    106
2s_6g_1Ge           9.0    3473697.2470    11.0235   2.720E+02    34     0    107
2s_6f_1Fo           7.0    3473916.4350    11.0169   2.721E+02    35     0    108
2p_5s_3Po           9.0    3476447.0640    10.9410   2.740E+02    36     0    109
2p_5s_1Po           3.0    3481328.9850    10.7947   2.777E+02    35     0    110
2p_5p_1Pe           3.0    3486171.0540    10.6495   2.815E+02    34     0    111
2p_5p_3De          15.0    3487884.7080    10.5981   2.829E+02    33     0    112
2p_5p_3Se           3.0    3491072.9010    10.5025   2.854E+02    33     0    113
2p_5p_3Pe           9.0    3491531.2040    10.4888   2.858E+02    33     0    114
2p_5p_1De           5.0    3495137.8470    10.3807   2.888E+02    34     0    115
2p_5d_1Do           5.0    3495386.9250    10.3732   2.890E+02    35     0    116
2p_5d_3Fo          21.0    3495426.7780    10.3720   2.890E+02    36     0    117
2p_5d_3Do          15.0    3499152.9790    10.2603   2.922E+02    36     0    118
2p_5f_1Fe           7.0    3500149.2890    10.2304   2.930E+02    34     0    119
2p_5d_3Po           9.0    3500438.2190    10.2218   2.933E+02    36     0    120
2p_5f_3Fe          21.0    3500448.1820    10.2215   2.933E+02    33     0    121
2p_5f_3Ge          27.0    3501803.1640    10.1809   2.945E+02    33     0    122
2p_5p_1Se           1.0    3501942.6480    10.1767   2.946E+02    34     0    123
2p_5f_1Ge           9.0    3503068.4790    10.1429   2.956E+02    34     0    124
2p_5g_3Fo          21.0    3503467.0030    10.1310   2.959E+02    36     0    125
2p_5g_1Fo           7.0    3503486.9290    10.1304   2.959E+02    35     0    126
2p_5f_3De          15.0    3503686.1910    10.1244   2.961E+02    33     0    127
2p_5f_1De           5.0    3504802.0590    10.0910   2.971E+02    34     0    128
2p_5d_1Po           3.0    3506336.3770    10.0450   2.985E+02    35     0    129
2p_5d_1Fo[3]        7.0    3511520.0000     9.8896   3.031E+02    35     0    130
2s_7s_3Se           3.0    3561322.7500     8.3965   3.570E+02    39     0    131
2s_7s_1Se           1.0    3563315.3710     8.3368   3.596E+02    40     0    132
2s_7p_3Po           9.0    3566483.6380     8.2418   3.637E+02    41     0    133
2s_7p_1Po           3.0    3567131.2400     8.2224   3.646E+02    42     0    134
2s_7d_3De          15.0    3569303.1960     8.1573   3.675E+02    39     0    135
2s_7z3Z            72.0    3570421.3084     8.1237   3.690E+02    43     0    136
2s_7z1Z            24.0    3570421.3084     8.1237   3.690E+02    44     0    137
2s_7d_1De           5.0    3570717.9570     8.1148   3.694E+02    40     0    138
2s_7f_3Fo          21.0    3570996.9240     8.1065   3.698E+02    41     0    139
2s_7g_3Ge          27.0    3571495.0790     8.0915   3.705E+02    39     0    140
2s_7g_1Ge           9.0    3571534.9320     8.0904   3.706E+02    40     0    141
2s_7f_1Fo           7.0    3571584.7470     8.0889   3.706E+02    42     0    142
2s_8s_3Se           3.0    3627647.1350     6.4081   4.678E+02    39     0    143
2s_8s_1Se           1.0    3628673.3350     6.3774   4.701E+02    40     0    144
2s_8p_3Po           9.0    3631243.8160     6.3003   4.758E+02    41     0    145
2s_8p_1Po           3.0    3631283.6690     6.2991   4.759E+02    42     0    146
2s_8d_3De          15.0    3633256.3630     6.2400   4.804E+02    45     0    147
2s_8z3Z           117.0    3633931.9392     6.2197   4.820E+02    43     0    148
2s_8z1Z            39.0    3633931.9392     6.2197   4.820E+02    44     0    149
2s_8d_1De           5.0    3634182.9320     6.2122   4.826E+02    40     0    150
2s_8f_3Fo          21.0    3634402.1200     6.2056   4.831E+02    41     0    151
2s_8g_3Ge          27.0    3634661.1610     6.1979   4.837E+02    45     0    152
2s_8g_1Ge           9.0    3634681.0870     6.1973   4.837E+02    46     0    153
2s_8f_1Fo           7.0    3634710.9760     6.1964   4.838E+02    42     0    154
2p_6s_3Po           9.0    3649197.3300     5.7621   5.203E+02    47     0    155
2p_6s_1Po           3.0    3650791.4270     5.7143   5.246E+02    48     0    156
2p_6p_1Pe           3.0    3654995.8570     5.5883   5.365E+02    46     0    157
2p_6p_3De          15.0    3655802.8680     5.5641   5.388E+02    45     0    158
2p_6p_3Se           3.0    3657028.3300     5.5273   5.424E+02    45     0    159
2p_6p_3Pe           9.0    3657885.1570     5.5016   5.449E+02    45     0    160
2p_6p_1De           5.0    3659748.2580     5.4458   5.505E+02    46     0    161
2p_6d_3Fo          21.0    3660206.5610     5.4320   5.519E+02    47     0    162
2p_6d_1Do           5.0    3660216.5240     5.4317   5.519E+02    48     0    163
2p_6d_3Do          15.0    3662268.9230     5.3702   5.583E+02    47     0    164
2p_6p_1Se           1.0    3662448.2590     5.3648   5.588E+02    46     0    165
2p_6d_3Po           9.0    3662637.5580     5.3592   5.594E+02    47     0    166
2p_6f_1Fe           7.0    3662896.5990     5.3514   5.602E+02    46     0    167
2p_6f_3Fe          21.0    3663075.9350     5.3460   5.608E+02    45     0    168
2p_6f_3Ge          27.0    3663603.9790     5.3302   5.624E+02    45     0    169
2p_6f_1Ge           9.0    3664351.2120     5.3078   5.648E+02    46     0    170
2p_6h_3Ge          27.0    3664490.6950     5.3036   5.653E+02    45     0    171
2p_6h_1Ge           9.0    3664510.6220     5.3030   5.653E+02    46     0    172
2p_6g_3Fo          21.0    3664719.8470     5.2967   5.660E+02    47     0    173
2p_6g_1Fo           7.0    3664739.7730     5.2961   5.661E+02    48     0    174
2p_6f_3De          15.0    3664749.7360     5.2958   5.661E+02    45     0    175
2p_6d_1Fo           7.0    3665477.0430     5.2740   5.684E+02    48     0    176
2p_6f_1De           5.0    3665506.9320     5.2731   5.685E+02    46     0    177
2p_6d_1Po           3.0    3665975.1980     5.2591   5.700E+02    48     0    178
2s_9s_3Se           3.0    3673606.9360     5.0303   5.960E+02    45     0    179
2s_9s_1Se           1.0    3674922.0660     4.9909   6.007E+02    46     0    180
2s_9p_3Po           9.0    3675888.4870     4.9619   6.042E+02    47     0    181
2s_9p_1Po           3.0    3676346.7900     4.9482   6.059E+02    48     0    182
2s_9d_3De          15.0    3677103.9860     4.9255   6.087E+02    45     0    183
2s_9z3Z           168.0    3677474.6187     4.9144   6.100E+02    49     0    184
2s_9z1Z            56.0    3677474.6187     4.9144   6.100E+02    50     0    185
2s_9d_1De           5.0    3677751.5870     4.9061   6.111E+02    46     0    186
2s_9f_3Fo          21.0    3677871.1450     4.9025   6.115E+02    47     0    187
2s_9g_3Ge          27.0    3678160.0750     4.8938   6.126E+02    45     0    188
2s_9g_1Ge           9.0    3678199.9270     4.8926   6.127E+02    46     0    189
2s_9f_1Fo           7.0    3678249.7430     4.8911   6.129E+02    48     0    190
2s10s_3Se           3.0    3705668.2060     4.0691   7.367E+02    45     0    191
2s10s_1Se           1.0    3706295.8810     4.0503   7.402E+02    46     0    192
2s10p_3Po           9.0    3707421.7120     4.0166   7.464E+02    47     0    193
2s10p_1Po           3.0    3707620.9740     4.0106   7.475E+02    48     0    194
2s10d_3De          15.0    3708388.1330     3.9876   7.518E+02    51     0    195
2s_10z3Z          225.0    3708620.4411     3.9806   7.531E+02    49     0    196
2s_10z1Z           75.0    3708620.4411     3.9806   7.531E+02    50     0    197
2s10d_1De           5.0    3708846.4360     3.9739   7.544E+02    52     0    198
2s10f_3Fo          21.0    3708956.0300     3.9706   7.550E+02    47     0    199
2s10g_3Ge          27.0    3709115.4400     3.9658   7.559E+02    51     0    200
2s10g_1Ge           9.0    3709135.3660     3.9652   7.561E+02    52     0    201
2s10f_1Fo           7.0    3709155.2920     3.9646   7.562E+02    48     0    202
2s_11w3W          363.0    3731664.8274     3.2898   9.113E+02    49     0    203
2s_11w1W          121.0    3731664.8274     3.2898   9.113E+02    50     0    204
2s_12w3W          432.0    3749191.9730     2.7643   1.085E+03    49     0    205
2s_12w1W          144.0    3749191.9730     2.7643   1.085E+03    50     0    206
2p_7p_1Pe           3.0    3755991.8460     2.5605   1.171E+03    52     0    207
2p_7p_3Pe           9.0    3757735.3890     2.5082   1.195E+03    51     0    208
2p_7d_1Do           5.0    3759239.8180     2.4631   1.217E+03    53     0    209
2p_7d_3Do          15.0    3760495.1690     2.4255   1.236E+03    54     0    210
2p_7f_1Fe           7.0    3760883.7300     2.4138   1.242E+03    52     0    211
2p_7f_3Fe          21.0    3761003.2870     2.4102   1.244E+03    51     0    212
2s_13w3W          507.0    3762832.2137     2.3554   1.273E+03    55     0    213
2s_13w1W          169.0    3762832.2137     2.3554   1.273E+03    56     0    214
2s_14w3W          588.0    3773655.3271     2.0309   1.476E+03    55     0    215
2s_14w1W          196.0    3773655.3271     2.0309   1.476E+03    56     0    216
2s_15w1W          225.0    3782386.8627     1.7692   1.695E+03    56     0    217
2s_15w3W          675.0    3782386.8627     1.7692   1.695E+03    55     0    218
2s_16w1W          256.0    3789532.9848     1.5549   1.928E+03    56     0    219
2s_16w3W          768.0    3789532.9848     1.5549   1.928E+03    55     0    220
2s_17w1W          289.0    3795455.5160     1.3774   2.177E+03    56     0    221
2s_17w3W          867.0    3795455.5160     1.3774   2.177E+03    55     0    222
2s_18w1W          324.0    3800418.6547     1.2286   2.440E+03    56     0    223
2s_18w3W          972.0    3800418.6547     1.2286   2.440E+03    55     0    224
2s_19w1W          361.0    3804618.9588     1.1027   2.719E+03    56     0    225
2s_19w3W         1083.0    3804618.9588     1.1027   2.719E+03    55     0    226
2s_20w3W         1200.0    3808205.1103     0.9952   3.013E+03    55     0    227
2s_20w1W          400.0    3808205.1103     0.9952   3.013E+03    56     0    228
2s_21w3W         1323.0    3811291.2565     0.9026   3.321E+03    55     0    229
2s_21w1W          441.0    3811291.2565     0.9026   3.321E+03    56     0    230
2s_22w3W         1452.0    3813966.2068     0.8224   3.645E+03    55     0    231
2s_22w1W          484.0    3813966.2068     0.8224   3.645E+03    56     0    232
2s_23w3W         1587.0    3816299.8943     0.7525   3.984E+03    55     0    233
2s_23w1W          529.0    3816299.8943     0.7525   3.984E+03    56     0    234
2s_24w3W         1728.0    3818347.9932     0.6911   4.338E+03    55     0    235
2s_24w1W          576.0    3818347.9932     0.6911   4.338E+03    56     0    236
2s_25w1W          625.0    3820155.2706     0.6369   4.707E+03    56     0    237
2s_25w3W         1875.0    3820155.2706     0.6369   4.707E+03    55     0    238
2p_8p_1Pe           3.0    3821200.3640     0.6056   4.951E+03    57     0    239
2s_26w1W          676.0    3821758.0534     0.5889   5.091E+03    56     0    240
2s_26w3W         2028.0    3821758.0534     0.5889   5.091E+03    55     0    241
2p_8p_3Pe           9.0    3822336.1580     0.5715   5.246E+03    58     0    242
2s_27w1W          729.0    3823186.0687     0.5460   5.490E+03    56     0    243
2s_27w3W         2187.0    3823186.0687     0.5460   5.490E+03    55     0    244
2p_8d_1Do           5.0    3823352.3940     0.5411   5.541E+03    53     0    245
2p_8d_3Do          15.0    3824179.3320     0.5163   5.807E+03    54     0    246
2p_8f_1Fe           7.0    3824448.3360     0.5082   5.899E+03    57     0    247
2s_28w1W          784.0    3824463.8318     0.5077   5.905E+03    56     0    248
2s_28w3W         2352.0    3824463.8318     0.5077   5.905E+03    55     0    249
2p_8f_3Fe          21.0    3824528.0410     0.5058   5.927E+03    58     0    250
2s_29w1W          841.0    3825611.7052     0.4733   6.334E+03    56     0    251
2s_29w3W         2523.0    3825611.7052     0.4733   6.334E+03    55     0    252
2s_30w3W         2700.0    3826646.7157     0.4423   6.778E+03    55     0    253
2s_30w1W          900.0    3826646.7157     0.4423   6.778E+03    56     0    254
