********************************************************************************
                                                                                

               LS Assignment of levels to super levels for OVI
               All levels as super levels.
                                                                                
                   g        E(cm^-1)    10^15 Hz     eV       Lam(A)       ID   
********************************************************************************
                                                                                
17-Oct-2000                            !Format date                   
09-Oct-2020                            !Date
65                                     !Number of energy levels
6                                      !Entry number of link to super level
  
2s_2Se[1/2]        2.0          0.0000    33.3971   8.977E+01     1     0      1
2p_2Po[1/2]        2.0      96375.0000    30.5079   9.827E+01     2     0      2
2p_2Po[3/2]        4.0      96907.5000    30.4919   9.832E+01     3     0      3
3s_2Se[1/2]        2.0     640039.8000    14.2092   2.110E+02     4     0      4
3p_2Po[1/2]        2.0     666113.2000    13.4275   2.233E+02     5     0      5
3p_2Po[3/2]        4.0     666269.8000    13.4229   2.233E+02     6     0      6
3d_2De[3/2]        4.0     674625.7000    13.1723   2.276E+02     7     0      7
3d_2De[5/2]        6.0     674676.8000    13.1708   2.276E+02     8     0      8
4s_2Se[1/2]        2.0     852696.0000     7.8339   3.827E+02     9     0      9
4p_2Po[1/2]        2.0     863333.8000     7.5150   3.989E+02    10     0     10
4p_2Po[3/2]        4.0     863397.7000     7.5131   3.990E+02    11     0     11
4d_2De[3/2]        4.0     866880.1000     7.4087   4.046E+02    12     0     12
4d_2De[5/2]        6.0     866901.5000     7.4081   4.047E+02    13     0     13
4f_2Fo[5/2]        6.0     867077.7000     7.4028   4.050E+02    14     0     14
4f_2Fo[7/2]        8.0     867087.5000     7.4025   4.050E+02    15     0     15
5s_2Se             2.0     948690.0000     4.9561   6.049E+02    16     0     16
5p_2Po             6.0     954080.0000     4.7945   6.253E+02    17     0     17
5d_2De            10.0     955856.0000     4.7413   6.323E+02    18     0     18
5z_2Z             32.0     955984.7375     4.7374   6.328E+02    19     0     19
6s_2Se             2.0    1000080.0000     3.4155   8.777E+02    20     0     20
6p_2Po             6.0    1003130.0000     3.3240   9.019E+02    21     0     21
6d_2De            10.0    1004178.0000     3.2926   9.105E+02    22     0     22
6z_2Z             54.0    1004270.4280     3.2898   9.113E+02    23     0     23
7s_2Se             2.0    1030780.1000     2.4951   1.202E+03    24     0     24
7p_2Po             6.0    1032630.0000     2.4397   1.229E+03    25     0     25
7d_2De            10.0    1033324.4000     2.4188   1.239E+03    26     0     26
7z_2Z             80.0    1033389.0000     2.4169   1.240E+03    27     0     27
8s_2Se             2.0    1050543.0000     1.9026   1.576E+03    28     0     28
8p_2Po             6.0    1051724.0000     1.8672   1.606E+03    29     0     29
8z_2Z            110.0    1052285.0000     1.8504   1.620E+03    30     0     30
8d_2De            10.0    1052295.0000     1.8501   1.620E+03    31     0     31
9s_2Se             2.0    1064018.6507     1.4986   2.000E+03    32     0     32
9p_2Po             6.0    1064793.0000     1.4754   2.032E+03    33     0     33
9z_2Z            144.0    1065207.0000     1.4630   2.049E+03    34     0     34
9d_2De            10.0    1065326.6000     1.4594   2.054E+03    35     0     35
10s_2Se            2.0    1073617.0125     1.2109   2.476E+03    36     0     36
10p_2Po            6.0    1074265.8272     1.1914   2.516E+03    37     0     37
10d_2De           10.0    1074425.0000     1.1867   2.526E+03    38     0     38
10z_2Z           182.0    1074505.0000     1.1843   2.531E+03    39     0     39
11s_2Se            2.0    1080694.6683     0.9987   3.002E+03    40     0     40
11p_2Po            6.0    1081181.1910     0.9841   3.046E+03    41     0     41
11d_2De           10.0    1081354.0653     0.9789   3.062E+03    42     0     42
11z_2Z           224.0    1081359.3492     0.9788   3.063E+03    43     0     43
12s_2Se            2.0    1086062.7863     0.8378   3.578E+03    44     0     44
12p_2Po            6.0    1086436.9299     0.8266   3.627E+03    45     0     45
12d_2De           10.0    1086570.0401     0.8226   3.645E+03    46     0     46
12z_2Z           270.0    1086574.1100     0.8224   3.645E+03    47     0     47
13___            338.0    1090632.8063     0.7008   4.278E+03    48     0     48
14___            392.0    1093852.8585     0.6042   4.962E+03    49     0     49
15___            450.0    1096450.6323     0.5264   5.696E+03    50     0     50
16___            512.0    1098576.7198     0.4626   6.480E+03    51     0     51
17___            578.0    1100338.7691     0.4098   7.316E+03    52     0     52
18___            648.0    1101815.3835     0.3655   8.202E+03    53     0     53
19___            722.0    1103065.0423     0.3281   9.138E+03    54     0     54
20___            800.0    1104131.9807     0.2961   1.013E+04    55     0     55
21___            882.0    1105050.1593     0.2685   1.116E+04    56     0     56
22___            968.0    1105846.0005     0.2447   1.225E+04    57     0     57
23___           1058.0    1106540.3105     0.2239   1.339E+04    58     0     58
24___           1152.0    1107149.6532     0.2056   1.458E+04    59     0     59
25___           1250.0    1107687.3476     0.1895   1.582E+04    60     0     60
26___           1352.0    1108164.2016     0.1752   1.711E+04    61     0     61
27___           1458.0    1108589.0593     0.1625   1.845E+04    62     0     62
28___           1568.0    1108969.2146     0.1511   1.985E+04    63     0     63
29___           1682.0    1109310.7256     0.1408   2.129E+04    64     0     64
30___           1800.0    1109618.6581     0.1316   2.278E+04    65     0     65
