********************************************************************************
                                                                                
                 Super levels for PSIX
	         E%LS=5.0                  
                                                                                
                                     g        E(cm^-1)    10^15 Hz     eV       
********************************************************************************
                                                                                
17-Oct-2000                                      !Format date                   
29-Sep-2020                            !Date
429                                    !Number of energy levels
6                                      !Entry number of link to super level
  
2s2_2p6_1Se[0]                       1.0          0.0000    53.2998   5.625E+01     1     0      1
2s2_2p5_3s_3Po[2]                    5.0    1089844.6000    20.6271   1.453E+02     2     0      2
2s2_2p5_3s_3Po[1]                    3.0    1093290.0000    20.5238   1.461E+02     2     0      3
2s2_2p5_3s_3Po[0]                    1.0    1097062.1000    20.4107   1.469E+02     2     0      4
2s2_2p5_3s_1Po[1]                    3.0    1103116.1000    20.2292   1.482E+02     3     0      5
2s2_2p5_3p_3Se[1]                    3.0    1171426.2000    18.1814   1.649E+02     4     0      6
2s2_2p5_3p_3De[3]                    7.0    1185452.0000    17.7609   1.688E+02     4     0      7
2s2_2p5_3p_3De[2]                    5.0    1186645.4000    17.7251   1.691E+02     4     0      8
2s2_2p5_3p_3De[1]                    3.0    1189314.2000    17.6451   1.699E+02     4     0      9
2s2_2p5_3p_1De[2]                    5.0    1193303.4000    17.5255   1.711E+02     5     0     10
2s2_2p5_3p_1Pe[1]                    3.0    1195616.4000    17.4562   1.717E+02     5     0     11
2s2_2p5_3p_3Pe[2]                    5.0    1197853.4000    17.3891   1.724E+02     4     0     12
2s2_2p5_3p_3Pe[0]                    1.0    1197983.4000    17.3852   1.724E+02     4     0     13
2s2_2p5_3p_3Pe[1]                    3.0    1198998.6000    17.3548   1.727E+02     4     0     14
2s2_2p5_3p_1Se[0]                    1.0    1242588.5000    16.0480   1.868E+02     5     0     15
2s2_2p5_3d_3Po[0]                    1.0    1305796.3000    14.1530   2.118E+02     6     0     16
2s2_2p5_3d_3Po[1]                    3.0    1306655.8000    14.1273   2.122E+02     6     0     17
2s2_2p5_3d_3Po[2]                    5.0    1308493.3000    14.0722   2.130E+02     6     0     18
2s2_2p5_3d_3Fo[4]                    9.0    1310890.6000    14.0003   2.141E+02     6     0     19
2s2_2p5_3d_3Fo[3]                    7.0    1312297.8000    13.9581   2.148E+02     6     0     20
2s2_2p5_3d_3Fo[2]                    5.0    1314860.0000    13.8813   2.160E+02     6     0     21
2s2_2p5_3d_1Fo[3]                    7.0    1316804.4000    13.8230   2.169E+02     7     0     22
2s2_2p5_3d_1Do[2]                    5.0    1321901.4000    13.6702   2.193E+02     7     0     23
2s2_2p5_3d_3Do[1]                    3.0    1322016.9000    13.6668   2.194E+02     6     0     24
2s2_2p5_3d_3Do[3]                    7.0    1322750.5000    13.6448   2.197E+02     6     0     25
2s2_2p5_3d_3Do[2]                    5.0    1323378.4000    13.6259   2.200E+02     6     0     26
2s2_2p5_3d_1Po[1]                    3.0    1334166.4000    13.3025   2.254E+02     7     0     27
2s2_2p5(2P<3/2>)4s_2{3/2}o[2]        5.0    1438153.5370    10.1851   2.943E+02     8     0     28
2s2_2p5(2P<3/2>)4s_2{3/2}o[1]        3.0    1439840.0000    10.1345   2.958E+02     8     0     29
2s2_2p5(2P<1/2>)4s_2{1/2}o[0]        1.0    1445566.1970     9.9628   3.009E+02     8     0     30
2s2_2p5(2P<1/2>)4s_2{1/2}o[1]        3.0    1446740.0000     9.9277   3.020E+02     8     0     31
2s2_2p5_4p_3Se[1]                    3.0    1469940.3650     9.2321   3.247E+02     9     0     32
2s2_2p5_4p_3De[3]                    7.0    1473826.6790     9.1156   3.289E+02     9     0     33
2s2_2p5_4p_3De[2]                    5.0    1474365.6970     9.0995   3.295E+02     9     0     34
2s2_2p5_4p_3De[1]                    3.0    1475493.1900     9.0657   3.307E+02     9     0     35
2s2_2p5_4p_1De[2]                    5.0    1476139.8040     9.0463   3.314E+02    10     0     36
2s2_2p5_4p_3Pe[0]                    1.0    1480386.4380     8.9190   3.361E+02     9     0     37
2s2_2p5_4p_1Pe[1]                    3.0    1481421.7170     8.8879   3.373E+02    10     0     38
2s2_2p5_4p_3Pe[1]                    3.0    1482242.7370     8.8633   3.382E+02     9     0     39
2s2_2p5_4p_3Pe[2]                    5.0    1482493.9230     8.8558   3.385E+02     9     0     40
2s2_2p5_4p_1Se[0]                    1.0    1499775.9780     8.3377   3.596E+02    10     0     41
2s2_2p5(2P<3/2>)4d_2{1/2}o[0]        1.0    1516131.2230     7.8474   3.820E+02    11     0     42
2s2_2p5(2P<3/2>)4d_2{1/2}o[1]        3.0    1516530.0000     7.8354   3.826E+02    11     0     43
2s2_2p5(2P<3/2>)4d_2{3/2}o[2]        5.0    1517883.6140     7.7948   3.846E+02    11     0     44
2s2_2p5_4d_3Fo[4]                    9.0    1518087.5290     7.7887   3.849E+02    12     0     45
2s2_2p5_4d_3Fo[3]                    7.0    1518813.6810     7.7669   3.860E+02    12     0     46
2s2_2p5(2P<1/2>)4d_2{3/2}o[2]        5.0    1520218.2500     7.7248   3.881E+02    11     0     47
2s2_2p5_4d_1Fo[3]                    7.0    1520700.1860     7.7104   3.888E+02    13     0     48
2s2_2p5(2P<3/2>)4d_2{3/2}o[1]        3.0    1523460.0000     7.6276   3.930E+02    11     0     49
2s2_2p5_4d_3Fo[2]                    5.0    1526132.8990     7.5475   3.972E+02    12     0     50
2s2_2p5_4d_3Do[2]                    5.0    1526591.7610     7.5338   3.979E+02    12     0     51
2s2_2p5_4d_3Do[3]                    7.0    1526656.7450     7.5318   3.980E+02    12     0     52
2s2_2p5(2P<3/2>)4f_2{3/2}e[1]        3.0    1529334.0000     7.4516   4.023E+02    14     0     53
2s2_2p5(2P<3/2>)4f_2{3/2}e[2]        5.0    1529450.0000     7.4481   4.025E+02    14     0     54
2s2_2p5(2P<3/2>)4f_2{9/2}e[5]       11.0    1529982.0000     7.4321   4.034E+02    14     0     55
2s2_2p5(2P<3/2>)4f_2{9/2}e[4]        9.0    1529999.0000     7.4316   4.034E+02    14     0     56
2s2_2p5(2P<3/2>)4f_2{5/2}e[3]        7.0    1530271.0000     7.4235   4.038E+02    14     0     57
2s2_2p5(2P<3/2>)4f_2{5/2}e[2]        5.0    1530389.0000     7.4199   4.040E+02    14     0     58
2s2_2p5(2P<3/2>)4f_2{7/2}e[3]        7.0    1530877.0000     7.4053   4.048E+02    14     0     59
2s2_2p5(2P<3/2>)4f_2{7/2}e[4]        9.0    1530893.0000     7.4048   4.049E+02    14     0     60
2s2_2p5(2P<1/2>)4d_2{3/2}o[1]        3.0    1531210.0000     7.3953   4.054E+02    11     0     61
2s2_2p5(2P<1/2>)4f_2{5/2}e[3]        7.0    1537573.0000     7.2046   4.161E+02    14     0     62
2s2_2p5(2P<1/2>)4f_2{7/2}e[3]        7.0    1537607.0000     7.2035   4.162E+02    14     0     63
2s2_2p5(2P<1/2>)4f_2{7/2}e[4]        9.0    1537631.0000     7.2028   4.162E+02    14     0     64
2s2_2p5(2P<1/2>)4f_2{5/2}e[2]        5.0    1537657.0000     7.2020   4.163E+02    14     0     65
2s_2p6_3s_3Se[1]                     3.0    1566539.0060     6.3362   4.731E+02    15     0     66
2s2_2p5_5s_3Po[2]                    5.0    1575065.9450     6.0805   4.930E+02    12     0     67
2s2_2p5(2P<3/2>)5s_2{3/2}o[1]        3.0    1576040.0000     6.0513   4.954E+02    11     0     68
2s2_2p5_5s_3Po[0]                    1.0    1582482.4750     5.8582   5.117E+02    12     0     69
2s2_2p5(2P<1/2>)5s_2{1/2}o[1]        3.0    1582860.0000     5.8469   5.127E+02    11     0     70
2s_2p6_3s_1Se[0]                     1.0    1583687.7090     5.8221   5.149E+02    16     0     71
2s2_2p5_5p_3De[3]                    7.0    1592531.2260     5.5569   5.395E+02    15     0     72
2s2_2p5_5p_1De[2]                    5.0    1592804.6880     5.5487   5.403E+02    16     0     73
2s2_2p5_5p_3Se[1]                    3.0    1592858.3450     5.5471   5.404E+02    15     0     74
2s2_2p5_5p_1Pe[1]                    3.0    1593336.5020     5.5328   5.418E+02    16     0     75
2s2_2p5_5p_3Pe[2]                    5.0    1593581.3290     5.5255   5.426E+02    15     0     76
2s2_2p5_5p_3Pe[0]                    1.0    1597790.9140     5.3993   5.552E+02    15     0     77
2s2_2p5_5p_3De[1]                    3.0    1599999.4760     5.3331   5.621E+02    15     0     78
2s2_2p5_5p_3De[2]                    5.0    1600493.9440     5.3182   5.637E+02    15     0     79
2s2_2p5_5p_3Pe[1]                    3.0    1600639.8890     5.3139   5.642E+02    15     0     80
2s2_2p5_5p_1Se[0]                    1.0    1610694.4980     5.0124   5.981E+02    16     0     81
2s2_2p5_5d_3Po[0]                    1.0    1612422.5950     4.9606   6.043E+02    17     0     82
2s2_2p5(2P<3/2>)5d_2{1/2}o[1]        3.0    1612777.0440     4.9500   6.056E+02    18     0     83
2s2_2p5_5d_3Fo[4]                    9.0    1613261.2700     4.9355   6.074E+02    17     0     84
2s2_2p5_5d_3Po[2]                    5.0    1613365.4970     4.9324   6.078E+02    17     0     85
2s2_2p5_5d_1Fo[3]                    7.0    1613644.1950     4.9240   6.088E+02    19     0     86
2s2_2p5_5d_1Do[2]                    5.0    1614257.7680     4.9056   6.111E+02    19     0     87
2s2_2p5_5d_3Do[3]                    7.0    1614444.5340     4.9000   6.118E+02    17     0     88
2s2_2p5(2P<3/2>)5d_2{3/2}o[1]        3.0    1616320.0000     4.8438   6.189E+02    18     0     89
2s2_2p5_5f_3De[1]                    3.0    1619236.2770     4.7563   6.303E+02    15     0     90
2s2_2p5_5f_3De[2]                    5.0    1619324.0230     4.7537   6.306E+02    15     0     91
2s2_2p5_5f_3Ge[5]                   11.0    1619628.3750     4.7446   6.319E+02    15     0     92
2s2_2p5_5f_1Ge[4]                    9.0    1619649.0940     4.7440   6.319E+02    16     0     93
2s2_2p5_5f_3Fe[3]                    7.0    1619710.9490     4.7421   6.322E+02    15     0     94
2s2_2p5_5f_1De[2]                    5.0    1619798.6460     4.7395   6.325E+02    16     0     95
2s2_2p5_5f_1Fe[3]                    7.0    1619996.7690     4.7335   6.333E+02    16     0     96
2s2_2p5_5f_3Fe[4]                    9.0    1620008.0290     4.7332   6.334E+02    15     0     97
2s2_2p5_5g_3Fo[2]                    5.0    1620247.6160     4.7260   6.343E+02    17     0     98
2s2_2p5_5g_3Fo[3]                    7.0    1620252.0700     4.7259   6.344E+02    17     0     99
2s2_2p5_5g_1Ho[5]                   11.0    1620329.8970     4.7236   6.347E+02    19     0    100
2s2_2p5_5g_3Ho[6]                   13.0    1620333.4270     4.7235   6.347E+02    17     0    101
2s2_2p5_5g_1Fo[3]                    7.0    1620429.5990     4.7206   6.351E+02    19     0    102
2s2_2p5_5g_3Go[4]                    9.0    1620432.7730     4.7205   6.351E+02    17     0    103
2s2_2p5_5g_1Go[4]                    9.0    1620500.0270     4.7185   6.354E+02    19     0    104
2s2_2p5_5g_3Go[5]                   11.0    1620503.8410     4.7183   6.354E+02    17     0    105
2s2_2p5_5d_3Fo[2]                    5.0    1620666.3690     4.7135   6.360E+02    17     0    106
2s2_2p5_5d_3Do[2]                    5.0    1620756.6310     4.7108   6.364E+02    17     0    107
2s2_2p5_5d_3Fo[3]                    7.0    1620960.2040     4.7047   6.372E+02    17     0    108
2s2_2p5(2P<1/2>)5d_2{3/2}o[1]        3.0    1622800.0000     4.6495   6.448E+02    18     0    109
2s2_2p5_5f_3De[3]                    7.0    1627105.3340     4.5204   6.632E+02    15     0    110
2s2_2p5_5f_3Fe[2]                    5.0    1627177.9710     4.5183   6.635E+02    15     0    111
2s2_2p5_5f_3Ge[3]                    7.0    1627202.5380     4.5175   6.636E+02    15     0    112
2s2_2p5_5f_3Ge[4]                    9.0    1627223.5030     4.5169   6.637E+02    15     0    113
2s2_2p5_5g_3Go[3]                    7.0    1627830.4570     4.4987   6.664E+02    17     0    114
2s2_2p5_5g_3Fo[4]                    9.0    1627833.6780     4.4986   6.664E+02    17     0    115
2s2_2p5_5g_3Ho[4]                    9.0    1627840.6020     4.4984   6.664E+02    17     0    116
2s2_2p5_5g_3Ho[5]                   11.0    1627844.8140     4.4983   6.665E+02    17     0    117
2s2_2p5_6s_3Po[2]                    5.0    1643295.9900     4.0351   7.430E+02    17     0    118
2s2_2p5(2P<3/2>)6s_2{3/2}o[1]        3.0    1643896.9250     4.0170   7.463E+02    18     0    119
2s2_2p5_6s_3Po[0]                    1.0    1650503.1660     3.8190   7.850E+02    17     0    120
2s2_2p5(2P<1/2>)6s_2{1/2}o[1]        3.0    1650930.0000     3.8062   7.876E+02    18     0    121
2s2_2p5_6p_3Se[1]                    3.0    1652808.5930     3.7499   7.995E+02    20     0    122
2s2_2p5_6p_3De[3]                    7.0    1653120.6970     3.7405   8.015E+02    20     0    123
2s2_2p5_6p_1De[2]                    5.0    1653274.3250     3.7359   8.025E+02    16     0    124
2s2_2p5_6p_1Pe[1]                    3.0    1653554.4200     3.7275   8.043E+02    16     0    125
2s2_2p5_6p_3Pe[2]                    5.0    1653687.4400     3.7235   8.051E+02    20     0    126
2s2_2p5_6p_3Pe[0]                    1.0    1656875.2220     3.6280   8.263E+02    20     0    127
2s2_2p5_6p_3De[1]                    3.0    1660566.4740     3.5173   8.523E+02    20     0    128
2s2_2p5_6p_3Pe[1]                    3.0    1660772.7670     3.5111   8.538E+02    20     0    129
2s2_2p5_6p_3De[2]                    5.0    1660836.5380     3.5092   8.543E+02    20     0    130
2s_2p6_3p_3Po[0]                     1.0    1662040.9270     3.4731   8.632E+02    17     0    131
2s_2p6_3p_3Po[1]                     3.0    1662275.7350     3.4661   8.649E+02    17     0    132
2s_2p6_3p_3Po[2]                     5.0    1662852.4080     3.4488   8.693E+02    17     0    133
2s2_2p5_6d_3Po[0]                    1.0    1664754.0630     3.3918   8.839E+02    17     0    134
2s2_2p5(2P<3/2>)6d_2{1/2}o[1]        3.0    1664908.5190     3.3871   8.851E+02    18     0    135
2s2_2p5_6p_1Se[0]                    1.0    1664935.8200     3.3863   8.853E+02    21     0    136
2s2_2p5_6d_3Fo[4]                    9.0    1665018.2470     3.3838   8.860E+02    17     0    137
2s2_2p5_6d_1Fo[3]                    7.0    1665241.7460     3.3771   8.877E+02    19     0    138
2s2_2p5_6d_3Do[2]                    5.0    1665253.9070     3.3768   8.878E+02    17     0    139
2s2_2p5_6d_1Do[2]                    5.0    1665583.6640     3.3669   8.904E+02    19     0    140
2s2_2p5_6d_3Do[3]                    7.0    1665680.1530     3.3640   8.912E+02    17     0    141
2s2_2p5(2P<3/2>)6d_2{3/2}o[1]        3.0    1666220.0000     3.3478   8.955E+02    18     0    142
2s2_2p5_6f_3De[1]                    3.0    1668012.5450     3.2941   9.101E+02    20     0    143
2s2_2p5_6f_3De[2]                    5.0    1668076.1070     3.2922   9.106E+02    20     0    144
2s2_2p5_6f_3Ge[5]                   11.0    1668288.9630     3.2858   9.124E+02    20     0    145
2s2_2p5_6f_1Ge[4]                    9.0    1668303.8920     3.2853   9.125E+02    21     0    146
2s2_2p5_6f_3Fe[3]                    7.0    1668320.8960     3.2848   9.127E+02    20     0    147
2s2_2p5_6f_1De[2]                    5.0    1668386.3490     3.2829   9.132E+02    21     0    148
2s2_2p5_6f_1Fe[3]                    7.0    1668505.8530     3.2793   9.142E+02    21     0    149
2s2_2p5_6f_3Fe[4]                    9.0    1668512.8570     3.2791   9.143E+02    20     0    150
2s2_2p5_6g_3Fo[2]                    5.0    1668625.1540     3.2757   9.152E+02    17     0    151
2s2_2p5_6g_3Fo[3]                    7.0    1668628.2720     3.2756   9.152E+02    17     0    152
2s2_2p5_6g_1Ho[5]                   11.0    1668675.3360     3.2742   9.156E+02    19     0    153
2s2_2p5_6g_3Ho[6]                   13.0    1668677.0990     3.2742   9.156E+02    17     0    154
2s2_2p5_6g_1Fo[3]                    7.0    1668733.1450     3.2725   9.161E+02    19     0    155
2s2_2p5_6g_3Go[4]                    9.0    1668734.5460     3.2724   9.161E+02    17     0    156
2s2_2p5_6g_1Go[4]                    9.0    1668774.2200     3.2712   9.164E+02    19     0    157
2s2_2p5_6g_3Go[5]                   11.0    1668776.3840     3.2712   9.165E+02    17     0    158
2s2_2p5_6h_3Ge[3]                    7.0    1668782.7500     3.2710   9.165E+02    20     0    159
2s2_2p5_6h_3Ge[4]                    9.0    1668784.3620     3.2709   9.165E+02    20     0    160
2s2_2p5_6h_1Ie[6]                   13.0    1668797.9450     3.2705   9.166E+02    21     0    161
2s2_2p5_6h_3Ie[7]                   15.0    1668799.5620     3.2705   9.167E+02    20     0    162
2s2_2p5_6h_1Ge[4]                    9.0    1668836.7020     3.2694   9.170E+02    21     0    163
2s2_2p5_6h_3He[5]                   11.0    1668838.2330     3.2693   9.170E+02    20     0    164
2s2_2p5_6h_1He[5]                   11.0    1668852.0580     3.2689   9.171E+02    21     0    165
2s2_2p5_6h_3He[6]                   13.0    1668853.6140     3.2689   9.171E+02    20     0    166
2s_2p6_3p_1Po[1]                     3.0    1669433.1810     3.2515   9.220E+02    19     0    167
2s2_2p5_6d_3Fo[2]                    5.0    1672261.7550     3.1667   9.467E+02    17     0    168
2s2_2p5_6d_3Po[2]                    5.0    1672320.8930     3.1649   9.472E+02    17     0    169
2s2_2p5_6d_3Fo[3]                    7.0    1672430.5610     3.1616   9.482E+02    17     0    170
2s2_2p5(2P<1/2>)6d_2{3/2}o[1]        3.0    1672940.0000     3.1464   9.528E+02    18     0    171
2s2_2p5_6f_3De[3]                    7.0    1675717.5760     3.0631   9.787E+02    20     0    172
2s2_2p5_6f_3Fe[2]                    5.0    1675776.2770     3.0613   9.793E+02    20     0    173
2s2_2p5_6f_3Ge[3]                    7.0    1675808.4440     3.0604   9.796E+02    20     0    174
2s2_2p5_6f_3Ge[4]                    9.0    1675822.3640     3.0599   9.797E+02    20     0    175
2s2_2p5_6g_3Go[3]                    7.0    1676151.3420     3.0501   9.829E+02    17     0    176
2s2_2p5_6g_3Fo[4]                    9.0    1676152.7670     3.0500   9.829E+02    17     0    177
2s2_2p5_6g_3Ho[4]                    9.0    1676158.7970     3.0499   9.830E+02    17     0    178
2s2_2p5_6g_3Ho[5]                   11.0    1676161.2650     3.0498   9.830E+02    17     0    179
2s2_2p5_6h_3Ie[5]                   11.0    1676266.1180     3.0466   9.840E+02    20     0    180
2s2_2p5_6h_3He[4]                    9.0    1676266.3070     3.0466   9.840E+02    20     0    181
2s2_2p5_6h_3Ie[6]                   13.0    1676267.7660     3.0466   9.840E+02    20     0    182
2s2_2p5_6h_3Ge[5]                   11.0    1676267.9460     3.0466   9.840E+02    20     0    183
2s2_2p5_7s_3Po[2]                    5.0    1682893.6680     2.8479   1.053E+03    17     0    184
2s2_2p5_7s_1Po[1]                    3.0    1683044.6140     2.8434   1.054E+03    19     0    185
2s2_2p5_7p_3Se[1]                    3.0    1688046.4400     2.6935   1.113E+03    20     0    186
2s2_2p5_7p_3De[3]                    7.0    1688252.7770     2.6873   1.116E+03    20     0    187
2s2_2p5_7p_1De[2]                    5.0    1688346.9450     2.6845   1.117E+03    21     0    188
2s2_2p5_7p_1Pe[1]                    3.0    1688515.4550     2.6794   1.119E+03    21     0    189
2s2_2p5_7p_3Pe[2]                    5.0    1688594.1080     2.6771   1.120E+03    20     0    190
2s2_2p5_7s_3Po[0]                    1.0    1690284.0340     2.6264   1.141E+03    17     0    191
2s2_2p5_7s_3Po[1]                    3.0    1690372.5800     2.6237   1.143E+03    17     0    192
2s2_2p5_7p_3Pe[0]                    1.0    1691090.9770     2.6022   1.152E+03    20     0    193
2s2_2p5_7d_3Po[0]                    1.0    1694198.4650     2.5090   1.195E+03    22     0    194
2s2_2p5_7d_3Po[1]                    3.0    1694345.5500     2.5046   1.197E+03    22     0    195
2s2_2p5_7d_3Fo[4]                    9.0    1694453.8360     2.5014   1.199E+03    22     0    196
2s2_2p5_7d_3Do[2]                    5.0    1694544.5910     2.4987   1.200E+03    22     0    197
2s2_2p5_7d_1Fo[3]                    7.0    1694594.6820     2.4972   1.201E+03    23     0    198
2s2_2p5_7d_1Do[2]                    5.0    1694804.4610     2.4909   1.204E+03    23     0    199
2s2_2p5_7d_3Do[3]                    7.0    1694861.2710     2.4892   1.204E+03    22     0    200
2s2_2p5_7p_3De[1]                    3.0    1695691.9260     2.4643   1.217E+03    20     0    201
2s2_2p5_7p_3Pe[1]                    3.0    1695801.8190     2.4610   1.218E+03    20     0    202
2s2_2p5_7d_1Po[1]                    3.0    1695836.1060     2.4599   1.219E+03    23     0    203
2s2_2p5_7p_3De[2]                    5.0    1695856.1300     2.4593   1.219E+03    20     0    204
2s2_2p5_7f_3De[1]                    3.0    1697397.5950     2.4131   1.242E+03    20     0    205
2s2_2p5_7f_3De[2]                    5.0    1697443.8070     2.4117   1.243E+03    20     0    206
2s2_2p5_7f_3Ge[5]                   11.0    1697601.3670     2.4070   1.245E+03    20     0    207
2s2_2p5_7f_3Fe[3]                    7.0    1697609.7490     2.4068   1.246E+03    20     0    208
2s2_2p5_7f_1Ge[4]                    9.0    1697611.7280     2.4067   1.246E+03    21     0    209
2s2_2p5_7f_1De[2]                    5.0    1697658.5490     2.4053   1.246E+03    21     0    210
2s2_2p5_7f_1Fe[3]                    7.0    1697739.2380     2.4029   1.248E+03    21     0    211
2s2_2p5_7f_3Fe[4]                    9.0    1697743.9570     2.4027   1.248E+03    20     0    212
2s2_2p5_7g_3Fo[2]                    5.0    1697805.9360     2.4009   1.249E+03    22     0    213
2s2_2p5_7g_3Fo[3]                    7.0    1697808.0490     2.4008   1.249E+03    22     0    214
2s2_2p5_7g_1Ho[5]                   11.0    1697838.6830     2.3999   1.249E+03    23     0    215
2s2_2p5_7g_3Ho[6]                   13.0    1697839.6490     2.3999   1.249E+03    22     0    216
2s2_2p5_7g_1Fo[3]                    7.0    1697875.1040     2.3988   1.250E+03    23     0    217
2s2_2p5_7g_3Go[4]                    9.0    1697875.8120     2.3988   1.250E+03    22     0    218
2s2_2p5_7g_1Go[4]                    9.0    1697901.1660     2.3980   1.250E+03    23     0    219
2s2_2p5_7g_3Go[5]                   11.0    1697902.4860     2.3980   1.250E+03    22     0    220
2s2_2p5_7h_3Ge[3]                    7.0    1697910.2120     2.3978   1.250E+03    20     0    221
2s2_2p5_7h_3Ge[4]                    9.0    1697911.2910     2.3977   1.250E+03    20     0    222
2s2_2p5_7h_1Ie[6]                   13.0    1697919.7810     2.3975   1.250E+03    21     0    223
2s2_2p5_7h_3Ie[7]                   15.0    1697920.8500     2.3974   1.250E+03    20     0    224
2s2_2p5_5i_3Ho[4]                    9.0    1697931.7340     2.3971   1.251E+03    22     0    225
2s2_2p5_5i_3Ho[5]                   11.0    1697932.3700     2.3971   1.251E+03    22     0    226
2s2_2p5_5i_1Ko[7]                   15.0    1697936.5960     2.3970   1.251E+03    23     0    227
2s2_2p5_5i_3Ko[8]                   17.0    1697937.2370     2.3970   1.251E+03    22     0    228
2s2_2p5_7h_1Ge[4]                    9.0    1697944.2730     2.3967   1.251E+03    21     0    229
2s2_2p5_7h_3He[5]                   11.0    1697945.2910     2.3967   1.251E+03    20     0    230
2s2_2p5_5i_1Ho[5]                   11.0    1697952.3450     2.3965   1.251E+03    23     0    231
2s2_2p5_5i_3Io[6]                   13.0    1697952.9630     2.3965   1.251E+03    22     0    232
2s2_2p5_7h_1He[5]                   11.0    1697953.9100     2.3965   1.251E+03    21     0    233
2s2_2p5_7h_3He[6]                   13.0    1697954.9490     2.3964   1.251E+03    20     0    234
2s2_2p5_5i_1Io[6]                   13.0    1697957.2320     2.3964   1.251E+03    23     0    235
2s2_2p5_5i_3Io[7]                   15.0    1697957.8550     2.3963   1.251E+03    22     0    236
2s2_2p5_7p_1Se[0]                    1.0    1698053.7330     2.3935   1.253E+03    21     0    237
2s2_2p5_7d_3Fo[2]                    5.0    1701999.7120     2.2752   1.318E+03    22     0    238
2s2_2p5_7d_3Po[2]                    5.0    1702016.3730     2.2747   1.318E+03    22     0    239
2s2_2p5_7d_3Fo[3]                    7.0    1702104.7360     2.2720   1.320E+03    22     0    240
2s2_2p5(2P<1/2>)7d_2{3/2}o[1]        3.0    1702790.0000     2.2515   1.332E+03    24     0    241
2s2_2p5_7f_3De[3]                    7.0    1705013.0370     2.1848   1.372E+03    20     0    242
2s2_2p5_7f_3Fe[2]                    5.0    1705059.3680     2.1834   1.373E+03    20     0    243
2s2_2p5_7f_3Ge[3]                    7.0    1705093.5200     2.1824   1.374E+03    20     0    244
2s2_2p5_7f_3Ge[4]                    9.0    1705103.1150     2.1821   1.374E+03    20     0    245
2s2_2p5_7g_3Go[3]                    7.0    1705303.2280     2.1761   1.378E+03    22     0    246
2s2_2p5_7g_3Fo[4]                    9.0    1705303.9020     2.1761   1.378E+03    22     0    247
2s2_2p5_7g_3Ho[4]                    9.0    1705308.5560     2.1760   1.378E+03    22     0    248
2s2_2p5_7g_3Ho[5]                   11.0    1705310.0950     2.1759   1.378E+03    22     0    249
2s2_2p5_7h_3Ie[5]                   11.0    1705380.1420     2.1738   1.379E+03    20     0    250
2s2_2p5_7h_3He[4]                    9.0    1705380.2410     2.1738   1.379E+03    20     0    251
2s2_2p5_7h_3Ie[6]                   13.0    1705381.2470     2.1738   1.379E+03    20     0    252
2s2_2p5_7h_3Ge[5]                   11.0    1705381.3310     2.1738   1.379E+03    20     0    253
2s2_2p5_5i_3Ko[6]                   13.0    1705392.0670     2.1735   1.379E+03    22     0    254
2s2_2p5_5i_3Io[5]                   11.0    1705392.0930     2.1735   1.379E+03    22     0    255
2s2_2p5_5i_3Ko[7]                   15.0    1705392.7170     2.1734   1.379E+03    22     0    256
2s2_2p5_5i_3Ho[6]                   13.0    1705392.7440     2.1734   1.379E+03    22     0    257
2s2_2p5_8s_3Po[2]                    5.0    1706884.5250     2.1287   1.408E+03    22     0    258
2s2_2p5_8s_1Po[1]                    3.0    1707027.8600     2.1244   1.411E+03    23     0    259
2s2_2p5_8p_3Se[1]                    3.0    1710309.1000     2.0261   1.480E+03    20     0    260
2s2_2p5_8p_3De[3]                    7.0    1710441.2400     2.0221   1.483E+03    20     0    261
2s2_2p5_8p_1De[2]                    5.0    1710502.9990     2.0202   1.484E+03    21     0    262
2s2_2p5_8p_1Pe[1]                    3.0    1710612.4620     2.0170   1.486E+03    21     0    263
2s2_2p5_8p_3Pe[2]                    5.0    1710662.7940     2.0155   1.487E+03    20     0    264
2s2_2p5_8p_3Pe[0]                    1.0    1712698.3240     1.9544   1.534E+03    20     0    265
2s2_2p5_8d_3Po[0]                    1.0    1714226.8790     1.9086   1.571E+03    22     0    266
2s2_2p5_8s_3Po[1]                    3.0    1714309.6750     1.9061   1.573E+03    22     0    267
2s2_2p5_8s_3Po[0]                    1.0    1714389.3610     1.9037   1.575E+03    22     0    268
2s2_2p5_8d_3Po[1]                    3.0    1714458.9850     1.9016   1.576E+03    22     0    269
2s2_2p5_8d_3Fo[4]                    9.0    1714463.9740     1.9015   1.577E+03    22     0    270
2s2_2p5_8d_3Do[2]                    5.0    1714529.1860     1.8995   1.578E+03    22     0    271
2s2_2p5_8d_1Fo[3]                    7.0    1714557.9530     1.8987   1.579E+03    23     0    272
2s2_2p5_8d_1Do[2]                    5.0    1714695.9070     1.8945   1.582E+03    23     0    273
2s2_2p5_8d_3Do[3]                    7.0    1714732.5380     1.8934   1.583E+03    22     0    274
2s2_2p5(2P<3/2>)8d_2{3/2}o[1]        3.0    1715440.0000     1.8722   1.601E+03    24     0    275
2s2_2p5_8f_3De[1]                    3.0    1716445.1100     1.8421   1.627E+03    20     0    276
2s2_2p5_8f_3De[2]                    5.0    1716482.6560     1.8410   1.628E+03    20     0    277
2s2_2p5_8f_3Fe[3]                    7.0    1716607.7290     1.8372   1.632E+03    20     0    278
2s2_2p5_8f_3Ge[5]                   11.0    1716610.1830     1.8372   1.632E+03    20     0    279
2s2_2p5_8f_1Ge[4]                    9.0    1716617.5850     1.8369   1.632E+03    21     0    280
2s2_2p5_8f_1De[2]                    5.0    1716644.8060     1.8361   1.633E+03    21     0    281
2s2_2p5_8f_1Fe[3]                    7.0    1716703.2570     1.8344   1.634E+03    21     0    282
2s2_2p5_8f_3Fe[4]                    9.0    1716706.4930     1.8343   1.634E+03    20     0    283
2s2_2p5_8g_3Fo[2]                    5.0    1716744.0620     1.8331   1.635E+03    22     0    284
2s2_2p5_8g_3Fo[3]                    7.0    1716745.5810     1.8331   1.635E+03    22     0    285
2s2_2p5_8g_1Ho[5]                   11.0    1716766.5210     1.8325   1.636E+03    23     0    286
2s2_2p5_8g_3Ho[6]                   13.0    1716767.1260     1.8324   1.636E+03    22     0    287
2s2_2p5_8g_1Fo[3]                    7.0    1716790.9740     1.8317   1.637E+03    23     0    288
2s2_2p5_8g_3Go[4]                    9.0    1716791.3860     1.8317   1.637E+03    22     0    289
2s2_2p5_8g_1Go[4]                    9.0    1716808.5180     1.8312   1.637E+03    23     0    290
2s2_2p5_8g_3Go[5]                   11.0    1716809.4060     1.8312   1.637E+03    22     0    291
2s2_2p5_8h_3Ge[3]                    7.0    1716815.9140     1.8310   1.637E+03    20     0    292
2s2_2p5_8h_3Ge[4]                    9.0    1716816.4600     1.8310   1.637E+03    20     0    293
2s2_2p5_8h_1Ie[6]                   13.0    1716822.3130     1.8308   1.638E+03    21     0    294
2s2_2p5_8h_3Ie[7]                   15.0    1716822.8420     1.8308   1.638E+03    20     0    295
2s2_2p5_6i_3Ho[4]                    9.0    1716832.3670     1.8305   1.638E+03    22     0    296
2s2_2p5_6i_3Ho[5]                   11.0    1716833.0030     1.8305   1.638E+03    22     0    297
2s2_2p5_6i_1Ko[7]                   15.0    1716835.6240     1.8304   1.638E+03    23     0    298
2s2_2p5_6i_3Ko[8]                   17.0    1716836.2640     1.8304   1.638E+03    22     0    299
2s2_2p5_8k_3Ie[5]                   11.0    1716836.5750     1.8304   1.638E+03    20     0    300
2s2_2p5_8k_3Ie[6]                   13.0    1716837.3130     1.8303   1.638E+03    20     0    301
2s2_2p5_8k_1Le[8]                   17.0    1716838.4050     1.8303   1.638E+03    21     0    302
2s2_2p5_8h_1Ge[4]                    9.0    1716838.7670     1.8303   1.638E+03    21     0    303
2s2_2p5_8k_3Le[9]                   19.0    1716839.1470     1.8303   1.638E+03    20     0    304
2s2_2p5_8h_3He[5]                   11.0    1716839.2730     1.8303   1.638E+03    20     0    305
2s2_2p5_8h_1He[5]                   11.0    1716845.2030     1.8301   1.638E+03    21     0    306
2s2_2p5_8k_1Ie[6]                   13.0    1716845.5660     1.8301   1.638E+03    21     0    307
2s2_2p5_8h_3He[6]                   13.0    1716845.7240     1.8301   1.638E+03    20     0    308
2s2_2p5_6i_1Ho[5]                   11.0    1716846.1940     1.8301   1.638E+03    23     0    309
2s2_2p5_8k_3Ke[7]                   15.0    1716846.2820     1.8301   1.638E+03    20     0    310
2s2_2p5_6i_3Io[6]                   13.0    1716846.8100     1.8301   1.638E+03    22     0    311
2s2_2p5_8k_1Ke[7]                   15.0    1716847.4060     1.8300   1.638E+03    21     0    312
2s2_2p5_8k_3Ke[8]                   17.0    1716848.1260     1.8300   1.638E+03    20     0    313
2s2_2p5_6i_1Io[6]                   13.0    1716849.4660     1.8300   1.638E+03    23     0    314
2s2_2p5_6i_3Io[7]                   15.0    1716850.0870     1.8300   1.638E+03    22     0    315
2s2_2p5_8p_3De[1]                    3.0    1717887.4850     1.7989   1.667E+03    20     0    316
2s2_2p5_8p_3Pe[1]                    3.0    1717948.5320     1.7970   1.668E+03    20     0    317
2s2_2p5_8p_3De[2]                    5.0    1717992.1710     1.7957   1.669E+03    20     0    318
2s2_2p5_8p_1Se[0]                    1.0    1719342.0110     1.7553   1.708E+03    21     0    319
2s2_2p5_8d_3Fo[2]                    5.0    1721974.2470     1.6763   1.788E+03    22     0    320
2s2_2p5_8d_3Po[2]                    5.0    1721981.0920     1.6761   1.789E+03    22     0    321
2s2_2p5_8d_3Fo[3]                    7.0    1722043.8930     1.6743   1.791E+03    22     0    322
2s2_2p5_8d_3Do[1]                    3.0    1722455.2760     1.6619   1.804E+03    22     0    323
2s2_2p5_9s_3Po[2]                    5.0    1722895.1890     1.6487   1.818E+03    22     0    324
2s2_2p5_9s_1Po[1]                    3.0    1723028.7080     1.6447   1.823E+03    23     0    325
2s2_2p5_8f_3De[3]                    7.0    1724015.6440     1.6151   1.856E+03    20     0    326
2s2_2p5_8f_3Fe[2]                    5.0    1724053.3270     1.6140   1.857E+03    20     0    327
2s2_2p5_8f_3Ge[3]                    7.0    1724087.3260     1.6130   1.859E+03    20     0    328
2s2_2p5_8f_3Ge[4]                    9.0    1724094.0560     1.6128   1.859E+03    20     0    329
2s2_2p5_8g_3Go[3]                    7.0    1724224.9790     1.6089   1.863E+03    22     0    330
2s2_2p5_8g_3Fo[4]                    9.0    1724225.3530     1.6089   1.863E+03    22     0    331
2s2_2p5_8g_3Ho[4]                    9.0    1724228.8440     1.6088   1.864E+03    22     0    332
2s2_2p5_8g_3Ho[5]                   11.0    1724229.8950     1.6087   1.864E+03    22     0    333
2s2_2p5_8h_3Ie[5]                   11.0    1724278.3130     1.6073   1.865E+03    20     0    334
2s2_2p5_8h_3He[4]                    9.0    1724278.3760     1.6073   1.865E+03    20     0    335
2s2_2p5_8h_3Ie[6]                   13.0    1724278.8680     1.6073   1.865E+03    20     0    336
2s2_2p5_8h_3Ge[5]                   11.0    1724278.9160     1.6072   1.865E+03    20     0    337
2s2_2p5_6i_3Ko[6]                   13.0    1724288.3560     1.6070   1.866E+03    22     0    338
2s2_2p5_6i_3Io[5]                   11.0    1724288.3710     1.6070   1.866E+03    22     0    339
2s2_2p5_6i_3Ko[7]                   15.0    1724289.0060     1.6069   1.866E+03    22     0    340
2s2_2p5_6i_3Ho[6]                   13.0    1724289.0220     1.6069   1.866E+03    22     0    341
2s2_2p5_8k_3Le[7]                   15.0    1724289.3020     1.6069   1.866E+03    20     0    342
2s2_2p5_8k_3Ke[6]                   13.0    1724289.3080     1.6069   1.866E+03    20     0    343
2s2_2p5_8k_3Le[8]                   17.0    1724290.0530     1.6069   1.866E+03    20     0    344
2s2_2p5_8k_3Ie[7]                   15.0    1724290.0570     1.6069   1.866E+03    20     0    345
2s2_2p5_9p_3Se[1]                    3.0    1725264.9290     1.5777   1.900E+03    20     0    346
2s2_2p5_9p_3De[3]                    7.0    1725351.7600     1.5751   1.903E+03    20     0    347
2s2_2p5_9p_1De[2]                    5.0    1725393.5850     1.5738   1.905E+03    21     0    348
2s2_2p5_9p_1Pe[1]                    3.0    1725468.4200     1.5716   1.908E+03    21     0    349
2s2_2p5_9p_3Pe[2]                    5.0    1725502.5710     1.5706   1.909E+03    20     0    350
2s2_2p5_9p_3Pe[0]                    1.0    1727447.4150     1.5123   1.982E+03    20     0    351
2s2_2p5_9d_3Po[0]                    1.0    1728507.9550     1.4805   2.025E+03    22     0    352
2s2_2p5_9d_3Po[1]                    3.0    1728580.5400     1.4783   2.028E+03    22     0    353
2s2_2p5_9d_3Fo[4]                    9.0    1728623.8750     1.4770   2.030E+03    22     0    354
2s2_2p5_9d_3Po[2]                    5.0    1728672.8210     1.4755   2.032E+03    22     0    355
2s2_2p5_9d_1Fo[3]                    7.0    1728689.5140     1.4750   2.032E+03    23     0    356
2s2_2p5_9d_1Do[2]                    5.0    1728785.2200     1.4722   2.036E+03    23     0    357
2s2_2p5_9d_3Do[3]                    7.0    1728810.1570     1.4714   2.037E+03    22     0    358
2s2_2p5_9d_1Po[1]                    3.0    1729337.3040     1.4556   2.060E+03    23     0    359
2s2_2p5_9f_3De[1]                    3.0    1729505.7860     1.4506   2.067E+03    25     0    360
2s2_2p5_9f_3De[2]                    5.0    1729534.3750     1.4497   2.068E+03    25     0    361
2s2_2p5_9f_3Fe[3]                    7.0    1729628.2530     1.4469   2.072E+03    25     0    362
2s2_2p5_9f_3Ge[5]                   11.0    1729634.8590     1.4467   2.072E+03    25     0    363
2s2_2p5_9f_1Ge[4]                    9.0    1729640.2030     1.4465   2.073E+03    21     0    364
2s2_2p5_9f_1De[2]                    5.0    1729656.5320     1.4460   2.073E+03    21     0    365
2s2_2p5_9f_1Fe[3]                    7.0    1729700.6900     1.4447   2.075E+03    21     0    366
2s2_2p5_9f_3Fe[4]                    9.0    1729703.0520     1.4446   2.075E+03    25     0    367
2s2_2p5_9g_3Fo[2]                    5.0    1729727.4950     1.4439   2.076E+03    22     0    368
2s2_2p5_9g_3Fo[3]                    7.0    1729728.4570     1.4439   2.076E+03    22     0    369
2s2_2p5_9g_1Ho[5]                   11.0    1729743.4990     1.4434   2.077E+03    23     0    370
2s2_2p5_9g_3Ho[6]                   13.0    1729743.7210     1.4434   2.077E+03    22     0    371
2s2_2p5_9g_1Fo[3]                    7.0    1729760.7620     1.4429   2.078E+03    23     0    372
2s2_2p5_9g_3Go[4]                    9.0    1729760.8490     1.4429   2.078E+03    22     0    373
2s2_2p5_9g_1Go[4]                    9.0    1729773.0980     1.4425   2.078E+03    23     0    374
2s2_2p5_9g_3Go[5]                   11.0    1729773.5610     1.4425   2.078E+03    22     0    375
2s2_2p5_9h_3Ge[3]                    7.0    1729778.1500     1.4424   2.078E+03    25     0    376
2s2_2p5_9h_3Ge[4]                    9.0    1729778.6960     1.4424   2.078E+03    25     0    377
2s2_2p5_9h_1Ie[6]                   13.0    1729782.6300     1.4423   2.079E+03    21     0    378
2s2_2p5_9h_3Ie[7]                   15.0    1729783.1690     1.4422   2.079E+03    25     0    379
2s2_2p5_7i_3Ho[4]                    9.0    1729790.1920     1.4420   2.079E+03    22     0    380
2s2_2p5_7i_3Ho[5]                   11.0    1729790.8270     1.4420   2.079E+03    22     0    381
2s2_2p5_7i_1Ko[7]                   15.0    1729792.4760     1.4420   2.079E+03    23     0    382
2s2_2p5_7i_3Ko[8]                   17.0    1729793.1170     1.4419   2.079E+03    22     0    383
2s2_2p5_9k_3Ie[5]                   11.0    1729793.5190     1.4419   2.079E+03    25     0    384
2s2_2p5_9k_3Ie[6]                   13.0    1729793.5191     1.4419   2.079E+03    25     0    385
2s2_2p5_9h_1Ge[4]                    9.0    1729794.2340     1.4419   2.079E+03    21     0    386
2s2_2p5_9h_3He[5]                   11.0    1729794.7390     1.4419   2.079E+03    25     0    387
2s2_2p5_9k_3Le[9]                   19.0    1729794.7970     1.4419   2.079E+03    25     0    388
2s2_2p5_9k_1Le[8]                   17.0    1729794.7980     1.4419   2.079E+03    21     0    389
2s2_2p5_9h_1He[5]                   11.0    1729798.7440     1.4418   2.079E+03    21     0    390
2s2_2p5_9h_3He[6]                   13.0    1729799.2620     1.4418   2.079E+03    25     0    391
2s2_2p5_9k_1Ie[6]                   13.0    1729799.8330     1.4417   2.079E+03    21     0    392
2s2_2p5_9k_3Ke[7]                   15.0    1729799.8331     1.4417   2.079E+03    25     0    393
2s2_2p5_7i_1Ho[5]                   11.0    1729799.9080     1.4417   2.079E+03    23     0    394
2s2_2p5_7i_3Io[6]                   13.0    1729800.5220     1.4417   2.079E+03    22     0    395
2s2_2p5_9k_1Ke[7]                   15.0    1729801.1180     1.4417   2.079E+03    21     0    396
2s2_2p5_9k_3Ke[8]                   17.0    1729801.1181     1.4417   2.079E+03    25     0    397
2s2_2p5_7i_1Io[6]                   13.0    1729802.2040     1.4417   2.079E+03    23     0    398
2s2_2p5_7i_3Io[7]                   15.0    1729802.8240     1.4416   2.080E+03    22     0    399
2s2_2p5_9s_3Po[0]                    1.0    1730337.6940     1.4256   2.103E+03    22     0    400
2s2_2p5_9s_3Po[1]                    3.0    1730404.5080     1.4236   2.106E+03    22     0    401
2s2_2p5_9p_3De[1]                    3.0    1732795.3430     1.3519   2.218E+03    20     0    402
2s2_2p5_9p_3Pe[1]                    3.0    1732839.9770     1.3506   2.220E+03    20     0    403
2s2_2p5_9p_3De[2]                    5.0    1732867.6410     1.3498   2.221E+03    20     0    404
2s2_2p5_9p_1Se[0]                    1.0    1734180.9240     1.3104   2.288E+03    21     0    405
2s2_2p5_9d_3Fo[2]                    5.0    1736114.6670     1.2524   2.394E+03    22     0    406
2s2_2p5_9d_b3Po[2]                   5.0    1736121.9790     1.2522   2.394E+03    22     0    407
2s2_2p5_9d_3Fo[3]                    7.0    1736163.0550     1.2510   2.396E+03    22     0    408
2s2_2p5_9d_3Do[1]                    3.0    1736503.8780     1.2408   2.416E+03    22     0    409
2s2_2p5_9f_3De[3]                    7.0    1737044.0570     1.2246   2.448E+03    25     0    410
2s2_2p5_9f_3Fe[2]                    5.0    1737073.2160     1.2237   2.450E+03    25     0    411
2s2_2p5_9f_3Ge[3]                    7.0    1737103.2430     1.2228   2.452E+03    25     0    412
2s2_2p5_9f_3Ge[4]                    9.0    1737108.1590     1.2226   2.452E+03    25     0    413
2s2_2p5_9g_3Go[3]                    7.0    1737198.5770     1.2199   2.457E+03    22     0    414
2s2_2p5_9g_3Fo[4]                    9.0    1737198.6120     1.2199   2.457E+03    22     0    415
2s2_2p5_9g_3Ho[4]                    9.0    1737201.3390     1.2198   2.458E+03    22     0    416
2s2_2p5_9g_3Ho[5]                   11.0    1737201.9140     1.2198   2.458E+03    22     0    417
2s2_2p5_9h_3Ie[5]                   11.0    1737236.0220     1.2188   2.460E+03    25     0    418
2s2_2p5_9h_3He[4]                    9.0    1737236.0790     1.2188   2.460E+03    25     0    419
2s2_2p5_9h_3Ie[6]                   13.0    1737236.5720     1.2188   2.460E+03    25     0    420
2s2_2p5_9h_3Ge[5]                   11.0    1737236.6190     1.2188   2.460E+03    25     0    421
2s2_2p5_7i_3Ko[6]                   13.0    1737243.5580     1.2186   2.460E+03    22     0    422
2s2_2p5_7i_3Io[5]                   11.0    1737243.5710     1.2186   2.460E+03    22     0    423
2s2_2p5_7i_3Ko[7]                   15.0    1737244.2070     1.2186   2.460E+03    22     0    424
2s2_2p5_7i_3Ho[6]                   13.0    1737244.2220     1.2186   2.460E+03    22     0    425
2s2_2p5_9k_3Le[7]                   15.0    1737244.6020     1.2185   2.460E+03    25     0    426
2s2_2p5_9k_3Le[8]                   17.0    1737244.6030     1.2185   2.460E+03    25     0    427
2s2_2p5_9k_3Ke[6]                   13.0    1737244.6070     1.2185   2.460E+03    25     0    428
2s2_2p5_9k_3Ie[7]                   15.0    1737244.6071     1.2185   2.460E+03    25     0    429
