                                                                                
********************************************************************************
                                                                                
                 Super level assignments for KVIII                
                 E%LS=5.0
                                                           
********************************************************************************
                                                                                
20-Dec-2019                            !Date
174                                    !Number of energy levels
6                                      !Entry number of link to super level
  
3s2_1Se[0]           1.0          0.0000    37.4471   8.006E+01     1     0      1
3s_3p_3Po[0]         1.0     134819.1518    33.4053   8.974E+01     2     0      2
3s_3p_3Po[1]         3.0     135778.2415    33.3765   8.982E+01     2     0      3
3s_3p_3Po[2]         5.0     137793.7802    33.3161   8.998E+01     2     0      4
3s_3p_1Po[1]         3.0     204092.6233    31.3285   9.569E+01     3     0      5
3p2_1De[2]           5.0     317989.1891    27.9140   1.074E+02     4     0      6
3p2_3Pe[0]           1.0     324485.3714    27.7192   1.082E+02     5     0      7
3p2_3Pe[1]           3.0     325336.6062    27.6937   1.083E+02     5     0      8
3p2_3Pe[2]           5.0     327508.1917    27.6286   1.085E+02     5     0      9
3p2_1Se[0]           1.0     381404.9523    26.0128   1.152E+02     6     0     10
3s_3d_3De[1]         3.0     390453.8628    25.7416   1.165E+02     7     0     11
3s_3d_3De[2]         5.0     390499.1606    25.7402   1.165E+02     7     0     12
3s_3d_3De[3]         7.0     390556.7014    25.7385   1.165E+02     7     0     13
3s_3d_1De[2]         5.0     447114.0653    24.0429   1.247E+02     8     0     14
3p_3d_3Fo[2]         5.0     537832.6298    21.3233   1.406E+02     9     0     15
3p_3d_3Fo[3]         7.0     539034.2245    21.2872   1.408E+02     9     0     16
3p_3d_3Fo[4]         9.0     540558.0592    21.2416   1.411E+02     9     0     17
3p_3d_1Do[2]         5.0     545874.3255    21.0822   1.422E+02    10     0     18
3p_3d_3Po[2]         5.0     574575.8005    20.2217   1.483E+02    11     0     19
3p_3d_3Do[2]         5.0     577321.5150    20.1394   1.489E+02    11     0     20
3p_3d_3Do[3]         7.0     577470.6205    20.1349   1.489E+02    11     0     21
3p_3d_3Do[1]         3.0     577706.7076    20.1279   1.489E+02    11     0     22
3p_3d_1Fo[3]         7.0     621993.8884    18.8002   1.595E+02    12     0     23
3s_4s_3Se[1]         3.0     625204.9708    18.7039   1.603E+02    13     0     24
3p_3d_1Po            3.0     630873.2611    18.5340   1.618E+02    12     0     25
3s_4s_1Se[0]         1.0     643707.6328    18.1492   1.652E+02    14     0     26
3s_4p_3Po            9.0     692621.3860    16.6828   1.797E+02    15     0     27
3s_4p_1Po[1]         3.0     694887.4527    16.6149   1.804E+02    16     0     28
3s_4d_3De[1]         3.0     776405.9328    14.1710   2.116E+02    17     0     29
3s_4d_3De[2]         5.0     776443.7844    14.1699   2.116E+02    17     0     30
3s_4d_3De[3]         7.0     776524.5347    14.1675   2.116E+02    17     0     31
3s_4d_1De[2]         5.0     777272.7600    14.1450   2.119E+02    18     0     32
3d2_3Fe             21.0     800296.0463    13.4548   2.228E+02    17     0     33
3p_4s_3Po            9.0     808332.1256    13.2139   2.269E+02    19     0     34
3s_4f_3Fo[2]         5.0     808578.4255    13.2065   2.270E+02    19     0     35
3s_4f_3Fo[4]         9.0     808617.6340    13.2053   2.270E+02    19     0     36
3s_4f_3Fo[3]         7.0     808625.2227    13.2051   2.270E+02    19     0     37
3d2_1Ge              9.0     813316.9661    13.0644   2.295E+02    18     0     38
3p_4s_1Po            3.0     816976.7566    12.9547   2.314E+02    20     0     39
3s_4f_1Fo[3]         7.0     817972.7980    12.9249   2.320E+02    20     0     40
3d2_1De              5.0     819178.1994    12.8887   2.326E+02    21     0     41
3d2_3Pe              9.0     824334.9700    12.7341   2.354E+02    22     0     42
3p_4p_1Pe            3.0     860117.3462    11.6614   2.571E+02    21     0     43
3p_4p_3De           15.0     866843.6942    11.4598   2.616E+02    23     0     44
3d2_1Se              1.0     869956.7632    11.3664   2.638E+02    24     0     45
3p_4p_3Pe            9.0     874792.3864    11.2215   2.672E+02    23     0     46
3s_5s_3Se[1]         3.0     879163.3383    11.0904   2.703E+02    23     0     47
3s_5s_1Se            1.0     882501.8512    10.9903   2.728E+02    24     0     48
3p_4p_3Se            3.0     884532.7392    10.9295   2.743E+02    23     0     49
3p_4p_1De            5.0     885486.9806    10.9008   2.750E+02    24     0     50
3s_5p_3Po            9.0     910770.2884    10.1429   2.956E+02    25     0     51
3s_5p_1Po[1]         3.0     912417.3666    10.0935   2.970E+02    26     0     52
3p_4p_1Se            1.0     913949.8885    10.0475   2.984E+02    27     0     53
3p_4d_1Do            5.0     951317.6236     8.9273   3.358E+02    26     0     54
3s_5d_3De[1]         3.0     951327.3351     8.9270   3.358E+02    28     0     55
3s_5d_3De[3]         7.0     951333.7267     8.9268   3.358E+02    28     0     56
3s_5d_3De[2]         5.0     951346.5100     8.9264   3.358E+02    28     0     57
3p_4d_3Do           15.0     951838.8269     8.9117   3.364E+02    25     0     58
3s_5d_1De[2]         5.0     952135.2627     8.9028   3.367E+02    27     0     59
3p_4d_3Fo           21.0     956236.4808     8.7798   3.415E+02    25     0     60
3p_4d_1Fo            7.0     956885.0150     8.7604   3.422E+02    26     0     61
3s_5g_3Ge           27.0     962224.7180     8.6003   3.486E+02    28     0     62
3s_5g_1Ge            9.0     964208.5354     8.5408   3.510E+02    29     0     63
3p_4d_3Po            9.0     964464.2430     8.5332   3.513E+02    30     0     64
3s_5f_3Fo[4]         9.0     966725.8707     8.4654   3.541E+02    30     0     65
3p_4d_1Po            3.0     968894.2709     8.4004   3.569E+02    31     0     66
3s_5f_1Fo            7.0     969967.6164     8.3682   3.583E+02    31     0     67
3p_4f_1Fe            7.0     978833.9942     8.1024   3.700E+02    29     0     68
3p_4f_3Fe           21.0     983612.2755     7.9591   3.767E+02    28     0     69
3p_4f_3Ge[4]         9.0     985965.6231     7.8886   3.800E+02    28     0     70
3p_4f_3Ge[5]        11.0     986670.5172     7.8674   3.811E+02    28     0     71
3p_4f_3De           15.0     993197.0500     7.6718   3.908E+02    28     0     72
3p_4f_1De            5.0    1003041.1355     7.3767   4.064E+02    29     0     73
3s_6s_3Se[1]         3.0    1004642.2441     7.3287   4.091E+02    32     0     74
3p_4f_1Ge            9.0    1006190.8863     7.2822   4.117E+02    29     0     75
3s_6s_1Se            1.0    1007135.6967     7.2539   4.133E+02    29     0     76
3s_6p_3Po            9.0    1021855.0533     6.8126   4.401E+02    33     0     77
3s_6p_1Po[1]         3.0    1022013.1410     6.8079   4.404E+02    34     0     78
3s_6d_1De            5.0    1042390.2972     6.1970   4.838E+02    35     0     79
3s_6d_3De[1]         3.0    1043583.0867     6.1612   4.866E+02    32     0     80
3s_6d_3De[2]         5.0    1043610.1138     6.1604   4.866E+02    32     0     81
3s_6d_3De[3]         7.0    1043629.4189     6.1599   4.867E+02    32     0     82
3s_6f_3Fo[4]         9.0    1052914.4574     5.8815   5.097E+02    33     0     83
3s_6f_1Fo            7.0    1053771.3853     5.8558   5.120E+02    34     0     84
3d_4s_3De           15.0    1054049.4698     5.8475   5.127E+02    32     0     85
3s_6g_3Ge           27.0    1055138.5783     5.8148   5.156E+02    36     0     86
3s_6g_1Ge            9.0    1056307.9771     5.7798   5.187E+02    35     0     87
3d_4s_1De            5.0    1059257.7899     5.6913   5.268E+02    35     0     88
3p_5s_3Po            9.0    1064231.2075     5.5422   5.409E+02    33     0     89
3p_5s_1Po            3.0    1065933.4266     5.4912   5.460E+02    34     0     90
3s_7s_3Se[1]         3.0    1076145.4704     5.1850   5.782E+02    36     0     91
3s_7s_1Se            1.0    1076197.7989     5.1835   5.784E+02    35     0     92
3s_7p_3Po            9.0    1085834.5567     4.8946   6.125E+02    37     0     93
3s_7p_1Po[1]         3.0    1086709.8754     4.8683   6.158E+02    38     0     94
3p_5p_1Pe            3.0    1090219.7178     4.7631   6.294E+02    35     0     95
3s_7d_3De[2]         5.0    1092228.8783     4.7029   6.375E+02    36     0     96
3p_5p_3De           15.0    1092847.3324     4.6843   6.400E+02    36     0     97
3s_7d_3De[3]         7.0    1093144.6209     4.6754   6.412E+02    36     0     98
3p_5p_3Pe            9.0    1094703.5634     4.6287   6.477E+02    36     0     99
3s_7d_1De            5.0    1096286.2916     4.5812   6.544E+02    39     0    100
3p_5p_3Se            3.0    1097659.0016     4.5401   6.603E+02    36     0    101
3s_7f_1Fo            7.0    1104811.4862     4.3257   6.931E+02    38     0    102
3s_7f_3Fo[4]         9.0    1104960.4210     4.3212   6.938E+02    37     0    103
3p_5p_1De            5.0    1105507.3345     4.3048   6.964E+02    39     0    104
3p_5p_1Se            1.0    1105678.7058     4.2997   6.972E+02    39     0    105
3s_7g_1Ge            9.0    1105939.6606     4.2918   6.985E+02    39     0    106
3s_7g_3Ge[5]        11.0    1106161.4314     4.2852   6.996E+02    36     0    107
3d_4p_1Do            5.0    1110368.8601     4.1591   7.208E+02    38     0    108
3d_4p_3Do           15.0    1111636.4611     4.1211   7.275E+02    37     0    109
3d_4p_3Fo           21.0    1116193.5071     3.9844   7.524E+02    37     0    110
3p_5d_1Fo            7.0    1118206.2027     3.9241   7.640E+02    38     0    111
3s_8s_3Se            3.0    1119533.0002     3.8843   7.718E+02    40     0    112
3s_8s_1Se            1.0    1120703.9622     3.8492   7.788E+02    39     0    113
3d_4p_3Po            9.0    1123915.8421     3.7529   7.988E+02    37     0    114
3d_4p_1Po            3.0    1124054.9406     3.7488   7.997E+02    38     0    115
3s_8p_1Po            3.0    1125943.9599     3.6921   8.120E+02    38     0    116
3s_8p_3Po            9.0    1126037.5721     3.6893   8.126E+02    37     0    117
3p_5d_1Do            5.0    1132144.5523     3.5062   8.550E+02    38     0    118
3p_5d_3Fo           21.0    1134872.4930     3.4245   8.754E+02    37     0    119
3s_8d_3De[2]         5.0    1135031.1601     3.4197   8.767E+02    40     0    120
3s_8d_3De[3]         7.0    1135101.1198     3.4176   8.772E+02    40     0    121
3s_8d_1De            5.0    1135241.9833     3.4134   8.783E+02    39     0    122
3p_5d_3Do           15.0    1135451.4519     3.4071   8.799E+02    37     0    123
3s_8f_1Fo            7.0    1138299.7614     3.3217   9.025E+02    38     0    124
3s_8g_3Ge           27.0    1138330.9940     3.3208   9.028E+02    40     0    125
3s_8g_1Ge            9.0    1138410.3743     3.3184   9.034E+02    39     0    126
3p_5d_3Po            9.0    1138420.7852     3.3181   9.035E+02    37     0    127
3s_8f_3Fo[4]         9.0    1138753.7608     3.3081   9.062E+02    37     0    128
3p_5f_1Fe            7.0    1145974.4907     3.0916   9.697E+02    39     0    129
3d_4p_1Fo            7.0    1146641.1519     3.0716   9.760E+02    41     0    130
3p_5f_3Fe           21.0    1147551.3536     3.0444   9.847E+02    40     0    131
3p_5f_3Ge           27.0    1148288.4118     3.0223   9.919E+02    40     0    132
3s_9s_3Se            3.0    1148492.8688     3.0161   9.940E+02    40     0    133
3s_9s_1Se            1.0    1149022.9050     3.0002   9.992E+02    39     0    134
3p_5d_1Po            3.0    1149300.3035     2.9919   1.002E+03    41     0    135
3p_5g_1Go            9.0    1149672.7822     2.9808   1.006E+03    41     0    136
3p_5g_3Go           27.0    1149697.5272     2.9800   1.006E+03    42     0    137
3p_5f_3De           15.0    1151833.6115     2.9160   1.028E+03    40     0    138
3s_9p_3Po            9.0    1153179.2520     2.8756   1.043E+03    42     0    139
3p_5f_1Ge            9.0    1154364.7734     2.8401   1.056E+03    43     0    140
3s_9p_1Po            3.0    1154796.0147     2.8272   1.060E+03    41     0    141
3p_5g_3Fo           21.0    1155240.2995     2.8138   1.065E+03    42     0    142
3p_5g_1Fo            7.0    1155728.8978     2.7992   1.071E+03    41     0    143
3p_5f_1De            5.0    1155779.7134     2.7977   1.072E+03    43     0    144
3s_9d_3De           15.0    1159362.0059     2.6903   1.114E+03    40     0    145
3s_9d_1De            5.0    1159767.3357     2.6781   1.119E+03    43     0    146
3s_9f_3Fo[4]         9.0    1161951.3826     2.6126   1.147E+03    42     0    147
3s_9f_1Fo            7.0    1162387.2758     2.5996   1.153E+03    41     0    148
3s_9g_3Ge           27.0    1162683.1902     2.5907   1.157E+03    40     0    149
3s_9g_1Ge            9.0    1163911.2375     2.5539   1.174E+03    43     0    150
3s_10s_3Se           3.0    1168773.6441     2.4081   1.245E+03    40     0    151
3s_10s_1Se           1.0    1169104.9084     2.3982   1.250E+03    43     0    152
3s_10p_3Po           9.0    1172065.7589     2.3094   1.298E+03    42     0    153
3s_10p_1Po           3.0    1172168.8132     2.3063   1.300E+03    41     0    154
3s_10d_3De          15.0    1176475.5890     2.1772   1.377E+03    44     0    155
3s_10d_1De           5.0    1176560.4075     2.1747   1.379E+03    43     0    156
3s_10f_3Fo[4]        9.0    1178520.4159     2.1159   1.417E+03    42     0    157
3s_10f_1Fo           7.0    1178669.2793     2.1115   1.420E+03    41     0    158
3d_4d_1Fe            7.0    1190004.6838     1.7716   1.692E+03    43     0    159
3d_4d_1Pe            3.0    1195977.6700     1.5926   1.882E+03    43     0    160
3p_6p_1Pe            3.0    1204629.4193     1.3332   2.249E+03    43     0    161
3p_6p_3Pe            9.0    1205625.7781     1.3033   2.300E+03    44     0    162
3d_4d_3Fe           21.0    1207898.5757     1.2352   2.427E+03    44     0    163
3d_4f_1Go            9.0    1218525.9689     0.9166   3.271E+03    45     0    164
3d_4d_3Pe            9.0    1221399.0833     0.8305   3.610E+03    44     0    165
3p_6d_1Do            5.0    1226335.1416     0.6825   4.393E+03    45     0    166
3p_6d_3Do           15.0    1227198.1466     0.6566   4.566E+03    46     0    167
3p_6g_3Go           27.0    1231587.3277     0.5250   5.710E+03    46     0    168
3d_4f_1Do            5.0    1231664.6198     0.5227   5.735E+03    45     0    169
3p_6f_1Fe            7.0    1235147.0916     0.4183   7.167E+03    47     0    170
3p_6f_3Fe           21.0    1236221.6158     0.3861   7.765E+03    48     0    171
3p_6g_1Go            9.0    1238618.6268     0.3142   9.541E+03    45     0    172
3d_4f_3Do           15.0    1240719.7850     0.2512   1.193E+04    46     0    173
3d_4f_3Go           27.0    1243044.1372     0.1816   1.651E+04    46     0    174
