                                                                                
********************************************************************************
                                                                                
                 Super level assignments for KX              
                 E%LS=2
                                                                                
********************************************************************************
                                                                                
20-Dec-2019                            !Date
247                                    !Number of energy levels
6                                      !Entry number of link to super level
  
2s2_2p6_1Se[0]           1.0          0.0000   121.7877   2.462E+01     1     0      1
2s2_2p5_3s_3Po[2]        5.0    2380726.7331    50.4153   5.946E+01     2     0      2
2s2_2p5_3s_3Po[1]        3.0    2388615.3509    50.1788   5.974E+01     2     0      3
2s2_2p5_3s_3Po[0]        1.0    2402263.6585    49.7696   6.024E+01     2     0      4
2s2_2p5_3s_1Po[1]        3.0    2410956.0836    49.5090   6.055E+01     3     0      5
2s2_2p5_3p_3Se[1]        3.0    2528233.4108    45.9932   6.518E+01     4     0      6
2s2_2p5_3p_3De[3]        7.0    2553057.0553    45.2490   6.625E+01     4     0      7
2s2_2p5_3p_3De[2]        5.0    2554204.1481    45.2146   6.630E+01     4     0      8
2s2_2p5_3p_3De[1]        3.0    2561200.3402    45.0048   6.661E+01     4     0      9
2s2_2p5_3p_3Pe[2]        5.0    2567798.8640    44.8070   6.691E+01     5     0     10
2s2_2p5_3p_1Pe[1]        3.0    2576181.4312    44.5557   6.728E+01     6     0     11
2s2_2p5_3p_3Pe[0]        1.0    2579638.5993    44.4521   6.744E+01     5     0     12
2s2_2p5_3p_1De[2]        5.0    2583273.0020    44.3431   6.761E+01     6     0     13
2s2_2p5_3p_3Pe[1]        3.0    2584307.4876    44.3121   6.765E+01     5     0     14
2s2_2p5_3p_1Se           1.0    2682898.0574    41.3564   7.249E+01     7     0     15
2s2_2p5_3d_3Po[0]        1.0    2769437.7459    38.7620   7.734E+01     8     0     16
2s2_2p5_3d_3Po[1]        3.0    2771903.5987    38.6881   7.749E+01     8     0     17
2s2_2p5_3d_3Po[2]        5.0    2776860.9905    38.5395   7.779E+01     8     0     18
2s2_2p5_3d_3Fo[4]        9.0    2780767.5132    38.4224   7.803E+01     8     0     19
2s2_2p5_3d_3Fo[3]        7.0    2784348.0167    38.3150   7.824E+01     8     0     20
2s2_2p5_3d_3Fo[2]        5.0    2785556.4710    38.2788   7.832E+01     8     0     21
2s2_2p5_3d_1Fo[3]        7.0    2795123.4764    37.9920   7.891E+01     9     0     22
2s2_2p5_3d_3Do[1]        3.0    2807541.4039    37.6197   7.969E+01     8     0     23
2s2_2p5_3d_1Do[2]        5.0    2809239.9626    37.5688   7.980E+01     9     0     24
2s2_2p5_3d_3Do[3]        7.0    2812170.5454    37.4809   7.999E+01     8     0     25
2s2_2p5_3d_3Do[2]        5.0    2812454.6650    37.4724   8.000E+01     8     0     26
2s2_2p5_3d_1Po[1]        3.0    2843985.9946    36.5271   8.207E+01     9     0     27
2s_2p6_3s_3Se            3.0    3116797.1140    28.3485   1.058E+02    10     0     28
2s_2p6_3s_1Se            1.0    3151008.7574    27.3228   1.097E+02    11     0     29
2s2_2p5_4s_3Po[2]        5.0    3195776.8058    25.9807   1.154E+02    12     0     30
2s2_2p5_4s_1Po[1]        3.0    3199391.1491    25.8724   1.159E+02    13     0     31
2s2_2p5_4s_3Po[1]        3.0    3219876.5880    25.2582   1.187E+02    12     0     32
2s2_2p5_4s_3Po[0]        1.0    3232051.9157    24.8932   1.204E+02    12     0     33
2s2_2p5_4p_3Se[1]        3.0    3261782.3774    24.0019   1.249E+02    14     0     34
2s2_2p5_4p_3De[1]        3.0    3266424.1565    23.8628   1.256E+02    14     0     35
2s2_2p5_4p_3De[2]        5.0    3267142.9946    23.8412   1.257E+02    14     0     36
2s2_2p5_4p_3De[3]        7.0    3268732.9978    23.7935   1.260E+02    14     0     37
2s2_2p5_4p_1Pe[1]        3.0    3268824.3786    23.7908   1.260E+02    15     0     38
2s2_2p5_4p_3Pe[2]        5.0    3271748.6381    23.7031   1.265E+02    14     0     39
2s2_2p5_4p_3Pe[1]        3.0    3275404.1646    23.5935   1.271E+02    14     0     40
2s2_2p5_4p_1De           5.0    3276245.6548    23.5683   1.272E+02    15     0     41
2s2_2p5_4p_3Pe[0]        1.0    3277719.4477    23.5241   1.274E+02    14     0     42
2s_2p6_3p_3Po            9.0    3289904.2716    23.1588   1.295E+02    16     0     43
2s_2p6_3p_1Po[1]         3.0    3304936.8716    22.7082   1.320E+02    17     0     44
2s2_2p5_4p_1Se           1.0    3314410.5361    22.4242   1.337E+02    15     0     45
2s2_2p5_4d_3Po[0]        1.0    3343206.1346    21.5609   1.390E+02    16     0     46
2s2_2p5_4d_3Po[1]        3.0    3344572.4774    21.5199   1.393E+02    16     0     47
2s2_2p5_4d_3Fo[4]        9.0    3346683.0505    21.4567   1.397E+02    18     0     48
2s2_2p5_4d_3Po[2]        5.0    3347097.8540    21.4442   1.398E+02    16     0     49
2s2_2p5_4d_3Fo[3]        7.0    3348488.6868    21.4025   1.401E+02    18     0     50
2s2_2p5_4d_3Do[3]        7.0    3352588.1723    21.2796   1.409E+02    18     0     51
2s2_2p5_4d_1Fo           7.0    3358728.9383    21.0955   1.421E+02    17     0     52
2s2_2p5_4d_1Do           5.0    3359903.9457    21.0603   1.423E+02    17     0     53
2s2_2p5_4d_3Do[1]        3.0    3360409.6988    21.0451   1.425E+02    18     0     54
2s2_2p5_4d_3Fo[2]        5.0    3370197.2034    20.7517   1.445E+02    18     0     55
2s2_2p5_4d_3Do[2]        5.0    3371295.6521    20.7188   1.447E+02    18     0     56
2s2_2p5_4f_3De[1]        3.0    3373809.9551    20.6434   1.452E+02    19     0     57
2s2_2p5_4f_3De[2]        5.0    3374395.8273    20.6258   1.453E+02    19     0     58
2s2_2p5_4f_3De[3]        7.0    3376959.0859    20.5490   1.459E+02    19     0     59
2s2_2p5_4f_3Ge[5]       11.0    3377227.6242    20.5410   1.459E+02    19     0     60
2s2_2p5_4f_1Ge[4]        9.0    3377300.8621    20.5388   1.460E+02    20     0     61
2s2_2p5_4f_1De[2]        5.0    3377703.6722    20.5267   1.461E+02    20     0     62
2s2_2p5_4f_1Fe[3]        7.0    3379437.0073    20.4747   1.464E+02    20     0     63
2s2_2p5_4d_1Po[1]        3.0    3383733.9424    20.3459   1.473E+02    21     0     64
2s2_2p5_4f_3Fe          21.0    3385917.5046    20.2804   1.478E+02    19     0     65
2s2_2p5_4f_3Ge[4]        9.0    3387823.6425    20.2233   1.482E+02    19     0     66
2s2_2p5_4f_3Ge[3]        7.0    3400033.3690    19.8573   1.510E+02    19     0     67
2p6_3d_3De              15.0    3511443.2516    16.5173   1.815E+02    22     0     68
2s_2p6_3d_1De            5.0    3529869.0446    15.9649   1.878E+02    23     0     69
2s2_2p5_5s_3Po[0]        1.0    3534162.4889    15.8362   1.893E+02    24     0     70
2s2_2p5_5s_3Po[1]        3.0    3534774.4107    15.8178   1.895E+02    24     0     71
2s2_2p5_5s_3Po[2]        5.0    3535386.3386    15.7995   1.897E+02    24     0     72
2s2_2p5_5s_1Po           3.0    3543646.5391    15.5518   1.928E+02    25     0     73
2s2_2p5_5p_3Se           3.0    3568877.0290    14.7954   2.026E+02    22     0     74
2s2_2p5_5p_3De          15.0    3572912.9463    14.6745   2.043E+02    22     0     75
2s2_2p5_5p_1Pe           3.0    3574712.1778    14.6205   2.050E+02    23     0     76
2s2_2p5_5p_3Pe           9.0    3574797.2786    14.6180   2.051E+02    22     0     77
2s2_2p5_5p_1De           5.0    3575003.9511    14.6118   2.052E+02    23     0     78
2s2_2p5_5p_1Se           1.0    3591868.3678    14.1062   2.125E+02    23     0     79
2s2_2p5_5d_3Po[0]        1.0    3605456.6116    13.6988   2.188E+02    26     0     80
2s2_2p5_5d_3Po[1]        3.0    3606351.0807    13.6720   2.193E+02    26     0     81
2s2_2p5_5d_3Fo[4]        9.0    3607306.8295    13.6434   2.197E+02    26     0     82
2s2_2p5_5d_3Po[2]        5.0    3607686.6826    13.6320   2.199E+02    26     0     83
2s2_2p5_5d_3Fo[3]        7.0    3608446.3960    13.6092   2.203E+02    26     0     84
2s2_2p5_5d_3Fo[2]        5.0    3608936.5387    13.5945   2.205E+02    26     0     85
2s2_2p5_5d_1Do[2]        5.0    3609585.9840    13.5750   2.208E+02    25     0     86
2s2_2p5_5d_3Do[3]        7.0    3610210.9286    13.5563   2.211E+02    26     0     87
2s2_2p5_5d_3Do[2]        5.0    3612661.7543    13.4828   2.224E+02    26     0     88
2s2_2p5_5d_1Fo           7.0    3614162.9233    13.4378   2.231E+02    25     0     89
2s2_2p5_5d_3Do[1]        3.0    3615186.2092    13.4071   2.236E+02    26     0     90
2s2_2p5_5f_3Ge[5]       11.0    3622993.0824    13.1731   2.276E+02    27     0     91
2s2_2p5_5f_1Ge[4]        9.0    3623042.1083    13.1716   2.276E+02    28     0     92
2s2_2p5_5f_3De[1]        3.0    3624108.4327    13.1397   2.282E+02    27     0     93
2s2_2p5_5f_3Fe[2]        5.0    3624145.2028    13.1385   2.282E+02    27     0     94
2s2_2p5_5f_3Fe[3]        7.0    3624145.2028    13.1385   2.282E+02    27     0     95
2s2_2p5_5f_3Fe[4]        9.0    3624145.2028    13.1385   2.282E+02    27     0     96
2s2_2p5_5f_3De[2]        5.0    3624206.4864    13.1367   2.282E+02    27     0     97
2s2_2p5_5f_1Fe[3]        7.0    3624365.8241    13.1319   2.283E+02    28     0     98
2s2_2p5_5f_1De[2]        5.0    3624990.9223    13.1132   2.286E+02    28     0     99
2s2_2p5_5g_3Fo          21.0    3628044.9413    13.0216   2.302E+02    26     0    100
2s2_2p5_5g_1Fo           7.0    3628057.1093    13.0213   2.302E+02    29     0    101
2s2_2p5_5g_3Go          27.0    3628373.4766    13.0118   2.304E+02    26     0    102
2s2_2p5_5g_1Go           9.0    3628373.4766    13.0118   2.304E+02    29     0    103
2s2_2p5_5d_1Po[1]        3.0    3635741.1753    12.7909   2.344E+02    29     0    104
2s2_2p5_5f_3Ge[4]        9.0    3644985.2314    12.5138   2.396E+02    27     0    105
2s2_2p5_5f_3Ge[3]        7.0    3645426.6277    12.5005   2.398E+02    27     0    106
2s2_2p5_5f_3De[3]        7.0    3645487.9330    12.4987   2.399E+02    27     0    107
2s2_2p5_6s_3Po           9.0    3711526.1745    10.5189   2.850E+02    30     0    108
2s2_2p5_6s_1Po           3.0    3712854.3337    10.4791   2.861E+02    31     0    109
2s2_2p5_6p_3Se           3.0    3726807.8620    10.0608   2.980E+02    32     0    110
2s2_2p5_6p_3De          15.0    3729062.6648     9.9932   3.000E+02    32     0    111
2s2_2p5_6p_1De           5.0    3730208.3808     9.9589   3.010E+02    33     0    112
2s2_2p5_6p_1Pe           3.0    3730269.3242     9.9570   3.011E+02    33     0    113
2s2_2p5_6p_3Pe           9.0    3730318.0777     9.9556   3.011E+02    32     0    114
2s2_2p5_6p_1Se           1.0    3739606.5094     9.6771   3.098E+02    33     0    115
2s2_2p5_6d_3Po           9.0    3749993.6927     9.3657   3.201E+02    30     0    116
2s2_2p5_6d_3Fo          21.0    3750969.1067     9.3365   3.211E+02    30     0    117
2s2_2p5_6d_1Fo           7.0    3752310.3258     9.2963   3.225E+02    31     0    118
2s2_2p5_6d_1Do           5.0    3752590.7673     9.2878   3.228E+02    31     0    119
2s2_2p5_6d_3Do[1]        3.0    3752781.8619     9.2821   3.230E+02    30     0    120
2s2_2p5_6d_3Do[2]        5.0    3754010.1640     9.2453   3.243E+02    30     0    121
2s2_2p5_6d_3Do[3]        7.0    3755238.4911     9.2085   3.256E+02    30     0    122
2s2_2p5_6f_3Ge[5]       11.0    3757019.6098     9.1551   3.275E+02    32     0    123
2s2_2p5_6f_1Ge[4]        9.0    3757093.3124     9.1529   3.275E+02    33     0    124
2s2_2p5_6f_3Fe[2]        5.0    3757351.2722     9.1451   3.278E+02    32     0    125
2s2_2p5_6f_3Fe[3]        7.0    3757474.1106     9.1414   3.279E+02    32     0    126
2s2_2p5_6f_3Fe[4]        9.0    3757596.9492     9.1378   3.281E+02    32     0    127
2s2_2p5_6f_1De           5.0    3760138.7674     9.0616   3.308E+02    33     0    128
2s2_2p5_6g_3Fo          21.0    3760394.8558     9.0539   3.311E+02    30     0    129
2s2_2p5_6g_1Fo           7.0    3760407.0505     9.0535   3.311E+02    31     0    130
2s2_2p5_6f_1Fe           7.0    3760468.0232     9.0517   3.312E+02    33     0    131
2s2_2p5_6h_1Ge           9.0    3760553.3867     9.0491   3.313E+02    33     0    132
2s2_2p5_6h_3Ge          27.0    3760553.3867     9.0491   3.313E+02    32     0    133
2s2_2p5_6g_3Go          27.0    3760687.5284     9.0451   3.314E+02    30     0    134
2s2_2p5_6g_1Go           9.0    3760687.5284     9.0451   3.314E+02    31     0    135
2s2_2p5_6f_3Ge[4]        9.0    3769710.0641     8.7746   3.417E+02    32     0    136
2s2_2p5_6d_1Po[1]        3.0    3773445.2261     8.6626   3.461E+02    31     0    137
2s2_2p5_6f_3De[3]        7.0    3779687.3934     8.4755   3.537E+02    32     0    138
2s2_2p5_6f_3De[2]        5.0    3779810.2771     8.4718   3.539E+02    32     0    139
2s2_2p5_6f_3De[1]        3.0    3779871.7191     8.4700   3.539E+02    32     0    140
2s2_2p5_6f_3Ge[3]        7.0    3780768.7792     8.4431   3.551E+02    32     0    141
2s2_2p5_7s_3Po           9.0    3810145.2030     7.5624   3.964E+02    34     0    142
2s2_2p5_7s_1Po           3.0    3810975.1291     7.5375   3.977E+02    35     0    143
2s2_2p5_7p_3Se           3.0    3819397.0812     7.2850   4.115E+02    36     0    144
2s2_2p5_7p_3De          15.0    3820935.1286     7.2389   4.141E+02    36     0    145
2s2_2p5_7p_1De           5.0    3821643.1325     7.2177   4.154E+02    37     0    146
2s2_2p5_7p_1Pe           3.0    3821691.9610     7.2162   4.154E+02    37     0    147
2s2_2p5_7p_3Pe           9.0    3821716.3740     7.2155   4.155E+02    36     0    148
2s2_2p5_7p_1Se           1.0    3827319.6664     7.0475   4.254E+02    37     0    149
2s2_2p5_7d_3Po           9.0    3833814.7621     6.8528   4.375E+02    34     0    150
2s2_2p5_7d_3Fo          21.0    3834425.2390     6.8345   4.386E+02    34     0    151
2s2_2p5_7d_1Fo           7.0    3835267.7077     6.8093   4.403E+02    35     0    152
2s2_2p5_7d_1Do           5.0    3835438.6449     6.8041   4.406E+02    35     0    153
2s2_2p5_7d_3Do          15.0    3835463.0647     6.8034   4.407E+02    34     0    154
2s2_2p5_7d_1Po           3.0    3838796.4360     6.7035   4.472E+02    35     0    155
2s2_2p5_7f_3Ge          27.0    3839883.1786     6.6709   4.494E+02    36     0    156
2s2_2p5_7f_3De          15.0    3839932.0218     6.6694   4.495E+02    36     0    157
2s2_2p5_7f_1Ge           9.0    3839980.8638     6.6680   4.496E+02    37     0    158
2s2_2p5_7f_1De           5.0    3840176.2359     6.6621   4.500E+02    37     0    159
2s2_2p5_7g_3Fo          21.0    3840359.3978     6.6566   4.504E+02    34     0    160
2s2_2p5_7g_1Fo           7.0    3840371.6087     6.6562   4.504E+02    35     0    161
2s2_2p5_7f_1Fe           7.0    3840396.0305     6.6555   4.504E+02    37     0    162
2s2_2p5_7f_3Fe          21.0    3840408.2414     6.6551   4.505E+02    36     0    163
2s2_2p5_7h_3Ge          27.0    3840493.7166     6.6526   4.506E+02    36     0    164
2s2_2p5_7h_1Ge           9.0    3840493.7166     6.6526   4.506E+02    37     0    165
2s2_2p5_7g_3Go          27.0    3840591.4040     6.6497   4.508E+02    34     0    166
2s2_2p5_7g_1Go           9.0    3840591.4040     6.6497   4.508E+02    35     0    167
2s2_2p5_8s_3Po           9.0    3872335.7058     5.6980   5.261E+02    34     0    168
2s2_2p5_8s_1Po           3.0    3872897.7021     5.6811   5.277E+02    35     0    169
2s2_2p5_8p_3Se           3.0    3878200.2656     5.5222   5.429E+02    36     0    170
2s2_2p5_8p_3De          15.0    3879458.7759     5.4844   5.466E+02    36     0    171
2s2_2p5_8p_1De           5.0    3879923.0884     5.4705   5.480E+02    37     0    172
2s2_2p5_8p_1Pe           3.0    3879959.7438     5.4694   5.481E+02    37     0    173
2s2_2p5_8p_3Pe           9.0    3879984.1816     5.4687   5.482E+02    36     0    174
2s2_2p5_8p_1Se           1.0    3883564.3904     5.3614   5.592E+02    37     0    175
2s2_2p5_8d_3Po           9.0    3887951.3507     5.2298   5.732E+02    38     0    176
2s2_2p5_8d_3Fo          21.0    3888354.6254     5.2177   5.746E+02    38     0    177
2s2_2p5_8d_1Fo           7.0    3888916.7701     5.2009   5.764E+02    39     0    178
2s2_2p5_8d_1Do           5.0    3889026.7550     5.1976   5.768E+02    39     0    179
2s2_2p5_8d_3Do          15.0    3889038.9757     5.1972   5.768E+02    38     0    180
2s2_2p5_8d_1Po           3.0    3891250.9452     5.1309   5.843E+02    39     0    181
2s2_2p5_8f_3De          15.0    3892008.6559     5.1082   5.869E+02    36     0    182
2s2_2p5_8f_3Ge          27.0    3892008.6559     5.1082   5.869E+02    36     0    183
2s2_2p5_8f_1Ge           9.0    3892069.7612     5.1064   5.871E+02    37     0    184
2s2_2p5_8f_1De           5.0    3892204.1945     5.1023   5.876E+02    37     0    185
2s2_2p5_8g_3Fo          21.0    3892326.4080     5.0987   5.880E+02    38     0    186
2s2_2p5_8g_1Fo           7.0    3892338.6293     5.0983   5.880E+02    39     0    187
2s2_2p5_8f_3Fe          21.0    3892350.8494     5.0979   5.881E+02    36     0    188
2s2_2p5_8f_1Fe           7.0    3892350.8494     5.0979   5.881E+02    37     0    189
2s2_2p5_8h_1Ge           9.0    3892424.1777     5.0957   5.883E+02    37     0    190
2s2_2p5_8h_3Ge          27.0    3892424.1777     5.0957   5.883E+02    36     0    191
2s2_2p5_8g_1Go           9.0    3892497.5060     5.0935   5.886E+02    39     0    192
2s2_2p5_8g_3Go          27.0    3892497.5060     5.0935   5.886E+02    38     0    193
2s2_2p5_9s_3Po           9.0    3914071.9366     4.4468   6.742E+02    38     0    194
2s2_2p5_9s_1Po           3.0    3914475.3848     4.4347   6.760E+02    39     0    195
2s2_2p5_9p_3Se           3.0    3916810.5438     4.3647   6.869E+02    40     0    196
2s2_2p5_9p_3De          15.0    3919011.2985     4.2987   6.974E+02    40     0    197
2s2_2p5_9p_1De           5.0    3919341.4186     4.2888   6.990E+02    41     0    198
2s2_2p5_9p_1Pe           3.0    3919378.0991     4.2877   6.992E+02    41     0    199
2s2_2p5_9p_3Pe           9.0    3919390.3259     4.2873   6.993E+02    40     0    200
2s2_2p5_9p_1Se           1.0    3921627.8557     4.2202   7.104E+02    41     0    201
2s2_2p5_9d_3Po           9.0    3924904.8247     4.1220   7.273E+02    38     0    202
2s2_2p5_9d_3Fo          21.0    3925198.2930     4.1132   7.289E+02    38     0    203
2s2_2p5_9d_1Fo           7.0    3925589.5870     4.1015   7.309E+02    39     0    204
2s2_2p5_9d_1Do           5.0    3925662.9542     4.0993   7.313E+02    39     0    205
2s2_2p5_9d_3Do          15.0    3925675.1822     4.0989   7.314E+02    38     0    206
2s2_2p5_9d_1Po           3.0    3927203.6995     4.0531   7.397E+02    39     0    207
2s_2p6_4s_3Se            3.0    3927203.6995     4.0531   7.397E+02    40     0    208
2s2_2p5_9f_3De          15.0    3927753.9754     4.0366   7.427E+02    40     0    209
2s2_2p5_9f_3Ge          27.0    3927753.9754     4.0366   7.427E+02    40     0    210
2s2_2p5_9f_1Ge           9.0    3927802.8882     4.0351   7.430E+02    41     0    211
2s2_2p5_9f_1De           5.0    3927888.4877     4.0326   7.434E+02    41     0    212
2s2_2p5_9g_3Fo          21.0    3927986.3147     4.0296   7.440E+02    38     0    213
2s2_2p5_9g_1Fo           7.0    3927998.5433     4.0293   7.440E+02    39     0    214
2s2_2p5_9f_1Fe           7.0    3927998.5433     4.0293   7.440E+02    41     0    215
2s2_2p5_9f_3Fe          21.0    3927998.5433     4.0293   7.440E+02    40     0    216
2s2_2p5_9h_3Ge          27.0    3928059.6860     4.0274   7.444E+02    40     0    217
2s2_2p5_9h_1Ge           9.0    3928059.6860     4.0274   7.444E+02    41     0    218
2s2_2p5_9g_3Go          27.0    3928108.6002     4.0260   7.446E+02    38     0    219
2s2_2p5_9g_1Go           9.0    3928108.6002     4.0260   7.446E+02    39     0    220
2s_2p6_4s_1Se            1.0    3937500.7905     3.7444   8.006E+02    41     0    221
2s2_2p5_10s_3Po          9.0    3943420.5733     3.5669   8.405E+02    38     0    222
2s2_2p5_10s_1Po          3.0    3943726.3627     3.5577   8.426E+02    39     0    223
2s2_2p5_10p_3De         15.0    3947004.5233     3.4595   8.666E+02    40     0    224
2s2_2p5_10p_3Se          3.0    3947126.8459     3.4558   8.675E+02    40     0    225
2s2_2p5_10p_1De          5.0    3947236.9362     3.4525   8.683E+02    41     0    226
2s2_2p5_10p_1Pe          3.0    3947261.4011     3.4518   8.685E+02    41     0    227
2s2_2p5_10p_3Pe          9.0    3947273.6335     3.4514   8.686E+02    40     0    228
2s2_2p5_10p_1Se          1.0    3949438.7941     3.3865   8.853E+02    41     0    229
2s2_2p5_10d_3Po          9.0    3951249.2699     3.3322   8.997E+02    38     0    230
2s2_2p5_10d_3Fo         21.0    3951481.6990     3.3252   9.016E+02    38     0    231
2s2_2p5_10d_1Fo          7.0    3951750.8302     3.3172   9.038E+02    39     0    232
2s2_2p5_10d_1Do          5.0    3951811.9956     3.3153   9.043E+02    39     0    233
2s2_2p5_10d_3Do         15.0    3951824.2289     3.3150   9.044E+02    38     0    234
2s2_2p5_10d_1Po          3.0    3952925.2315     3.2820   9.135E+02    39     0    235
2s2_2p5_10f_3De         15.0    3953316.7029     3.2702   9.167E+02    40     0    236
2s2_2p5_10f_3Ge         27.0    3953341.1701     3.2695   9.169E+02    40     0    237
2s2_2p5_10f_1Ge          9.0    3953377.8711     3.2684   9.172E+02    41     0    238
2s2_2p5_10f_1De          5.0    3953439.0381     3.2666   9.178E+02    41     0    239
2s2_2p5_10g_3Fo         21.0    3953500.2064     3.2647   9.183E+02    38     0    240
2s2_2p5_10f_1Fe          7.0    3953512.4401     3.2644   9.184E+02    41     0    241
2s2_2p5_10g_1Fo          7.0    3953512.4401     3.2644   9.184E+02    39     0    242
2s2_2p5_10f_3Fe         21.0    3953512.4401     3.2644   9.184E+02    40     0    243
2s2_2p5_10h_1Ge          9.0    3953561.3748     3.2629   9.188E+02    41     0    244
2s2_2p5_10h_3Ge         27.0    3953561.3748     3.2629   9.188E+02    40     0    245
2s2_2p5_10g_3Go         27.0    3953598.0746     3.2618   9.191E+02    38     0    246
2s2_2p5_10g_1Go          9.0    3953598.0746     3.2618   9.191E+02    39     0    247
