********************************************************************************
                                                                                
                 Super level assignmenets for S VII
                 E%LS = 1%
                                                                                
                         g        E(cm^-1)    10^15 Hz     eV       Lam(A)      
********************************************************************************
                                                                                
17-Oct-2000                                      !Format date                   
08-Mar-2017                            !Date
207                                    !Number of energy levels
6                                      !Entry number of link to super level
  
2s2_2p6_1Se[0]           1.0          0.0000    67.9330   4.413E+01     1     0      1
2s2_2p5_3s_3Po[2]        5.0    1371784.0000    26.8079   1.118E+02     2     0      2
2s2_2p5_3s_3Po[1]        3.0    1376207.0000    26.6753   1.124E+02     2     0      3
2s2_2p5_3s_3Po[0]        1.0    1381805.0000    26.5075   1.131E+02     2     0      4
2s2_2p5_3s_1Po[1]        3.0    1388339.0000    26.3116   1.139E+02     3     0      5
2s2_2p5_3p_3Se[1]        3.0    1466883.0000    23.9569   1.251E+02     4     0      6
2s2_2p5_3p_3De[3]        7.0    1483165.0000    23.4688   1.277E+02     5     0      7
2s2_2p5_3p_3De[2]        5.0    1484428.0000    23.4309   1.279E+02     5     0      8
2s2_2p5_3p_3De[1]        3.0    1488019.0000    23.3233   1.285E+02     5     0      9
2s2_2p5_3p_3Pe[2]        5.0    1492496.0000    23.1891   1.293E+02     6     0     10
2s2_2p5_3p_1Pe[1]        3.0    1495849.0000    23.0885   1.298E+02     7     0     11
2s2_2p5_3p_3Pe[0]        1.0    1498631.0000    23.0051   1.303E+02     6     0     12
2s2_2p5_3p_1De[2]        5.0    1499068.0000    22.9920   1.304E+02     7     0     13
2s2_2p5_3p_3Pe[1]        3.0    1500286.0000    22.9555   1.306E+02     6     0     14
2s2_2p5_3p_1Se[0]        1.0    1552707.0000    21.3840   1.402E+02     8     0     15
2s2_2p5_3d_3Po[0]        1.0    1623623.0000    19.2580   1.557E+02     9     0     16
2s2_2p5_3d_3Po[1]        3.0    1624773.0000    19.2235   1.560E+02     9     0     17
2s2_2p5_3d_3Po[2]        5.0    1627260.0000    19.1489   1.566E+02     9     0     18
2s2_2p5_3d_3Fo[4]        9.0    1630083.0000    19.0643   1.573E+02     9     0     19
2s2_2p5_3d_3Fo[3]        7.0    1631989.0000    19.0072   1.577E+02     9     0     20
2s2_2p5_3d_3Fo[2]        5.0    1635337.0000    18.9068   1.586E+02     9     0     21
2s2_2p5_3d_1Fo[3]        7.0    1637915.0000    18.8295   1.592E+02    10     0     22
2s2_2p5_3d_3Do[1]        3.0    1644599.0000    18.6291   1.609E+02    11     0     23
2s2_2p5_3d_1Do[2]        5.0    1644674.0000    18.6269   1.609E+02    10     0     24
2s2_2p5_3d_3Do[3]        7.0    1645921.0000    18.5895   1.613E+02    11     0     25
2s2_2p5_3d_3Do[2]        5.0    1646576.0000    18.5699   1.614E+02    11     0     26
2s2_2p5_3d_1Po[1]        3.0    1662194.0000    18.1016   1.656E+02    12     0     27
2s2_2p5_4s_3Po           9.0    1819966.4500    13.3717   2.242E+02    13     0     28
2s2_2p5_4s_1Po           3.0    1823769.7510    13.2577   2.261E+02    14     0     29
2s2_2p5_4p_3Se           3.0    1849201.8220    12.4953   2.399E+02    15     0     30
2s2_2p5_4p_3De          15.0    1860841.9240    12.1463   2.468E+02    15     0     31
2s2_2p5_4p_1De           5.0    1863674.3820    12.0614   2.486E+02    16     0     32
2s2_2p5_4p_1Pe           3.0    1863924.6000    12.0539   2.487E+02    16     0     33
2s2_2p5_4p_3Pe           9.0    1864044.7040    12.0503   2.488E+02    15     0     34
2s2_2p5_4p_1Se           1.0    1881710.0350    11.5207   2.602E+02    16     0     35
2s_2p6_3s_3Se            3.0    1888305.7590    11.3230   2.648E+02    17     0     36
2s_2p6_3s_1Se            1.0    1907182.1400    10.7571   2.787E+02    18     0     37
2s2_2p5_4d_3Po           9.0    1910915.3800    10.6452   2.816E+02    19     0     38
2s2_2p5_4d_3Fo          21.0    1913337.4820    10.5726   2.836E+02    19     0     39
2s2_2p5_4d_1Fo           7.0    1915999.7930    10.4927   2.857E+02    20     0     40
2s2_2p5_4d_1Do           5.0    1916850.5310    10.4672   2.864E+02    20     0     41
2s2_2p5_4d_3Do          15.0    1916940.6090    10.4645   2.865E+02    19     0     42
2s2_2p5_4d_1Po           3.0    1925888.3750    10.1963   2.940E+02    20     0     43
2s2_2p5_4f_3De          15.0    1927920.1380    10.1354   2.958E+02    21     0     44
2s2_2p5_4f_1De           5.0    1928530.6680    10.1171   2.963E+02    22     0     45
2s2_2p5_4f_3Ge          27.0    1928750.8590    10.1105   2.965E+02    21     0     46
2s2_2p5_4f_1Ge           9.0    1928870.9630    10.1069   2.966E+02    22     0     47
2s2_2p5_4f_1Fe           7.0    1930051.9880    10.0715   2.977E+02    22     0     48
2s2_2p5_4f_3Fe          21.0    1930061.9970    10.0712   2.977E+02    21     0     49
2s_2p6_3p_3Po            9.0    1989373.4700     8.2931   3.615E+02    23     0     50
2s2_2p5_5s_1Po           3.0    1998641.5130     8.0152   3.740E+02    24     0     51
2s2_2p5_5s_3Po           9.0    2000342.9900     7.9642   3.764E+02    23     0     52
2s_2p6_3p_1Po            3.0    2000563.1810     7.9576   3.767E+02    24     0     53
2s2_2p5_5p_3Se           3.0    2015406.0620     7.5126   3.991E+02    25     0     54
2s2_2p5_5p_3De          15.0    2017137.5650     7.4607   4.018E+02    25     0     55
2s2_2p5_5p_1De           5.0    2018488.7380     7.4202   4.040E+02    26     0     56
2s2_2p5_5p_1Pe           3.0    2018628.8590     7.4160   4.043E+02    26     0     57
2s2_2p5_5p_3Pe           9.0    2018688.9110     7.4142   4.043E+02    25     0     58
2s2_2p5_5p_1Se           1.0    2029608.3880     7.0868   4.230E+02    26     0     59
2s2_2p5_5d_3Po           9.0    2041188.4380     6.7397   4.448E+02    27     0     60
2s2_2p5_5d_3Fo          21.0    2042139.2630     6.7112   4.467E+02    27     0     61
2s2_2p5_5d_1Fo           7.0    2043490.4350     6.6707   4.494E+02    28     0     62
2s2_2p5_5d_1Do           5.0    2043860.7570     6.6596   4.502E+02    28     0     63
2s2_2p5_5d_3Do          15.0    2043900.7920     6.6584   4.502E+02    27     0     64
2s2_2p5_5f_3De          15.0    2049245.4300     6.4981   4.614E+02    29     0     65
2s2_2p5_5d_1Po           3.0    2049305.4820     6.4963   4.615E+02    28     0     66
2s2_2p5_5f_1De           5.0    2049895.9940     6.4786   4.627E+02    30     0     67
2s2_2p5_5f_3Ge          27.0    2050116.1860     6.4720   4.632E+02    29     0     68
2s2_2p5_5f_1Ge           9.0    2050216.2720     6.4690   4.634E+02    30     0     69
2s2_2p5_5g_3Fo          21.0    2050656.6550     6.4558   4.644E+02    27     0     70
2s2_2p5_5g_1Fo           7.0    2050656.6550     6.4558   4.644E+02    28     0     71
2s2_2p5_5g_1Go           9.0    2050806.7850     6.4513   4.647E+02    28     0     72
2s2_2p5_5g_3Go          27.0    2050806.7850     6.4513   4.647E+02    27     0     73
2s2_2p5_5f_1Fe           7.0    2050846.8200     6.4501   4.648E+02    30     0     74
2s2_2p5_5f_3Fe          21.0    2050856.8280     6.4498   4.648E+02    29     0     75
2s2_2p5_6s_3Po           9.0    2087008.2020     5.3660   5.587E+02    31     0     76
2s2_2p5_6s_1Po           3.0    2087758.8540     5.3435   5.610E+02    32     0     77
2s2_2p5_6p_3Se           3.0    2096476.4190     5.0822   5.899E+02    33     0     78
2s2_2p5_6p_3De          15.0    2097507.3140     5.0513   5.935E+02    33     0     79
2s2_2p5_6p_1De           5.0    2098298.0000     5.0276   5.963E+02    34     0     80
2s2_2p5_6p_1Pe           3.0    2098428.1130     5.0237   5.968E+02    34     0     81
2s2_2p5_6p_3Pe           9.0    2098468.1480     5.0225   5.969E+02    33     0     82
2s2_2p5_6p_1Se           1.0    2104373.2730     4.8454   6.187E+02    34     0     83
2s2_2p5_6d_3Po           9.0    2110898.9360     4.6498   6.447E+02    35     0     84
2s2_2p5_6d_3Fo          21.0    2111479.4400     4.6324   6.472E+02    35     0     85
2s2_2p5_6d_1Fo           7.0    2112250.1080     4.6093   6.504E+02    36     0     86
2s2_2p5_6d_1Do           5.0    2112450.2820     4.6033   6.513E+02    36     0     87
2s2_2p5_6d_3Do          15.0    2112470.2990     4.6027   6.513E+02    35     0     88
2s2_2p5_6f_3De          15.0    2114311.8980     4.5475   6.592E+02    33     0     89
2s2_2p5_6d_1Po           3.0    2115462.8970     4.5130   6.643E+02    36     0     90
2s2_2p5_6f_1De           5.0    2115572.9920     4.5097   6.648E+02    34     0     91
2s2_2p5_6f_3Ge          27.0    2116103.4530     4.4938   6.671E+02    33     0     92
2s2_2p5_6f_1Ge           9.0    2116173.5130     4.4917   6.674E+02    34     0     93
2s2_2p5_6g_3Fo          21.0    2116443.7480     4.4836   6.686E+02    35     0     94
2s2_2p5_6g_1Fo           7.0    2116443.7480     4.4836   6.686E+02    36     0     95
2s2_2p5_6h_1Ge           9.0    2116503.8000     4.4818   6.689E+02    34     0     96
2s2_2p5_6h_3Ge          27.0    2116503.8000     4.4818   6.689E+02    33     0     97
2s2_2p5_6f_1Fe           7.0    2116543.8350     4.4806   6.691E+02    34     0     98
2s2_2p5_6f_3Fe          21.0    2116543.8350     4.4806   6.691E+02    33     0     99
2s2_2p5_6g_1Go           9.0    2116573.8610     4.4797   6.692E+02    36     0    100
2s2_2p5_6g_3Go          27.0    2116573.8610     4.4797   6.692E+02    35     0    101
2s_2p6_3d_3De           15.0    2135210.0340     3.9210   7.646E+02    37     0    102
2s2_2p5_7s_3Po           9.0    2137992.4490     3.8376   7.812E+02    38     0    103
2s2_2p5_7s_1Po           3.0    2138462.8570     3.8235   7.841E+02    39     0    104
2s_2p6_3d_1De            5.0    2143096.8790     3.6845   8.136E+02    40     0    105
2s2_2p5_7p_3Se           3.0    2143747.4430     3.6650   8.180E+02    37     0    106
2s2_2p5_7p_3De          15.0    2144778.3380     3.6341   8.249E+02    37     0    107
2s2_2p5_7p_1Pe           3.0    2144988.5200     3.6278   8.264E+02    40     0    108
2s2_2p5_7p_3Pe           9.0    2145008.5380     3.6272   8.265E+02    37     0    109
2s2_2p5_7p_1De           5.0    2145819.2410     3.6029   8.321E+02    40     0    110
2s2_2p5_7p_1Se           1.0    2148581.6390     3.5201   8.517E+02    40     0    111
2s2_2p5_7d_3Po           9.0    2152625.1480     3.3989   8.820E+02    38     0    112
2s2_2p5_7d_3Fo          21.0    2152985.4610     3.3881   8.848E+02    38     0    113
2s2_2p5_7d_1Fo           7.0    2153465.8770     3.3737   8.886E+02    39     0    114
2s2_2p5_7d_1Do           5.0    2153585.9820     3.3701   8.896E+02    39     0    115
2s2_2p5_7d_3Do          15.0    2153605.9990     3.3695   8.897E+02    38     0    116
2s2_2p5_7d_1Po           3.0    2155467.6150     3.3137   9.047E+02    39     0    117
2s2_2p5_7f_3Ge          27.0    2155897.9880     3.3008   9.082E+02    37     0    118
2s2_2p5_7f_1Ge           9.0    2155938.0230     3.2996   9.086E+02    40     0    119
2s2_2p5_7g_3Fo          21.0    2156118.1790     3.2942   9.101E+02    38     0    120
2s2_2p5_7g_1Fo           7.0    2156118.1790     3.2942   9.101E+02    39     0    121
2s2_2p5_7h_1Ge           9.0    2156168.2230     3.2927   9.105E+02    40     0    122
2s2_2p5_7h_3Ge          27.0    2156168.2230     3.2927   9.105E+02    37     0    123
2s2_2p5_7f_3Fe          21.0    2156178.2310     3.2924   9.106E+02    37     0    124
2s2_2p5_7f_1Fe           7.0    2156178.2310     3.2924   9.106E+02    40     0    125
2s2_2p5_7g_3Go          27.0    2156218.2660     3.2912   9.109E+02    38     0    126
2s2_2p5_7g_1Go           9.0    2156218.2660     3.2912   9.109E+02    39     0    127
2s2_2p5_7f_3De          15.0    2156828.7960     3.2729   9.160E+02    41     0    128
2s2_2p5_7f_1De           5.0    2156878.8390     3.2714   9.164E+02    40     0    129
2s2_2p5_8s_3Po           9.0    2169920.1570     2.8804   1.041E+03    42     0    130
2s2_2p5_8s_1Po           3.0    2170240.4350     2.8708   1.044E+03    43     0    131
2s2_2p5_8p_3Se           3.0    2173683.4230     2.7676   1.083E+03    41     0    132
2s2_2p5_8p_3De          15.0    2174243.9100     2.7508   1.090E+03    41     0    133
2s2_2p5_8p_1Pe           3.0    2174514.1440     2.7427   1.093E+03    44     0    134
2s2_2p5_8p_1De           5.0    2174524.1530     2.7424   1.093E+03    44     0    135
2s2_2p5_8p_3Pe           9.0    2174524.1530     2.7424   1.093E+03    41     0    136
2s2_2p5_8p_1Se           1.0    2176856.1770     2.6725   1.122E+03    44     0    137
2s2_2p5_8d_3Po           9.0    2179528.4960     2.5924   1.156E+03    42     0    138
2s2_2p5_8d_3Fo          21.0    2179768.7040     2.5851   1.160E+03    42     0    139
2s2_2p5_8d_1Fo           7.0    2180088.9820     2.5755   1.164E+03    43     0    140
2s2_2p5_8d_1Do           5.0    2180169.0520     2.5731   1.165E+03    43     0    141
2s2_2p5_8d_3Do          15.0    2180179.0600     2.5728   1.165E+03    42     0    142
2s2_2p5_8d_1Po           3.0    2181420.1380     2.5356   1.182E+03    43     0    143
2s2_2p5_8f_3Ge          27.0    2181720.3980     2.5266   1.187E+03    45     0    144
2s2_2p5_8f_1Ge           9.0    2181750.4240     2.5257   1.187E+03    44     0    145
2s2_2p5_8g_3Fo          21.0    2181870.5280     2.5221   1.189E+03    42     0    146
2s2_2p5_8g_1Fo           7.0    2181870.5280     2.5221   1.189E+03    43     0    147
2s2_2p5_8f_3Fe          21.0    2181910.5630     2.5209   1.189E+03    45     0    148
2s2_2p5_8f_1Fe           7.0    2181910.5630     2.5209   1.189E+03    44     0    149
2s2_2p5_8h_3Ge          27.0    2181910.5630     2.5209   1.189E+03    45     0    150
2s2_2p5_8h_1Ge           9.0    2181910.5630     2.5209   1.189E+03    44     0    151
2s2_2p5_8g_3Go          27.0    2181940.5890     2.5200   1.190E+03    42     0    152
2s2_2p5_8g_1Go           9.0    2181940.5890     2.5200   1.190E+03    43     0    153
2s2_2p5_8f_1De           5.0    2181970.6150     2.5191   1.190E+03    44     0    154
2s2_2p5_8f_3De          15.0    2181980.6240     2.5188   1.190E+03    45     0    155
2s2_2p5_9s_3Po           9.0    2191238.6580     2.2413   1.338E+03    42     0    156
2s2_2p5_9s_1Po           3.0    2191458.8500     2.2347   1.342E+03    43     0    157
2s2_2p5_9p_3Se           3.0    2193830.9080     2.1636   1.386E+03    45     0    158
2s2_2p5_9p_3De          15.0    2194221.2470     2.1519   1.393E+03    45     0    159
2s2_2p5_9p_1Pe           3.0    2194411.4120     2.1462   1.397E+03    44     0    160
2s2_2p5_9p_1De           5.0    2194411.4120     2.1462   1.397E+03    44     0    161
2s2_2p5_9p_3Pe           9.0    2194421.4210     2.1459   1.397E+03    45     0    162
2s2_2p5_9p_1Se           1.0    2196022.8100     2.0979   1.429E+03    44     0    163
2s2_2p5_9d_3Po           9.0    2197884.4260     2.0421   1.468E+03    46     0    164
2s2_2p5_9d_3Fo          21.0    2198054.5740     2.0370   1.472E+03    46     0    165
2s2_2p5_9d_1Fo           7.0    2198274.7650     2.0304   1.477E+03    47     0    166
2s2_2p5_9d_1Do           5.0    2198334.8170     2.0286   1.478E+03    47     0    167
2s2_2p5_9d_3Do          15.0    2198334.8170     2.0286   1.478E+03    46     0    168
2s2_2p5_9d_1Po           3.0    2199205.5730     2.0024   1.497E+03    47     0    169
2s2_2p5_9f_3Ge          27.0    2199425.7640     1.9958   1.502E+03    45     0    170
2s2_2p5_9f_1Ge           9.0    2199445.7810     1.9952   1.503E+03    48     0    171
2s2_2p5_9g_3Fo          21.0    2199525.8510     1.9928   1.504E+03    46     0    172
2s2_2p5_9g_1Fo           7.0    2199535.8590     1.9925   1.505E+03    47     0    173
2s2_2p5_9f_3De          15.0    2199545.8680     1.9922   1.505E+03    45     0    174
2s2_2p5_9h_1Ge           9.0    2199555.8770     1.9919   1.505E+03    48     0    175
2s2_2p5_9h_3Ge          27.0    2199555.8770     1.9919   1.505E+03    45     0    176
2s2_2p5_9f_1De           5.0    2199555.8770     1.9919   1.505E+03    48     0    177
2s2_2p5_9f_3Fe          21.0    2199555.8770     1.9919   1.505E+03    45     0    178
2s2_2p5_9f_1Fe           7.0    2199555.8770     1.9919   1.505E+03    48     0    179
2s2_2p5_9g_3Go          27.0    2199585.9030     1.9910   1.506E+03    46     0    180
2s2_2p5_9g_1Go           9.0    2199585.9030     1.9910   1.506E+03    47     0    181
2s2_2p5_10s_3Po          9.0    2206181.6270     1.7933   1.672E+03    46     0    182
2s2_2p5_10s_1Po          3.0    2206341.7660     1.7885   1.676E+03    47     0    183
2s2_2p5_10p_3Se          3.0    2208033.2340     1.7378   1.725E+03    49     0    184
2s2_2p5_10p_3De         15.0    2208313.4770     1.7294   1.734E+03    49     0    185
2s2_2p5_10p_1De          5.0    2208453.5980     1.7252   1.738E+03    48     0    186
2s2_2p5_10p_1Pe          3.0    2208453.5980     1.7252   1.738E+03    48     0    187
2s2_2p5_10p_3Pe          9.0    2208463.6070     1.7249   1.738E+03    49     0    188
2s2_2p5_10p_1Se          1.0    2209614.6060     1.6904   1.774E+03    48     0    189
2s2_2p5_10d_3Po          9.0    2210965.7790     1.6499   1.817E+03    46     0    190
2s2_2p5_10d_3Fo         21.0    2211085.8830     1.6463   1.821E+03    46     0    191
2s2_2p5_10d_1Fo          7.0    2211246.0220     1.6415   1.826E+03    47     0    192
2s2_2p5_10d_1Do          5.0    2211286.0570     1.6403   1.828E+03    47     0    193
2s2_2p5_10d_3Do         15.0    2211296.0650     1.6400   1.828E+03    46     0    194
2s2_2p5_10d_1Po          3.0    2211926.6120     1.6211   1.849E+03    47     0    195
2s2_2p5_10f_3Ge         27.0    2212086.7510     1.6163   1.855E+03    49     0    196
2s2_2p5_10f_1Ge          9.0    2212096.7600     1.6160   1.855E+03    48     0    197
2s2_2p5_10f_3De         15.0    2212156.8120     1.6142   1.857E+03    49     0    198
2s2_2p5_10g_3Fo         21.0    2212156.8120     1.6142   1.857E+03    46     0    199
2s2_2p5_10f_1De          5.0    2212166.8210     1.6139   1.858E+03    48     0    200
2s2_2p5_10g_1Fo          7.0    2212166.8210     1.6139   1.858E+03    47     0    201
2s2_2p5_10f_1Fe          7.0    2212176.8300     1.6136   1.858E+03    48     0    202
2s2_2p5_10f_3Fe         21.0    2212176.8300     1.6136   1.858E+03    49     0    203
2s2_2p5_10h_3Ge         27.0    2212186.8380     1.6133   1.858E+03    49     0    204
2s2_2p5_10h_1Ge          9.0    2212186.8380     1.6133   1.858E+03    48     0    205
2s2_2p5_10g_1Go          9.0    2212206.8560     1.6127   1.859E+03    47     0    206
2s2_2p5_10g_3Go         27.0    2212206.8560     1.6127   1.859E+03    46     0    207
