********************************************************************************
                                                                                
            Super level assignments for S IX
	    E%LS=2
                                                                                
                             g          E(cm^-1)     10^15 Hz      eV        Lam
********************************************************************************
                                                                                
17-Jun-2014                                      !Format date                   
08-Mar-2017                            !Date
499                                    !Number of energy levels
6                                      !Entry number of link to super level
  
2s2_2p4_3Pe[2]               5.0          0.0000    91.7755   3.267E+01     1     0      1
2s2_2p4_3Pe[1]               3.0       7985.0000    91.5361   3.275E+01     1     0      2
2s2_2p4_3Pe[0]               1.0      10648.0000    91.4562   3.278E+01     1     0      3
2s2_2p4_1De[2]               5.0      58293.9000    90.0279   3.330E+01     2     0      4
2s2_2p4_1Se[0]               1.0     122700.0000    88.0970   3.403E+01     3     0      5
2s_2p5_3Po[2]                5.0     444987.0000    78.4351   3.822E+01     4     0      6
2s_2p5_3Po[1]                3.0     451995.0000    78.2250   3.832E+01     4     0      7
2s_2p5_3Po[0]                1.0     455890.0000    78.1082   3.838E+01     4     0      8
2s_2p5_1Po[1]                3.0     616073.0000    73.3061   4.090E+01     5     0      9
2p6_1Se[0]                   1.0    1039219.0000    60.6205   4.945E+01     6     0     10
2s2_2p3(4So)3s_5So           5.0    1759625.8590    39.0232   7.682E+01     7     0     11
2s2_2p3(4So)3s_3So[1]        3.0    1783150.0000    38.3180   7.824E+01     8     0     12
2s2_2p3(2Po)3s_3Po[0]        1.0    1800800.0000    37.7888   7.933E+01     9     0     13
2s2_2p3(2Do)3s_3Do[1]        3.0    1844970.0000    36.4647   8.221E+01     8     0     14
2s2_2p3(2Do)3s_3Do[2]        5.0    1845170.0000    36.4587   8.223E+01     8     0     15
2s2_2p3(2Do)3s_3Do[3]        7.0    1845870.0000    36.4377   8.228E+01     8     0     16
2s2_2p3(2Do)3s_1Do[2]        5.0    1858800.0000    36.0500   8.316E+01    10     0     17
2s2_2p3(4So)3p_5Pe          15.0    1871272.3260    35.6761   8.403E+01    11     0     18
2s2_2p3(2Po)3s_3Po[1]        3.0    1891000.0000    35.0847   8.545E+01     9     0     19
2s2_2p3(2Po)3s_3Po[2]        5.0    1891830.0000    35.0598   8.551E+01     9     0     20
2s2_2p3(4So)3p_3Pe           9.0    1897216.9910    34.8983   8.590E+01    12     0     21
2s2_2p3(2Po)3s_1Po[1]        3.0    1904300.0000    34.6860   8.643E+01    10     0     22
2s2_2p3(2Do)3p_1Pe           3.0    1949307.2870    33.3367   8.993E+01    13     0     23
2s2_2p3(2Do)3p_3De          15.0    1953688.3380    33.2054   9.028E+01    12     0     24
2s2_2p3(2Do)3p_3Fe          21.0    1962349.9580    32.9457   9.100E+01    12     0     25
2s2_2p3(2Do)3p_1Fe           7.0    1967595.1610    32.7884   9.143E+01    13     0     26
2s2_2p3(2Do)3p_3Pe           9.0    1997850.5390    31.8814   9.403E+01    14     0     27
2s2_2p3(2Po)3p_3Se           3.0    1998925.7060    31.8492   9.413E+01    14     0     28
2s2_2p3(4So)3d_5Do          25.0    2005778.6340    31.6437   9.474E+01    15     0     29
2s2_2p3(2Po)3p_3De          15.0    2008099.7870    31.5741   9.495E+01    14     0     30
2s2_2p3(2Do)3p_1De           5.0    2011576.4930    31.4699   9.526E+01    13     0     31
2s2_2p3(2Po)3p_1Pe           3.0    2016118.3170    31.3338   9.568E+01    13     0     32
2s2_2p3(2Po)3p_3Pe           9.0    2025774.7160    31.0443   9.657E+01    14     0     33
2s2_2p3(4So)3d_3Do[2]        5.0    2035230.0000    30.7608   9.746E+01    16     0     34
2s2_2p3(4So)3d_3Do[1]        3.0    2035350.0000    30.7572   9.747E+01    16     0     35
2s2_2p3(4So)3d_3Do[3]        7.0    2035870.0000    30.7416   9.752E+01    16     0     36
2s2_2p3(2Po)3p_1De           5.0    2047046.9300    30.4065   9.859E+01    17     0     37
2s2_2p3(2Do)3d_3Fo          21.0    2087863.0530    29.1829   1.027E+02    16     0     38
2s2_2p3(2Do)3d_1So           1.0    2088234.8400    29.1718   1.028E+02    18     0     39
2s2_2p3(2Po)3p_1Se           1.0    2090967.9730    29.0898   1.031E+02    17     0     40
2s2_2p3(2Do)3d_3Go          27.0    2096474.4310    28.9247   1.036E+02    16     0     41
2s2_2p3(2Do)3d_1Go           9.0    2099961.1850    28.8202   1.040E+02    18     0     42
2s2_2p3(2Do)3d_3Do[1]        3.0    2105330.0000    28.6593   1.046E+02    16     0     43
2s2_2p3(2Do)3d_3Do[2]        5.0    2108120.0000    28.5756   1.049E+02    16     0     44
2s2_2p3(2Do)3d_3Do[3]        7.0    2108240.0000    28.5720   1.049E+02    16     0     45
2s2_2p3(2Do)3d_1Po[1]        3.0    2108900.0000    28.5522   1.050E+02    18     0     46
2s2_2p3(2Do)3d_3Po[2]        5.0    2116450.0000    28.3259   1.058E+02    16     0     47
2s2_2p3(2Do)3d_1Do[2]        5.0    2117430.0000    28.2965   1.059E+02    18     0     48
2s2_2p3(2Do)3d_3Po[1]        3.0    2119330.0000    28.2396   1.062E+02    16     0     49
2s2_2p3(2Do)3d_3Po[0]        1.0    2120500.0000    28.2045   1.063E+02    16     0     50
2s2_2p3(2Do)3d_3So[1]        3.0    2125530.0000    28.0537   1.069E+02    16     0     51
2s2_2p3(2Do)3d_1Fo[3]        7.0    2134710.0000    27.7785   1.079E+02    18     0     52
2s2_2p3(2Po)3d_3Fo          21.0    2142545.8060    27.5436   1.088E+02    19     0     53
2s2_2p3(2Po)3d_3Po[0]        1.0    2142780.0000    27.5365   1.089E+02    19     0     54
2s2_2p3(2Po)3d_3Po[1]        3.0    2144800.0000    27.4760   1.091E+02    19     0     55
2s2_2p3(2Po)3d_3Po[2]        5.0    2146600.0000    27.4220   1.093E+02    19     0     56
2s_2p4(4Pe)3s_5Pe           15.0    2153508.4830    27.2149   1.102E+02    20     0     57
2s2_2p3(2Po)3d_3Do[2]        5.0    2154580.0000    27.1828   1.103E+02    19     0     58
2s2_2p3(2Po)3d_3Do[1]        3.0    2156260.0000    27.1324   1.105E+02    19     0     59
2s2_2p3(2Po)3d_3Do[3]        7.0    2156430.0000    27.1273   1.105E+02    19     0     60
2s2_2p3(2Po)3d_1Do[2]        5.0    2162760.0000    26.9376   1.113E+02    18     0     61
2s2_2p3(2Po)3d_1Fo[3]        7.0    2166530.0000    26.8245   1.118E+02    18     0     62
2s2_2p3(2Po)3d_1Po[1]        3.0    2190220.0000    26.1143   1.148E+02    18     0     63
2s_2p4(4Pe)3s_3Pe            9.0    2194344.7020    25.9907   1.153E+02    21     0     64
2s_2p4(4Pe)3p_5Po           15.0    2254353.0450    24.1917   1.239E+02    22     0     65
2s_2p4(4Pe)3p_5Do           25.0    2267777.5500    23.7892   1.260E+02    22     0     66
2s_2p4(4Pe)3p_3Do           15.0    2284819.4370    23.2783   1.288E+02    23     0     67
2s_2p4(4Pe)3p_5So            5.0    2285261.5620    23.2650   1.289E+02    22     0     68
2s_2p4(4Pe)3p_3So            3.0    2292074.2970    23.0608   1.300E+02    23     0     69
2s_2p4(2De)3s_3De           15.0    2299098.0470    22.8502   1.312E+02    21     0     70
2s_2p4(4Pe)3p_3Po            9.0    2301569.9240    22.7761   1.316E+02    23     0     71
2s_2p4(2De)3s_1De            5.0    2326560.0030    22.0270   1.361E+02    24     0     72
2s_2p4(4Pe)3d_5De           25.0    2378338.8020    20.4747   1.464E+02    25     0     73
2s_2p4(2Se)3s_3Se            3.0    2386809.5040    20.2207   1.483E+02    26     0     74
2s2_2p3(4So)4s_5So           5.0    2387522.9320    20.1993   1.484E+02    27     0     75
2s_2p4(4Pe)3d_5Fe           35.0    2392858.5700    20.0394   1.496E+02    25     0     76
2s2_2p3(4So)4s_3So           3.0    2394707.4540    19.9839   1.500E+02    23     0     77
2s_2p4(4Pe)3d_5Pe           15.0    2402113.0380    19.7619   1.517E+02    25     0     78
2s_2p4(2De)3p_3Fo           21.0    2405469.1640    19.6613   1.525E+02    28     0     79
2s_2p4(2De)3p_1Po            3.0    2410242.0990    19.5182   1.536E+02    29     0     80
2s_2p4(2Se)3s_1Se            1.0    2413668.5630    19.4155   1.544E+02    24     0     81
2s_2p4(4Pe)3d_3Fe           21.0    2414572.9080    19.3884   1.546E+02    26     0     82
2s_2p4(2De)3p_1Fo            7.0    2415939.4750    19.3474   1.550E+02    29     0     83
2s_2p4(2Pe)3s_3Pe            9.0    2416321.3100    19.3360   1.550E+02    26     0     84
2s_2p4(2De)3p_3Do           15.0    2419034.3460    19.2546   1.557E+02    28     0     85
2s_2p4(2Pe)3s_1Pe            3.0    2427203.5990    19.0097   1.577E+02    24     0     86
2s_2p4(4Pe)3d_3Pe            9.0    2429082.6280    18.9534   1.582E+02    26     0     87
2s_2p4(2De)3p_1Do            5.0    2430429.0980    18.9130   1.585E+02    29     0     88
2s_2p4(2De)3p_3Po            9.0    2431715.2780    18.8745   1.588E+02    28     0     89
2s2_2p3(4So)4p_5Pe          15.0    2432147.3540    18.8615   1.589E+02    25     0     90
2s_2p4(4Pe)3d_3De           15.0    2432850.7340    18.8404   1.591E+02    26     0     91
2s2_2p3(4So)4p_3Pe           9.0    2448264.7990    18.3783   1.631E+02    26     0     92
2s2_2p3(2Do)4s_3Do          15.0    2471807.9250    17.6725   1.696E+02    28     0     93
2s2_2p3(2Do)4s_1Do           5.0    2473244.8290    17.6295   1.701E+02    29     0     94
2s2_2p3(4So)4d_5Do          25.0    2476339.7000    17.5367   1.710E+02    27     0     95
2s2_2p3(4So)4d_3Do[3]        7.0    2489360.0000    17.1463   1.748E+02    28     0     96
2s2_2p3(4So)4d_3Do[2]        5.0    2489360.0000    17.1463   1.748E+02    28     0     97
2s2_2p3(4So)4d_3Do[1]        3.0    2489360.0000    17.1463   1.748E+02    28     0     98
2s_2p4(2Se)3p_3Po            9.0    2496235.3000    16.9402   1.770E+02    28     0     99
2s2_2p3(4So)4f_5Fe          35.0    2503309.2910    16.7281   1.792E+02    30     0    100
2s2_2p3(4So)4f_3Fe          21.0    2503721.2700    16.7158   1.793E+02    26     0    101
2s_2p4(2Se)3p_1Po            3.0    2509820.5780    16.5329   1.813E+02    29     0    102
2s2_2p3(2Do)4p_3De          15.0    2511508.6890    16.4823   1.819E+02    31     0    103
2s2_2p3(2Do)4p_3Fe          21.0    2512141.7310    16.4634   1.821E+02    31     0    104
2s2_2p3(2Do)4p_1Fe           7.0    2514623.6570    16.3889   1.829E+02    32     0    105
2s2_2p3(2Do)4p_1Pe           3.0    2514774.3810    16.3844   1.830E+02    32     0    106
2s_2p4(2Pe)3p_3Po            9.0    2517115.6310    16.3142   1.838E+02    28     0    107
2s2_2p3(2Po)4s_1Po           3.0    2519276.0110    16.2495   1.845E+02    29     0    108
2s_2p4(2De)3d_3Ge           27.0    2524782.4700    16.0844   1.864E+02    31     0    109
2s2_2p3(2Do)4p_3Pe           9.0    2524852.8080    16.0823   1.864E+02    31     0    110
2s2_2p3(2Po)4s_3Po           9.0    2529736.2730    15.9359   1.881E+02    33     0    111
2s_2p4(2Pe)3p_3Do           15.0    2531132.9850    15.8940   1.886E+02    33     0    112
2s2_2p3(2Do)4p_1De           5.0    2534649.8830    15.7886   1.899E+02    32     0    113
2s_2p4(2Pe)3p_1Do            5.0    2538990.7410    15.6584   1.915E+02    34     0    114
2s_2p4(2De)3d_3Se            3.0    2541944.9360    15.5699   1.925E+02    31     0    115
2s_2p4(2De)3d_3Fe           21.0    2544115.3650    15.5048   1.934E+02    31     0    116
2s_2p4(2Pe)3p_1So            1.0    2544858.9380    15.4825   1.936E+02    34     0    117
2s_2p4(2De)3d_1Ge            9.0    2545190.5320    15.4726   1.938E+02    32     0    118
2s_2p4(2De)3d_3Pe            9.0    2546205.4080    15.4421   1.941E+02    31     0    119
2s_2p4(2De)3d_3De           15.0    2546607.3400    15.4301   1.943E+02    31     0    120
2s_2p4(2Pe)3p_3So            3.0    2548405.9820    15.3762   1.950E+02    33     0    121
2s_2p4(2De)3d_1Pe            3.0    2551601.3360    15.2804   1.962E+02    32     0    122
2s_2p4(2De)3d_1De            5.0    2556424.5110    15.1358   1.981E+02    32     0    123
2s2_2p3(2Po)4p_3De          15.0    2559227.9820    15.0517   1.992E+02    31     0    124
2s2_2p3(2Do)4d_1So           1.0    2559941.4100    15.0304   1.995E+02    34     0    125
2s2_2p3(2Do)4d_3Fo          21.0    2560232.8100    15.0216   1.996E+02    33     0    126
2s2_2p3(2Po)4p_3Se           3.0    2561036.6730    14.9975   1.999E+02    31     0    127
2s_2p4(2De)3d_1Fe            7.0    2561941.0190    14.9704   2.003E+02    32     0    128
2s2_2p3(2Do)4d_3Go          27.0    2562222.3700    14.9620   2.004E+02    33     0    129
2s2_2p3(2Do)4d_1Go           9.0    2563578.8890    14.9213   2.009E+02    34     0    130
2s2_2p3(2Po)4p_1Pe           3.0    2563719.5640    14.9171   2.010E+02    32     0    131
2s2_2p3(2Do)4d_3Do[1]        3.0    2566340.0000    14.8385   2.020E+02    33     0    132
2s2_2p3(2Do)4d_3Do[2]        5.0    2566340.0000    14.8385   2.020E+02    33     0    133
2s2_2p3(2Do)4d_3Do[3]        7.0    2566340.0000    14.8385   2.020E+02    33     0    134
2s2_2p3(2Po)4p_3Pe           9.0    2566794.3390    14.8249   2.022E+02    31     0    135
2s_2p4(2De)3d_1Se            1.0    2566975.2080    14.8195   2.023E+02    32     0    136
2s2_2p3(2Do)4d_1Po           3.0    2567055.5940    14.8171   2.023E+02    34     0    137
2s2_2p3(2Po)4p_1De           5.0    2569728.4370    14.7369   2.034E+02    32     0    138
2s2_2p3(2Do)4d_3Po[0]        1.0    2571880.0000    14.6724   2.043E+02    33     0    139
2s2_2p3(2Do)4d_3Po[1]        3.0    2571880.0000    14.6724   2.043E+02    33     0    140
2s2_2p3(2Do)4d_3Po[2]        5.0    2571880.0000    14.6724   2.043E+02    33     0    141
2s2_2p3(2Do)4d_3So           3.0    2574802.8200    14.5848   2.056E+02    33     0    142
2s2_2p3(2Do)4d_1Do           5.0    2575285.1380    14.5704   2.058E+02    34     0    143
2s2_2p3(2Do)4d_1Fo           7.0    2578580.9740    14.4716   2.072E+02    34     0    144
2s2_2p3(2Do)4f_3Pe           9.0    2582570.1420    14.3520   2.089E+02    31     0    145
2s2_2p3(2Do)4f_3De          15.0    2583484.5360    14.3245   2.093E+02    31     0    146
2s2_2p3(2Do)4f_3He          33.0    2584951.5850    14.2806   2.099E+02    31     0    147
2s2_2p3(2Do)4f_1He          11.0    2585021.9230    14.2785   2.100E+02    32     0    148
2s2_2p3(2Do)4f_1Pe           3.0    2585132.4540    14.2751   2.100E+02    32     0    149
2s2_2p3(2Do)4f_1Fe           7.0    2587544.0420    14.2028   2.111E+02    32     0    150
2s2_2p3(2Do)4f_1De           5.0    2587855.5390    14.1935   2.112E+02    32     0    151
2s2_2p3(2Do)4f_3Ge          27.0    2587976.1180    14.1899   2.113E+02    31     0    152
2s2_2p3(2Do)4f_3Fe          21.0    2588096.6980    14.1863   2.113E+02    31     0    153
2s2_2p3(2Do)4f_1Ge           9.0    2588126.8430    14.1854   2.113E+02    32     0    154
2s2_2p3(2Po)4p_1Se           1.0    2590659.0100    14.1095   2.125E+02    32     0    155
2s_2p4(2Pe)3p_1Po            3.0    2592477.7490    14.0549   2.133E+02    34     0    156
2s2_2p3(2Po)4d_3Fo          21.0    2607067.8550    13.6175   2.202E+02    33     0    157
2s2_2p3(2Po)4d_3Po           9.0    2608776.0630    13.5663   2.210E+02    33     0    158
2s2_2p3(2Po)4d_1Do           5.0    2610604.8500    13.5115   2.219E+02    34     0    159
2s2_2p3(2Po)4d_3Do          15.0    2612252.7690    13.4621   2.227E+02    33     0    160
2s2_2p3(2Po)4f_3De          15.0    2616171.5990    13.3446   2.247E+02    31     0    161
2s2_2p3(2Po)4d_1Fo           7.0    2616975.4610    13.3205   2.251E+02    34     0    162
2s2_2p3(2Po)4f_1De           5.0    2623969.0660    13.1109   2.287E+02    32     0    163
2s2_2p3(2Po)4d_1Po           3.0    2626561.5230    13.0331   2.300E+02    34     0    164
2s2_2p3(2Po)4f_1Fe           7.0    2627717.0750    12.9985   2.306E+02    32     0    165
2s2_2p3(2Po)4f_3Fe          21.0    2628289.8270    12.9813   2.309E+02    31     0    166
2s2_2p3(2Po)4f_3Ge          27.0    2631113.3950    12.8967   2.325E+02    31     0    167
2s2_2p3(2Po)4f_1Ge           9.0    2631334.4570    12.8900   2.326E+02    32     0    168
2s_2p4(2Se)3d_3De           15.0    2641915.2980    12.5728   2.384E+02    35     0    169
2s2_2p3(4So)5s_5So           5.0    2644748.9140    12.4879   2.401E+02    36     0    170
2s2_2p3(4So)5s_3So           3.0    2649190.2550    12.3547   2.427E+02    33     0    171
2s_2p4(2Pe)3d_3De           15.0    2654927.8240    12.1827   2.461E+02    35     0    172
2s_2p4(2Se)3d_1De            5.0    2655098.6450    12.1776   2.462E+02    37     0    173
2s_2p4(2Pe)3d_3Fe           21.0    2665217.2650    11.8743   2.525E+02    35     0    174
2s2_2p3(4So)5p_5Pe          15.0    2666111.5620    11.8475   2.530E+02    38     0    175
2s_2p4(2Pe)3d_1Fe            7.0    2668945.1780    11.7625   2.549E+02    37     0    176
2s_2p4(2Pe)3d_3Pe            9.0    2672301.3040    11.6619   2.571E+02    35     0    177
2s2_2p3(4So)5p_3Pe           9.0    2673034.8290    11.6399   2.576E+02    35     0    178
2s2_2p3(4So)5d_5Do          25.0    2689805.4120    11.1371   2.692E+02    36     0    179
2s_2p4(2Pe)3d_1Pe            3.0    2691001.1580    11.1013   2.701E+02    37     0    180
2s_2p4(2Pe)3d_1De            5.0    2691925.6000    11.0736   2.707E+02    37     0    181
2s2_2p3(4So)5d_3Do          15.0    2696819.1140    10.9269   2.744E+02    39     0    182
2s2_2p3(4So)5f_5Fe          35.0    2703129.4350    10.7377   2.792E+02    38     0    183
2s2_2p3(4So)5f_3Fe          21.0    2703692.1390    10.7208   2.796E+02    35     0    184
2s2_2p3(2Do)5s_3Do          15.0    2729596.6110     9.9442   3.015E+02    39     0    185
2s2_2p3(2Do)5s_1Do           5.0    2731736.8950     9.8801   3.034E+02    40     0    186
2s2_2p3(2Do)5p_3De          15.0    2749894.1410     9.3357   3.211E+02    35     0    187
2s2_2p3(2Do)5p_1Pe           3.0    2750145.3480     9.3282   3.214E+02    37     0    188
2s2_2p3(2Do)5p_3Fe          21.0    2751099.9350     9.2996   3.224E+02    35     0    189
2s2_2p3(2Do)5p_1Fe           7.0    2751974.1360     9.2734   3.233E+02    37     0    190
2s2_2p3(2Do)5p_3Pe           9.0    2754013.9370     9.2122   3.254E+02    35     0    191
2s2_2p3(2Do)5p_1De           5.0    2761298.9420     8.9938   3.333E+02    37     0    192
2s_2p4(4Pe)4s_5Pe           15.0    2770352.4440     8.7224   3.437E+02    38     0    193
2s2_2p3(2Do)5d_1So           1.0    2773186.0600     8.6374   3.471E+02    40     0    194
2s2_2p3(2Do)5d_3Fo          21.0    2773638.2330     8.6239   3.476E+02    39     0    195
2s2_2p3(2Po)5s_3Po           9.0    2774170.7920     8.6079   3.483E+02    39     0    196
2s2_2p3(2Do)5d_3Go          27.0    2774512.4330     8.5977   3.487E+02    39     0    197
2s2_2p3(2Do)5d_1Go           9.0    2775175.6200     8.5778   3.495E+02    40     0    198
2s2_2p3(2Do)5d_1Po           3.0    2775185.6680     8.5775   3.495E+02    40     0    199
2s2_2p3(2Do)5d_3Do          15.0    2775487.1170     8.5685   3.499E+02    39     0    200
2s2_2p3(4So)6s_5So           5.0    2778672.4220     8.4730   3.538E+02    41     0    201
2s2_2p3(2Po)5s_1Po           3.0    2778913.5810     8.4657   3.541E+02    40     0    202
2s2_2p3(2Do)5d_3Po           9.0    2779235.1260     8.4561   3.545E+02    39     0    203
2s2_2p3(2Do)5d_3So           3.0    2779355.7050     8.4525   3.547E+02    39     0    204
2s2_2p3(2Do)5d_1Do           5.0    2781204.5890     8.3970   3.570E+02    40     0    205
2s2_2p3(4So)6s_3So           3.0    2782098.8870     8.3702   3.582E+02    39     0    206
2s2_2p3(2Do)5d_1Fo           7.0    2782611.3490     8.3549   3.588E+02    40     0    207
2s_2p4(4Pe)4s_3Pe            9.0    2783435.3080     8.3302   3.599E+02    42     0    208
2s2_2p3(2Do)5f_3He          33.0    2786349.3100     8.2428   3.637E+02    42     0    209
2s2_2p3(2Do)5f_1He          11.0    2786389.5030     8.2416   3.638E+02    37     0    210
2s2_2p3(2Do)5f_3Ge          27.0    2786680.9030     8.2329   3.641E+02    42     0    211
2s2_2p3(2Do)5f_1Ge           9.0    2787213.4620     8.2169   3.648E+02    37     0    212
2s2_2p3(2Do)5f_3Fe          21.0    2787364.1870     8.2124   3.650E+02    42     0    213
2p5_3s_3Po                   9.0    2787866.6010     8.1973   3.657E+02    39     0    214
2s2_2p3(2Do)5f_1Fe           7.0    2787886.6970     8.1967   3.657E+02    43     0    215
2s2_2p3(2Do)5f_3De          15.0    2787886.6970     8.1967   3.657E+02    42     0    216
2s2_2p3(2Do)5f_1De           5.0    2788389.1110     8.1817   3.664E+02    43     0    217
2s2_2p3(2Do)5f_3Pe           9.0    2788620.2220     8.1747   3.667E+02    42     0    218
2s2_2p3(2Do)5f_1Pe           3.0    2788841.2840     8.1681   3.670E+02    43     0    219
2s2_2p3(4So)6p_5Pe          15.0    2792197.4100     8.0675   3.716E+02    38     0    220
2s2_2p3(4So)6p_3Pe           9.0    2794428.1290     8.0006   3.747E+02    42     0    221
2s2_2p3(2Po)5p_3Se           3.0    2795010.9300     7.9831   3.755E+02    42     0    222
2s2_2p3(2Po)5p_3De          15.0    2796126.2890     7.9497   3.771E+02    42     0    223
2s2_2p3(2Po)5p_1Pe           3.0    2796598.5580     7.9355   3.778E+02    43     0    224
2s2_2p3(2Po)5p_1De           5.0    2800587.7260     7.8160   3.836E+02    43     0    225
2s2_2p3(2Po)5p_3Pe           9.0    2801240.8650     7.7964   3.845E+02    42     0    226
2p5_3s_1Po                   3.0    2804365.8800     7.7027   3.892E+02    40     0    227
2s2_2p3(4So)6d_5Do          25.0    2804516.6050     7.6982   3.894E+02    41     0    228
2s2_2p3(4So)6d_3Do          15.0    2808334.9520     7.5837   3.953E+02    39     0    229
2s2_2p3(2Po)5p_1Se           1.0    2810213.9810     7.5274   3.983E+02    43     0    230
2s_2p4(4Pe)4p_5Po           15.0    2811640.8370     7.4846   4.005E+02    41     0    231
2s2_2p3(4So)6f_5Fe          35.0    2812434.6510     7.4608   4.018E+02    44     0    232
2s2_2p3(4So)6f_3Fe          21.0    2812866.7270     7.4478   4.025E+02    42     0    233
2s_2p4(4Pe)4p_5Do           25.0    2816062.0810     7.3520   4.078E+02    41     0    234
2s2_2p3(2Po)5d_3Fo          21.0    2819548.8350     7.2475   4.136E+02    39     0    235
2s2_2p3(2Po)5d_3Po           9.0    2820382.8430     7.2225   4.151E+02    39     0    236
2s2_2p3(2Po)5d_1Do           5.0    2820855.1120     7.2084   4.159E+02    40     0    237
2s_2p4(4Pe)4p_3Do           15.0    2821890.0850     7.1773   4.177E+02    39     0    238
2s_2p4(4Pe)4p_5So            5.0    2822492.9820     7.1593   4.187E+02    41     0    239
2s2_2p3(2Po)5d_3Do          15.0    2822553.2720     7.1574   4.189E+02    39     0    240
2s2_2p3(2Po)5d_1Fo           7.0    2824372.0110     7.1029   4.221E+02    40     0    241
2s_2p4(4Pe)4p_3So            3.0    2824382.0590     7.1026   4.221E+02    39     0    242
2s2_2p3(2Po)5d_1Po           3.0    2828964.0760     6.9653   4.304E+02    40     0    243
2s2_2p3(2Po)5f_3Ge          27.0    2831878.0780     6.8779   4.359E+02    42     0    244
2s2_2p3(2Po)5f_1Ge           9.0    2832239.8160     6.8671   4.366E+02    43     0    245
2s2_2p3(2Po)5f_3Fe          21.0    2832430.7330     6.8613   4.369E+02    42     0    246
2s2_2p3(2Po)5f_1Fe           7.0    2832470.9260     6.8601   4.370E+02    43     0    247
2s2_2p3(2Po)5f_3De          15.0    2832732.1820     6.8523   4.375E+02    42     0    248
2s2_2p3(2Po)5f_1De           5.0    2833214.4990     6.8378   4.384E+02    43     0    249
2s_2p4(4Pe)4p_3Po            9.0    2837595.5500     6.7065   4.470E+02    45     0    250
2s_2p4(4Pe)4d_5De           25.0    2856295.4040     6.1459   4.878E+02    44     0    251
2s2_2p3(4So)7s_5So           5.0    2858897.9090     6.0679   4.941E+02    41     0    252
2s2_2p3(4So)7s_3So           3.0    2859852.4960     6.0392   4.964E+02    45     0    253
2s_2p4(4Pe)4d_5Fe           35.0    2861420.0280     5.9923   5.003E+02    44     0    254
2s_2p4(4Pe)4d_5Pe           15.0    2862354.5180     5.9642   5.027E+02    44     0    255
2s2_2p3(2Do)6s_3Do          15.0    2863540.2160     5.9287   5.057E+02    45     0    256
2s2_2p3(2Do)6s_1Do           5.0    2864756.0580     5.8922   5.088E+02    40     0    257
2s2_2p3(4So)7p_3Pe           9.0    2866564.7490     5.8380   5.135E+02    42     0    258
2s2_2p3(4So)7p_5Pe          15.0    2868242.8120     5.7877   5.180E+02    44     0    259
2s_2p4(4Pe)4d_3Fe           21.0    2869880.6820     5.7386   5.224E+02    42     0    260
2p5_3p_3Se                   3.0    2872131.4970     5.6711   5.286E+02    42     0    261
2s2_2p3(4So)7d_5Do          25.0    2873719.1260     5.6235   5.331E+02    41     0    262
2s2_2p3(2Do)6p_3De          15.0    2874452.6500     5.6015   5.352E+02    42     0    263
2s2_2p3(2Do)6p_1Pe           3.0    2875145.9820     5.5808   5.372E+02    43     0    264
2s2_2p3(2Do)6p_3Fe          21.0    2875618.2510     5.5666   5.386E+02    42     0    265
2s2_2p3(4So)7d_3Do          15.0    2875929.7480     5.5573   5.395E+02    45     0    266
2s2_2p3(2Do)6p_1Fe           7.0    2876100.5690     5.5521   5.400E+02    43     0    267
2s_2p4(4Pe)4d_3Pe            9.0    2877889.1630     5.4985   5.452E+02    42     0    268
2s2_2p3(2Do)6p_3Pe           9.0    2878672.9290     5.4750   5.476E+02    42     0    269
2s_2p4(4Pe)4d_3De           15.0    2878682.9770     5.4747   5.476E+02    42     0    270
2s2_2p3(4So)7f_5Fe          35.0    2878813.6050     5.4708   5.480E+02    44     0    271
2s2_2p3(4So)7f_3Fe          21.0    2878964.3290     5.4663   5.484E+02    42     0    272
2s2_2p3(2Do)6p_1De           5.0    2881154.8550     5.4006   5.551E+02    43     0    273
2s_2p4(4Pe)4f_5Fo           35.0    2883305.1870     5.3362   5.618E+02    41     0    274
2s_2p4(4Pe)4f_3Fo           21.0    2884621.5120     5.2967   5.660E+02    45     0    275
2s_2p4(4Pe)4f_5Go           45.0    2886560.8310     5.2385   5.723E+02    41     0    276
2s_2p4(4Pe)4f_3Go           27.0    2887073.2930     5.2232   5.740E+02    45     0    277
2s_2p4(4Pe)4f_5Do           25.0    2887334.5480     5.2154   5.748E+02    41     0    278
2s_2p4(4Pe)4f_3Do           15.0    2888047.9770     5.1940   5.772E+02    45     0    279
2s2_2p3(2Do)6d_1So           1.0    2888238.8940     5.1882   5.778E+02    46     0    280
2s2_2p3(2Do)6d_3Fo          21.0    2888500.1490     5.1804   5.787E+02    45     0    281
2s2_2p3(2Do)6d_3Go          27.0    2889032.7080     5.1644   5.805E+02    45     0    282
2s2_2p3(2Do)6d_1Go           9.0    2889334.1570     5.1554   5.815E+02    46     0    283
2s2_2p3(2Do)6d_3Do          15.0    2889705.9430     5.1443   5.828E+02    45     0    284
2s2_2p3(2Do)6d_1Po           3.0    2890228.4540     5.1286   5.846E+02    46     0    285
2p5_3p_3De                  15.0    2890610.2890     5.1171   5.859E+02    42     0    286
2s2_2p3(2Do)6d_3Po           9.0    2891052.4130     5.1039   5.874E+02    45     0    287
2s2_2p3(2Do)6d_3So           3.0    2892017.0480     5.0750   5.907E+02    45     0    288
2s2_2p3(2Do)6d_1Do           5.0    2892810.8620     5.0512   5.935E+02    46     0    289
2s2_2p3(2Do)6d_1Fo           7.0    2893504.1940     5.0304   5.960E+02    46     0    290
2s2_2p3(2Do)6f_3He          33.0    2895935.8780     4.9575   6.047E+02    42     0    291
2s2_2p3(2Do)6f_1He          11.0    2895966.0230     4.9566   6.048E+02    43     0    292
2s2_2p3(2Do)6f_3Ge          27.0    2896026.3130     4.9548   6.051E+02    42     0    293
2s2_2p3(2Do)6f_3Fe          21.0    2896287.5680     4.9469   6.060E+02    42     0    294
2p5_3p_1De                   5.0    2896337.8100     4.9454   6.062E+02    43     0    295
2s2_2p3(2Do)6f_1Ge           9.0    2896458.3890     4.9418   6.066E+02    43     0    296
2s2_2p3(2Do)6f_1Pe           3.0    2896619.1610     4.9370   6.072E+02    43     0    297
2s2_2p3(2Do)6f_1Fe           7.0    2896649.3060     4.9361   6.073E+02    43     0    298
2s2_2p3(2Do)6f_3De          15.0    2896669.4030     4.9355   6.074E+02    42     0    299
2p5_3p_3Pe                   9.0    2896779.9340     4.9322   6.078E+02    42     0    300
2s2_2p3(2Do)6f_3Pe           9.0    2896779.9340     4.9322   6.078E+02    42     0    301
2s2_2p3(2Do)6f_1De           5.0    2897865.1480     4.8997   6.119E+02    43     0    302
2s2_2p3(2Po)6p_1Pe           3.0    2903863.9730     4.7198   6.352E+02    43     0    303
2s2_2p3(4So)8s_5So           5.0    2908114.3970     4.5924   6.528E+02    41     0    304
2s2_2p3(4So)8s_3So           3.0    2908908.2110     4.5686   6.562E+02    45     0    305
2s2_2p3(2Po)6s_3Po           9.0    2909028.7900     4.5650   6.567E+02    45     0    306
2s2_2p3(2Po)6s_1Po           3.0    2910304.9220     4.5267   6.623E+02    46     0    307
2s2_2p3(4So)8p_5Pe          15.0    2912937.5720     4.4478   6.740E+02    44     0    308
2s2_2p3(4So)8p_3Pe           9.0    2914223.7520     4.4092   6.799E+02    42     0    309
2s_2p4(2De)4s_3De           15.0    2914555.3460     4.3993   6.815E+02    42     0    310
2s2_2p3(4So)8d_5Do          25.0    2918192.8240     4.2902   6.988E+02    47     0    311
2s2_2p3(4So)8d_3Do          15.0    2919750.3080     4.2436   7.065E+02    45     0    312
2s2_2p3(2Po)6p_3Se           3.0    2920051.7560     4.2345   7.080E+02    42     0    313
2p5_3p_1Pe                   3.0    2921056.5840     4.2044   7.130E+02    43     0    314
2s2_2p3(4So)8f_5Fe          35.0    2921468.5640     4.1920   7.151E+02    44     0    315
2s2_2p3(4So)8f_3Fe          21.0    2921609.2400     4.1878   7.159E+02    42     0    316
2s2_2p3(2Po)6p_3De          15.0    2921699.6740     4.1851   7.163E+02    42     0    317
2s2_2p3(2Po)6p_3Pe           9.0    2922624.1160     4.1574   7.211E+02    48     0    318
2s2_2p3(2Po)6p_1De           5.0    2922855.2270     4.1505   7.223E+02    43     0    319
2s2_2p3(2Po)6p_1Se           1.0    2928582.7480     3.9788   7.535E+02    49     0    320
2s_2p4(2De)4s_1De            5.0    2928944.4860     3.9679   7.555E+02    49     0    321
2s2_2p3(2Po)6d_3Fo          21.0    2934089.2070     3.8137   7.861E+02    45     0    322
2s2_2p3(2Po)6d_3Po           9.0    2934621.7660     3.7977   7.894E+02    45     0    323
2s2_2p3(2Po)6d_1Do           5.0    2934702.1520     3.7953   7.899E+02    46     0    324
2s2_2p3(2Po)6d_3Do          15.0    2935526.1110     3.7706   7.951E+02    45     0    325
2s2_2p3(2Po)6d_1Fo           7.0    2936772.0980     3.7333   8.030E+02    46     0    326
2s2_2p3(2Po)6d_1Po           3.0    2939324.3620     3.6567   8.198E+02    46     0    327
2s2_2p3(2Po)6f_3Ge          27.0    2941344.0670     3.5962   8.336E+02    48     0    328
2s2_2p3(2Do)7s_3Do          15.0    2941364.1630     3.5956   8.338E+02    45     0    329
2s2_2p3(4So)9s_5So           5.0    2941484.7430     3.5920   8.346E+02    47     0    330
2s2_2p3(2Po)6f_1Fe           7.0    2941615.3700     3.5881   8.355E+02    49     0    331
2s2_2p3(2Po)6f_1Ge           9.0    2941635.4670     3.5875   8.357E+02    49     0    332
2s2_2p3(2Po)6f_3Fe          21.0    2941645.5150     3.5872   8.357E+02    48     0    333
2s2_2p3(2Po)6f_3De          15.0    2941705.8050     3.5853   8.362E+02    48     0    334
2s2_2p3(4So)9s_3So           3.0    2942037.3980     3.5754   8.385E+02    45     0    335
2s2_2p3(2Po)6f_1De           5.0    2942057.4950     3.5748   8.386E+02    49     0    336
2s2_2p3(2Do)7s_1Do           5.0    2942499.6190     3.5615   8.417E+02    46     0    337
2s2_2p3(4So)9p_5Pe          15.0    2944830.8210     3.4917   8.586E+02    44     0    338
2s2_2p3(4So)9p_3Pe           9.0    2945524.1520     3.4709   8.637E+02    48     0    339
2s2_2p3(4So)9d_5Do          25.0    2948538.6370     3.3805   8.868E+02    47     0    340
2s2_2p3(2Do)7p_1Pe           3.0    2949041.0510     3.3654   8.908E+02    49     0    341
2s2_2p3(2Do)7p_3Fe          21.0    2949292.2580     3.3579   8.928E+02    48     0    342
2s2_2p3(2Do)7p_3De          15.0    2949422.8860     3.3540   8.938E+02    48     0    343
2s2_2p3(4So)9d_3Do          15.0    2949593.7060     3.3489   8.952E+02    45     0    344
2s2_2p3(2Do)7p_1Fe           7.0    2949593.7060     3.3489   8.952E+02    49     0    345
2s2_2p3(4So)9f_5Fe          35.0    2950819.5970     3.3121   9.051E+02    44     0    346
2s2_2p3(4So)9f_3Fe          21.0    2950940.1760     3.3085   9.061E+02    48     0    347
2s2_2p3(2Do)7p_3Pe           9.0    2950970.3210     3.3076   9.064E+02    48     0    348
2s2_2p3(2Do)7p_1De           5.0    2952959.8810     3.2480   9.230E+02    49     0    349
2s_2p4(2De)4p_3Fo           21.0    2953492.4400     3.2320   9.276E+02    45     0    350
2s_2p4(2De)4p_1Fo            7.0    2956748.0840     3.1344   9.565E+02    46     0    351
2s2_2p3(2Do)7d_1So           1.0    2957160.0630     3.1220   9.602E+02    46     0    352
2s2_2p3(2Do)7d_3Do          15.0    2957511.7530     3.1115   9.635E+02    45     0    353
2s2_2p3(2Do)7d_3Go          27.0    2957612.2360     3.1085   9.644E+02    45     0    354
2s2_2p3(2Do)7d_3Fo          21.0    2957783.0570     3.1034   9.660E+02    45     0    355
2s2_2p3(2Do)7d_1Go           9.0    2957833.2980     3.1019   9.665E+02    46     0    356
2s2_2p3(2Do)7d_1Po           3.0    2958184.9880     3.0913   9.698E+02    46     0    357
2s2_2p3(2Do)7d_3Po           9.0    2958848.1750     3.0714   9.761E+02    45     0    358
2s2_2p3(2Do)7d_3So           3.0    2959461.1200     3.0531   9.819E+02    45     0    359
2s2_2p3(2Do)7d_1Do           5.0    2959662.0850     3.0470   9.839E+02    46     0    360
2s_2p4(2De)4p_3Do           15.0    2960887.9760     3.0103   9.959E+02    45     0    361
2s2_2p3(2Do)7d_1Fo           7.0    2961068.8450     3.0049   9.977E+02    46     0    362
2s_2p4(2De)4p_3Po            9.0    2961651.6450     2.9874   1.004E+03    45     0    363
2s2_2p3(2Do)7f_3Ge          27.0    2962003.3350     2.9768   1.007E+03    48     0    364
2s2_2p3(2Do)7f_3He          33.0    2962023.4320     2.9762   1.007E+03    48     0    365
2s2_2p3(2Do)7f_1He          11.0    2962043.5280     2.9756   1.007E+03    49     0    366
2s2_2p3(2Do)7f_3Fe          21.0    2962133.9630     2.9729   1.008E+03    48     0    367
2s2_2p3(2Do)7f_3De          15.0    2962304.7840     2.9678   1.010E+03    48     0    368
2s2_2p3(2Do)7f_1Pe           3.0    2962355.0250     2.9663   1.011E+03    49     0    369
2s2_2p3(2Do)7f_1Ge           9.0    2962355.0250     2.9663   1.011E+03    49     0    370
2s_2p4(2De)4p_1Do            5.0    2962355.0250     2.9663   1.011E+03    46     0    371
2s2_2p3(2Do)7f_1De           5.0    2962425.3630     2.9642   1.011E+03    49     0    372
2s2_2p3(2Do)7f_1Fe           7.0    2962435.4110     2.9639   1.011E+03    49     0    373
2s2_2p3(2Do)7f_3Pe           9.0    2962445.4600     2.9636   1.012E+03    48     0    374
2s2_2p3(4So)10s_5So          5.0    2965047.9650     2.8856   1.039E+03    47     0    375
2s2_2p3(4So)10s_3So          3.0    2965480.0410     2.8726   1.044E+03    45     0    376
2s_2p4(2De)4p_1Po            3.0    2965932.2140     2.8591   1.049E+03    46     0    377
2s2_2p3(4So)10p_5Pe         15.0    2967469.6010     2.8130   1.066E+03    50     0    378
2s2_2p3(4So)10p_3Pe          9.0    2968172.9810     2.7919   1.074E+03    48     0    379
2s2_2p3(4So)10d_5Do         25.0    2970162.5410     2.7322   1.097E+03    47     0    380
2s2_2p3(4So)10d_3Do         15.0    2970986.5000     2.7075   1.107E+03    45     0    381
2s2_2p3(4So)10f_5Fe         35.0    2971820.5070     2.6825   1.118E+03    50     0    382
2s2_2p3(4So)10f_3Fe         21.0    2971910.9420     2.6798   1.119E+03    48     0    383
2p5_3p_1Se                   1.0    2978603.0980     2.4792   1.209E+03    49     0    384
2s2_2p3(2Po)7s_3Po           9.0    2987505.8760     2.2123   1.355E+03    51     0    385
2s2_2p3(2Po)7s_1Po           3.0    2988078.6280     2.1951   1.366E+03    46     0    386
2s2_2p3(2Do)8s_1Do           5.0    2992087.8930     2.0749   1.445E+03    46     0    387
2s2_2p3(2Po)7p_3Se           3.0    2992278.8100     2.0692   1.449E+03    48     0    388
2s2_2p3(2Po)7p_1Pe           3.0    2993976.9700     2.0183   1.485E+03    49     0    389
2p5_3d_3Po                   9.0    2994187.9840     2.0120   1.490E+03    51     0    390
2s2_2p3(2Po)7p_3De          15.0    2994610.0120     1.9993   1.499E+03    48     0    391
2s2_2p3(2Po)7p_1De           5.0    2995805.7570     1.9635   1.527E+03    49     0    392
2s2_2p3(2Do)8p_3De          15.0    2996137.3510     1.9535   1.535E+03    48     0    393
2s2_2p3(2Do)8p_1Fe           7.0    2996489.0410     1.9430   1.543E+03    49     0    394
2s2_2p3(2Do)8p_1Pe           3.0    2996659.8610     1.9379   1.547E+03    49     0    395
2s_2p4(2De)4d_3Ge           27.0    2998880.5320     1.8713   1.602E+03    48     0    396
2s2_2p3(2Do)8p_1De           5.0    2998910.6770     1.8704   1.603E+03    49     0    397
2s2_2p3(2Po)7p_1Se           1.0    2999111.6420     1.8644   1.608E+03    49     0    398
2s_2p4(2Se)4s_3Se            3.0    3000096.3740     1.8348   1.634E+03    48     0    399
2s2_2p3(2Do)8d_3Fo          21.0    3001573.4710     1.7906   1.674E+03    51     0    400
2s2_2p3(2Do)8d_1So           1.0    3001653.8580     1.7881   1.677E+03    46     0    401
2s2_2p3(2Do)8d_1Go           9.0    3002075.8860     1.7755   1.689E+03    46     0    402
2s2_2p3(2Do)8d_1Do           5.0    3002337.1410     1.7677   1.696E+03    46     0    403
2s2_2p3(2Do)8d_1Po           3.0    3002347.1890     1.7674   1.696E+03    46     0    404
2s2_2p3(2Do)8d_3Po           9.0    3002749.1200     1.7553   1.708E+03    51     0    405
2s2_2p3(2Po)7d_3Fo          21.0    3003090.7620     1.7451   1.718E+03    51     0    406
2s2_2p3(2Po)7d_3Po           9.0    3003221.3900     1.7412   1.722E+03    51     0    407
2s2_2p3(2Do)8d_1Fo           7.0    3003492.6930     1.7330   1.730E+03    46     0    408
2s2_2p3(2Do)8f_3De          15.0    3004266.4110     1.7098   1.753E+03    48     0    409
2s2_2p3(2Po)7d_1Do           5.0    3004587.9560     1.7002   1.763E+03    46     0    410
2s2_2p3(2Do)8f_1Ge           9.0    3004889.4050     1.6911   1.773E+03    49     0    411
2s2_2p3(2Po)7d_1Fo           7.0    3004889.4050     1.6911   1.773E+03    46     0    412
2s2_2p3(2Do)8f_1He          11.0    3004919.5490     1.6902   1.774E+03    49     0    413
2s2_2p3(2Do)8f_1De           5.0    3005040.1290     1.6866   1.777E+03    49     0    414
2s2_2p3(2Do)8f_1Pe           3.0    3005060.2250     1.6860   1.778E+03    49     0    415
2s2_2p3(2Do)8f_1Fe           7.0    3005100.4190     1.6848   1.779E+03    49     0    416
2s2_2p3(2Do)8f_3Ge          27.0    3005442.0600     1.6746   1.790E+03    48     0    417
2s2_2p3(2Po)7d_1Po           3.0    3006195.6810     1.6520   1.815E+03    46     0    418
2s_2p4(2De)4d_3De           15.0    3007009.5920     1.6276   1.842E+03    48     0    419
2s_2p4(2De)4d_1Ge            9.0    3007089.9790     1.6252   1.845E+03    49     0    420
2s2_2p3(2Po)7f_1Fe           7.0    3007592.3930     1.6101   1.862E+03    49     0    421
2s2_2p3(2Po)7f_3Ge          27.0    3007662.7310     1.6080   1.864E+03    48     0    422
2s2_2p3(2Po)7f_1Ge           9.0    3007672.7790     1.6077   1.865E+03    49     0    423
2s2_2p3(2Po)7f_3De          15.0    3007873.7450     1.6017   1.872E+03    48     0    424
2s2_2p3(2Po)7f_1De           5.0    3007913.9380     1.6005   1.873E+03    49     0    425
2s_2p4(2De)4f_1Do            5.0    3008637.4140     1.5788   1.899E+03    46     0    426
2s_2p4(2De)4d_3Se            3.0    3009752.7730     1.5453   1.940E+03    48     0    427
2s_2p4(2De)4d_1Se            1.0    3010003.9800     1.5378   1.949E+03    49     0    428
2s_2p4(2De)4f_1Fo            7.0    3012576.3410     1.4607   2.052E+03    46     0    429
2s_2p4(2De)4d_1Fe            7.0    3012596.4370     1.4601   2.053E+03    49     0    430
2s_2p4(2De)4d_1Pe            3.0    3012727.0650     1.4562   2.059E+03    49     0    431
2s_2p4(2De)4d_1De            5.0    3013189.2860     1.4423   2.079E+03    49     0    432
2s_2p4(2De)4f_1Po            3.0    3014897.4940     1.3911   2.155E+03    46     0    433
2s_2p4(2Se)4s_1Se            1.0    3021489.1670     1.1935   2.512E+03    49     0    434
2s_2p4(2De)4f_3Ho           33.0    3023237.5680     1.1411   2.627E+03    51     0    435
2s_2p4(2De)4f_1Ho           11.0    3023770.1270     1.1251   2.665E+03    46     0    436
2s2_2p3(2Do)9s_1Do           5.0    3025307.5150     1.0790   2.778E+03    46     0    437
2s_2p4(2De)4f_1Go            9.0    3027035.8190     1.0272   2.918E+03    46     0    438
2s2_2p3(2Do)9p_1Pe           3.0    3027397.5570     1.0164   2.950E+03    49     0    439
2s2_2p3(2Do)9p_3De          15.0    3028442.5790     0.9850   3.043E+03    48     0    440
2s2_2p3(2Do)9p_1Fe           7.0    3028653.5930     0.9787   3.063E+03    49     0    441
2s_2p4(2De)4f_3Fo           21.0    3029949.8210     0.9399   3.190E+03    51     0    442
2s2_2p3(2Do)9p_1De           5.0    3030090.4970     0.9356   3.204E+03    49     0    443
2s_2p4(2De)4f_3Po            9.0    3031617.8360     0.8898   3.369E+03    51     0    444
2s2_2p3(2Do)9d_1So           1.0    3032009.7190     0.8781   3.414E+03    46     0    445
2s2_2p3(2Do)9d_3Fo          21.0    3032120.2500     0.8748   3.427E+03    51     0    446
2s2_2p3(2Do)9d_1Go           9.0    3032381.5050     0.8670   3.458E+03    46     0    447
2s2_2p3(2Do)9d_1Po           3.0    3032582.4710     0.8609   3.482E+03    46     0    448
2s2_2p3(2Do)9d_3Po           9.0    3032904.0160     0.8513   3.522E+03    51     0    449
2s2_2p3(2Do)9d_1Do           5.0    3033225.5610     0.8417   3.562E+03    52     0    450
2s2_2p3(2Do)9d_1Fo           7.0    3033336.0920     0.8383   3.576E+03    52     0    451
2s2_2p3(2Do)9f_1He          11.0    3034310.7760     0.8091   3.705E+03    49     0    452
2s2_2p3(2Do)9f_1Pe           3.0    3034381.1140     0.8070   3.715E+03    49     0    453
2s2_2p3(2Do)9f_3Ge          27.0    3034381.1140     0.8070   3.715E+03    48     0    454
2s2_2p3(2Do)9f_1De           5.0    3034451.4520     0.8049   3.725E+03    49     0    455
2s2_2p3(2Do)9f_3De          15.0    3034461.5000     0.8046   3.726E+03    48     0    456
2s2_2p3(2Do)9f_1Ge           9.0    3034471.5480     0.8043   3.727E+03    49     0    457
2s2_2p3(2Do)9f_1Fe           7.0    3034501.6930     0.8034   3.732E+03    49     0    458
2s2_2p3(2Po)8s_3Po           9.0    3036702.2670     0.7374   4.065E+03    51     0    459
2s_2p4(2Pe)4s_1Pe            3.0    3037084.1020     0.7260   4.130E+03    49     0    460
2s2_2p3(2Po)8s_1Po           3.0    3037365.4530     0.7175   4.178E+03    52     0    461
2s_2p4(2Pe)4p_1Do            5.0    3041133.5590     0.6046   4.959E+03    52     0    462
2s2_2p3(2Po)8p_3De          15.0    3041836.9390     0.5835   5.138E+03    48     0    463
2s2_2p3(2Po)8p_3Se           3.0    3042098.1940     0.5757   5.208E+03    48     0    464
2s2_2p3(2Po)8p_1De           5.0    3042761.3810     0.5558   5.394E+03    49     0    465
2s2_2p3(2Po)8p_1Pe           3.0    3043133.1680     0.5446   5.505E+03    49     0    466
2s2_2p3(2Po)8p_1Se           1.0    3045012.1960     0.4883   6.140E+03    49     0    467
2s_2p4(2Se)4p_3Po            9.0    3045936.6380     0.4606   6.509E+03    51     0    468
2s2_2p3(2Po)8d_3Fo          21.0    3047263.0120     0.4208   7.124E+03    51     0    469
2s2_2p3(2Po)8d_1Do           5.0    3047614.7020     0.4103   7.307E+03    52     0    470
2s_2p4(2Se)4p_1Po            3.0    3048046.7780     0.3973   7.545E+03    52     0    471
2s2_2p3(2Po)8d_3Po           9.0    3048177.4050     0.3934   7.620E+03    51     0    472
2s2_2p3(2Po)8d_1Fo           7.0    3048358.2740     0.3880   7.727E+03    52     0    473
2s2_2p3(2Do)10s_1Do          5.0    3048790.3510     0.3750   7.994E+03    52     0    474
2s_2p4(4Pe)5p_5Po           15.0    3049714.7930     0.3473   8.632E+03    47     0    475
2s2_2p3(2Po)8f_3De          15.0    3050337.7860     0.3286   9.122E+03    48     0    476
2s2_2p3(2Po)8f_3Ge          27.0    3050347.8340     0.3283   9.131E+03    48     0    477
2s2_2p3(2Po)8f_1Fe           7.0    3050357.8830     0.3280   9.139E+03    49     0    478
2s2_2p3(2Po)8f_1Ge           9.0    3050448.3170     0.3253   9.215E+03    49     0    479
2s2_2p3(2Po)8f_1De           5.0    3050558.8480     0.3220   9.310E+03    49     0    480
2s2_2p3(2Po)8d_1Po           3.0    3050568.8970     0.3217   9.319E+03    52     0    481
2s2_2p3(2Do)10p_3De         15.0    3051041.1660     0.3076   9.748E+03    48     0    482
2s2_2p3(2Do)10p_1Fe          7.0    3051191.8900     0.3030   9.893E+03    49     0    483
2s2_2p3(2Do)10p_1Pe          3.0    3051503.3870     0.2937   1.021E+04    49     0    484
2s2_2p3(2Do)10p_1De          5.0    3052236.9110     0.2717   1.103E+04    49     0    485
2s2_2p3(2Do)10d_1So          1.0    3053643.6710     0.2295   1.306E+04    52     0    486
2s2_2p3(2Do)10d_3Fo         21.0    3053734.1060     0.2268   1.322E+04    51     0    487
2s2_2p3(2Do)10d_1Go          9.0    3053884.8300     0.2223   1.349E+04    52     0    488
2s2_2p3(2Do)10d_1Po          3.0    3054115.9400     0.2154   1.392E+04    52     0    489
2s2_2p3(2Do)10d_3Po          9.0    3054196.3270     0.2130   1.408E+04    51     0    490
2s2_2p3(2Do)10d_1Do          5.0    3054658.5480     0.1991   1.506E+04    52     0    491
2s2_2p3(2Do)10d_1Fo          7.0    3054769.0790     0.1958   1.531E+04    52     0    492
2s2_2p3(2Do)10f_1He         11.0    3055321.7340     0.1792   1.673E+04    49     0    493
2s2_2p3(2Do)10f_1Pe          3.0    3055361.9270     0.1780   1.684E+04    49     0    494
2s2_2p3(2Do)10f_3Ge         27.0    3055361.9270     0.1780   1.684E+04    48     0    495
2s2_2p3(2Do)10f_3De         15.0    3055412.1690     0.1765   1.698E+04    48     0    496
2s2_2p3(2Do)10f_1De          5.0    3055422.2170     0.1762   1.701E+04    49     0    497
2s2_2p3(2Do)10f_1Ge          9.0    3055442.3140     0.1756   1.707E+04    49     0    498
2s2_2p3(2Do)10f_1Fe          7.0    3055452.3620     0.1753   1.710E+04    49     0    499
