********************************************************************************
                                                                                
                 Super level assignmemts for Fe XIII
	         E%LS=2%              
                                                                                
                             g          E(cm^-1)     10^15 Hz      eV        Lam
********************************************************************************
                                                                                
17-Jun-2014                                      !Format date                   
08-Aug-2017                            !Date
749                                    !Number of energy levels
6                                      !Entry number of link to super level
  
3s2_3p2_3Pe[0]               1.0          0.0000    87.2996   3.434E+01     1     0      1
3s2_3p2_3Pe[1]               3.0       9303.0000    87.0207   3.445E+01     1     0      2
3s2_3p2_3Pe[2]               5.0      18562.0000    86.7431   3.456E+01     1     0      3
3s2_3p2_1De[2]               5.0      48070.0000    85.8585   3.492E+01     2     0      4
3s2_3p2_1Se[0]               1.0      91511.0000    84.5561   3.545E+01     3     0      5
3s_3p3_5So[2]                5.0     214624.0000    80.8653   3.707E+01     4     0      6
3s_3p3_3Do[1]                3.0     282051.0000    78.8439   3.802E+01     5     0      7
3s_3p3_3Do[2]                5.0     282222.0000    78.8388   3.803E+01     5     0      8
3s_3p3_3Do[3]                7.0     290180.0000    78.6002   3.814E+01     5     0      9
3s_3p3_3Po[0]                1.0     324378.0000    77.5750   3.865E+01     6     0     10
3s_3p3_3Po[1]                3.0     325085.0000    77.5538   3.866E+01     6     0     11
3s_3p3_3Po[2]                5.0     330282.0000    77.3980   3.873E+01     6     0     12
3s_3p3_1Do[2]                5.0     362408.0000    76.4348   3.922E+01     7     0     13
3s_3p3_3So[1]                3.0     415462.0000    74.8443   4.006E+01     8     0     14
3s2_3p_3d_3Fo[2]             5.0     430124.0000    74.4048   4.029E+01     9     0     15
3s2_3p_3d_3Fo[3]             7.0     436919.0000    74.2011   4.040E+01     9     0     16
3s_3p3_1Po[1]                3.0     438086.0000    74.1661   4.042E+01    10     0     17
3s2_3p_3d_3Fo[4]             9.0     447001.0000    73.8988   4.057E+01     9     0     18
3s2_3p_3d_3Po[2]             5.0     486358.0000    72.7189   4.123E+01    11     0     19
3s2_3p_3d_3Po[1]             3.0     494942.0000    72.4616   4.137E+01    11     0     20
3s2_3p_3d_1Do[2]             5.0     498870.0000    72.3438   4.144E+01    12     0     21
3s2_3p_3d_3Po[0]             1.0     501514.0000    72.2646   4.149E+01    11     0     22
3s2_3p_3d_3Do[1]             3.0     506505.0000    72.1149   4.157E+01    13     0     23
3s2_3p_3d_3Do[2]             5.0     509250.0000    72.0326   4.162E+01    13     0     24
3s2_3p_3d_3Do[3]             7.0     509750.0000    72.0176   4.163E+01    13     0     25
3s2_3p_3d_1Fo[3]             7.0     556911.0000    70.6038   4.246E+01    14     0     26
3s2_3p_3d_1Po[1]             3.0     570743.0000    70.1891   4.271E+01    15     0     27
3p4_3Pe[2]                   5.0     591362.0000    69.5710   4.309E+01    16     0     28
3p4_3Pe[1]                   3.0     605415.0000    69.1497   4.335E+01    16     0     29
3p4_3Pe[0]                   1.0     608319.0000    69.0626   4.341E+01    16     0     30
3p4_1De[2]                   5.0     617448.0000    68.7889   4.358E+01    17     0     31
3s_3p2(4Pe)3d_5Fe[1]         3.0     623992.0000    68.5928   4.371E+01    18     0     32
3s_3p2(4Pe)3d_5Fe[2]         5.0     626228.0000    68.5257   4.375E+01    18     0     33
3s_3p2(4Pe)3d_5Fe[3]         7.0     629746.0000    68.4203   4.382E+01    18     0     34
3s_3p2(4Pe)3d_5Fe[4]         9.0     634714.0000    68.2713   4.391E+01    18     0     35
3s_3p2(4Pe)3d_5Fe[5]        11.0     641139.0000    68.0787   4.404E+01    18     0     36
3s_3p2(4Pe)3d_5De[0]         1.0     646679.0000    67.9126   4.414E+01    19     0     37
3s_3p2(4Pe)3d_5De[1]         3.0     647335.0000    67.8929   4.416E+01    19     0     38
3s_3p2(4Pe)3d_5De[2]         5.0     648549.0000    67.8566   4.418E+01    19     0     39
3s_3p2(4Pe)3d_5De[3]         7.0     650369.0000    67.8020   4.422E+01    19     0     40
3s_3p2(4Pe)3d_5De[4]         9.0     653212.0000    67.7168   4.427E+01    19     0     41
3s_3p2(2De)3d_3Fe[2]         5.0     669564.0000    67.2265   4.459E+01    20     0     42
3s_3p2(2De)3d_3Fe[3]         7.0     676190.0000    67.0279   4.473E+01    20     0     43
3s_3p2(2De)3d_3Fe[4]         9.0     682778.0000    66.8304   4.486E+01    20     0     44
3s_3p2(4Pe)3d_5Pe[3]         7.0     694790.0000    66.4703   4.510E+01    21     0     45
3p4_1Se[0]                   1.0     696838.0000    66.4089   4.514E+01    22     0     46
3s_3p2(4Pe)3d_5Pe[2]         5.0     697979.0000    66.3747   4.517E+01    21     0     47
3s_3p2(4Pe)3d_5Pe[1]         3.0     699865.0000    66.3181   4.521E+01    21     0     48
3s_3p2(4Pe)3d_3Pe[2]         5.0     714057.0000    65.8927   4.550E+01    23     0     49
3s_3p2(4Pe)3d_3Pe[1]         3.0     722879.0000    65.6282   4.568E+01    23     0     50
3s_3p2(4Pe)3d_3Pe[0]         1.0     728793.0000    65.4509   4.580E+01    23     0     51
3s_3p2(2De)3d_3Ge[3]         7.0     746664.0000    64.9151   4.618E+01    24     0     52
3s_3p2(2De)3d_3Ge[4]         9.0     748543.0000    64.8588   4.622E+01    24     0     53
3s_3p2(2De)3d_3Ge[5]        11.0     750786.0000    64.7916   4.627E+01    24     0     54
3s_3p2(4Pe)3d_3De[1]         3.0     754939.0000    64.6671   4.636E+01    24     0     55
3s_3p2(4Pe)3d_3De[2]         5.0     755579.0000    64.6479   4.637E+01    24     0     56
3s_3p2(4Pe)3d_3De[3]         7.0     756683.0000    64.6148   4.640E+01    24     0     57
3s_3p2(2De)3d_1Ge[4]         9.0     764681.0000    64.3750   4.657E+01    25     0     58
3s_3p2(2De)3d_1Fe[3]         7.0     768517.0000    64.2600   4.665E+01    25     0     59
3s_3p2(4Pe)3d_3Fe[2]         5.0     777950.0000    63.9772   4.686E+01    26     0     60
3s_3p2(4Pe)3d_3Fe[3]         7.0     783540.0000    63.8096   4.698E+01    26     0     61
3s_3p2(2De)3d_3De[1]         3.0     788549.0000    63.6595   4.709E+01    27     0     62
3s_3p2(2De)3d_3De[2]         5.0     791361.0000    63.5752   4.716E+01    27     0     63
3s_3p2(2Pe)3d_1Pe[1]         3.0     794030.0000    63.4951   4.722E+01    28     0     64
3s_3p2(4Pe)3d_3Fe[4]         9.0     794099.0000    63.4931   4.722E+01    26     0     65
3s_3p2(2De)3d_3De[3]         7.0     797086.0000    63.4035   4.728E+01    27     0     66
3s_3p2(2De)3d_3Pe[0]         1.0     797156.0000    63.4014   4.728E+01    27     0     67
3s_3p2(2De)3d_3Pe[1]         3.0     799270.0000    63.3381   4.733E+01    27     0     68
3s_3p2(2De)3d_3Pe[2]         5.0     803016.0000    63.2257   4.742E+01    27     0     69
3s_3p2(2De)3d_3Se[1]         3.0     814196.0000    62.8906   4.767E+01    29     0     70
3s_3p2(2Se)3d_3De[1]         3.0     817696.0000    62.7857   4.775E+01    29     0     71
3s_3p2(2Se)3d_3De[2]         5.0     819517.0000    62.7311   4.779E+01    29     0     72
3s_3p2(2Se)3d_3De[3]         7.0     826439.0000    62.5235   4.795E+01    29     0     73
3s_3p2(2Pe)3d_3Fe[2]         5.0     828961.0000    62.4479   4.801E+01    30     0     74
3s_3p2(2Pe)3d_3Fe[3]         7.0     833423.0000    62.3142   4.811E+01    30     0     75
3s_3p2(2Pe)3d_3Fe[4]         9.0     835937.0000    62.2388   4.817E+01    30     0     76
3s_3p2(2De)3d_1De[2]         5.0     839580.0000    62.1296   4.825E+01    31     0     77
3s_3p2(2Pe)3d_3De[3]         7.0     863538.0000    61.4113   4.882E+01    32     0     78
3s_3p2(2Pe)3d_3De[2]         5.0     867050.0000    61.3061   4.890E+01    32     0     79
3s_3p2(2Pe)3d_3De[1]         3.0     869804.0000    61.2235   4.897E+01    32     0     80
3s_3p2(2Se)3d_1De[2]         5.0     869982.0000    61.2182   4.897E+01    33     0     81
3s_3p2(2De)3d_1Se[0]         1.0     879303.0000    60.9387   4.920E+01    33     0     82
3s_3p2(2De)3d_1Pe[1]         3.0     893348.0000    60.5177   4.954E+01    34     0     83
3s_3p2(2Pe)3d_3Pe[2]         5.0     897511.0000    60.3929   4.964E+01    35     0     84
3s_3p2(2Pe)3d_3Pe[1]         3.0     906271.0000    60.1302   4.986E+01    35     0     85
3s_3p2(2Pe)3d_3Pe[0]         1.0     906528.0000    60.1225   4.986E+01    35     0     86
3s_3p2(2Pe)3d_1Fe[3]         7.0     930536.0000    59.4028   5.047E+01    36     0     87
3s2_3d2_3Fe[2]               5.0     955589.0000    58.6517   5.111E+01    37     0     88
3s2_3d2_3Fe[3]               7.0     957795.0000    58.5856   5.117E+01    37     0     89
3s2_3d2_3Fe[4]               9.0     959327.0000    58.5397   5.121E+01    37     0     90
3s_3p2(2Pe)3d_1De[2]         5.0     962632.0000    58.4406   5.130E+01    38     0     91
3p3(2Do)3d_1So[0]            1.0     979562.0000    57.9330   5.175E+01    39     0     92
3p3(2Do)3d_3Fo[2]            5.0     985797.0000    57.7461   5.192E+01    40     0     93
3s2_3d2_3Pe[0]               1.0     988915.0000    57.6526   5.200E+01    41     0     94
3p3(2Do)3d_3Fo[3]            7.0     988993.0000    57.6503   5.200E+01    40     0     95
3s2_3d2_3Pe[1]               3.0     989748.0000    57.6277   5.202E+01    41     0     96
3s2_3d2_1Ge[4]               9.0     990572.0000    57.6030   5.204E+01    42     0     97
3s2_3d2_3Pe[2]               5.0     990990.0000    57.5904   5.206E+01    41     0     98
3p3(2Do)3d_3Fo[4]            9.0     994026.0000    57.4994   5.214E+01    40     0     99
3p3(2Do)3d_3Do[2]            5.0     995216.0000    57.4637   5.217E+01    40     0    100
3p3(2Do)3d_3Do[3]            7.0     996132.0000    57.4363   5.220E+01    40     0    101
3p3(2Do)3d_3Do[1]            3.0     996252.0000    57.4327   5.220E+01    40     0    102
3s2_3d2_1De[2]               5.0     996779.0000    57.4169   5.221E+01    42     0    103
3p3(4So)3d_5Do[0]            1.0     997544.0000    57.3939   5.223E+01    43     0    104
3p3(4So)3d_5Do[1]            3.0     997907.0000    57.3831   5.224E+01    43     0    105
3p3(4So)3d_5Do[2]            5.0     998963.0000    57.3514   5.227E+01    43     0    106
3p3(4So)3d_5Do[3]            7.0    1000979.0000    57.2910   5.233E+01    43     0    107
3p3(4So)3d_5Do[4]            9.0    1002041.0000    57.2591   5.236E+01    43     0    108
3p3(2Do)3d_3Go[3]            7.0    1019610.0000    56.7324   5.284E+01    44     0    109
3p3(2Do)3d_3Go[4]            9.0    1021715.0000    56.6693   5.290E+01    44     0    110
3p3(2Do)3d_3Go[5]           11.0    1024312.0000    56.5915   5.297E+01    44     0    111
3p3(2Po)3d_1Do[2]            5.0    1044212.0000    55.9949   5.354E+01    45     0    112
3p3(2Do)3d_1Go[4]            9.0    1052890.0000    55.7347   5.379E+01    45     0    113
3s2_3d2_1Se[0]               1.0    1065633.0000    55.3527   5.416E+01    46     0    114
3s_3p_3d2_5Go[2]             5.0    1066084.0000    55.3392   5.417E+01    47     0    115
3p3(2Do)3d_1Po[1]            3.0    1067682.0000    55.2913   5.422E+01    48     0    116
3s_3p_3d2_5Go[3]             7.0    1068844.0000    55.2564   5.425E+01    47     0    117
3s_3p_3d2_5Go[4]             9.0    1072591.0000    55.1441   5.437E+01    47     0    118
3p3(2Do)3d_3Po[0]            1.0    1072648.0000    55.1424   5.437E+01    49     0    119
3p3(2Po)3d_3Do[1]            3.0    1072735.0000    55.1398   5.437E+01    49     0    120
3s_3p_3d2_5Go[5]            11.0    1077409.0000    54.9997   5.451E+01    47     0    121
3p3(2Po)3d_3Do[2]            5.0    1077518.0000    54.9964   5.451E+01    49     0    122
3p3(2Do)3d_3So[1]            3.0    1079001.0000    54.9519   5.456E+01    49     0    123
3p3(2Do)3d_3Po[1]            3.0    1080999.0000    54.8920   5.461E+01    49     0    124
3p3(2Do)3d_3Po[2]            5.0    1083040.0000    54.8308   5.468E+01    49     0    125
3s_3p_3d2_5Go[6]            13.0    1083502.0000    54.8170   5.469E+01    47     0    126
3p3(2Po)3d_3Do[3]            7.0    1086174.0000    54.7369   5.477E+01    49     0    127
3p3(2Po)3d_3Fo[3]            7.0    1087472.0000    54.6980   5.481E+01    49     0    128
3p3(2Po)3d_3Fo[2]            5.0    1087672.0000    54.6920   5.481E+01    49     0    129
3p3(2Po)3d_3Po[2]            5.0    1088893.0000    54.6554   5.485E+01    50     0    130
3p3(2Po)3d_3Fo[4]            9.0    1089735.0000    54.6301   5.488E+01    49     0    131
3p3(2Po)3d_3Po[1]            3.0    1094712.0000    54.4809   5.503E+01    50     0    132
3p3(2Po)3d_3Po[0]            1.0    1095080.0000    54.4699   5.504E+01    50     0    133
3s_3p_3d2_5Do[0]             1.0    1116204.0000    53.8366   5.569E+01    51     0    134
3s_3p_3d2_5Do[1]             3.0    1116852.0000    53.8172   5.571E+01    51     0    135
3s_3p_3d2_5Do[2]             5.0    1118278.0000    53.7744   5.575E+01    51     0    136
3s_3p_3d2_5Do[3]             7.0    1120725.0000    53.7011   5.583E+01    51     0    137
3s_3p_3d2_5Fo[1]             3.0    1123655.0000    53.6132   5.592E+01    51     0    138
3s_3p_3d2_5Do[4]             9.0    1124599.0000    53.5849   5.595E+01    51     0    139
3s_3p_3d2_5Fo[2]             5.0    1125159.0000    53.5681   5.596E+01    51     0    140
3s_3p_3d2_5Fo[3]             7.0    1127463.0000    53.4991   5.604E+01    51     0    141
3s_3p_3d2_5Fo[4]             9.0    1130624.0000    53.4043   5.614E+01    51     0    142
3s_3p_3d2_5Fo[5]            11.0    1131205.0000    53.3869   5.615E+01    51     0    143
3s_3p_3d2_5Po[1]             3.0    1134552.0000    53.2866   5.626E+01    52     0    144
3p3(2Do)3d_1Fo[3]            7.0    1135496.0000    53.2583   5.629E+01    53     0    145
3s_3p_3d2_5Po[2]             5.0    1138108.0000    53.1799   5.637E+01    52     0    146
3p3(2Po)3d_1Fo[3]            7.0    1138887.0000    53.1566   5.640E+01    53     0    147
3s_3p_3d2_5Po[3]             7.0    1143199.0000    53.0273   5.654E+01    52     0    148
3p3(4So)3d_3Do[2]            5.0    1147512.0000    52.8980   5.667E+01    54     0    149
3s_3p_3d2_3Fo[2]             5.0    1150694.0000    52.8026   5.678E+01    54     0    150
3p3(4So)3d_3Do[3]            7.0    1153054.0000    52.7319   5.685E+01    54     0    151
3p3(4So)3d_3Do[1]            3.0    1154349.0000    52.6931   5.689E+01    54     0    152
3s_3p_3d2_3Fo[3]             7.0    1155940.0000    52.6454   5.695E+01    54     0    153
3s_3p_3d2_3Fo[4]             9.0    1158420.0000    52.5710   5.703E+01    54     0    154
3p3(2Do)3d_1Do[2]            5.0    1160538.0000    52.5075   5.710E+01    55     0    155
3s_3p_3d2(a)_5Do[2]          5.0    1161207.0000    52.4875   5.712E+01    56     0    156
3s_3p_3d2(a)_5Do[3]          7.0    1161262.0000    52.4858   5.712E+01    56     0    157
3s_3p_3d2(a)_5Do[1]          3.0    1161295.0000    52.4848   5.712E+01    56     0    158
3s_3p_3d2(a)_5Do[0]          1.0    1161394.0000    52.4818   5.712E+01    56     0    159
3s_3p_3d2(a)_5Do[4]          9.0    1162788.0000    52.4401   5.717E+01    56     0    160
3s_3p_3d2_3Do[1]             3.0    1171885.0000    52.1673   5.747E+01    57     0    161
3s_3p_3d2_3Do[2]             5.0    1173344.0000    52.1236   5.752E+01    57     0    162
3s_3p_3d2_3Ho[4]             9.0    1174957.0000    52.0752   5.757E+01    57     0    163
3s_3p_3d2_3Do[3]             7.0    1175396.0000    52.0621   5.758E+01    57     0    164
3s_3p_3d2_3Ho[5]            11.0    1179841.0000    51.9288   5.773E+01    57     0    165
3s_3p_3d2_3Ho[6]            13.0    1189102.0000    51.6512   5.804E+01    57     0    166
3s_3p_3d2_3So[1]             3.0    1189991.0000    51.6245   5.807E+01    57     0    167
3s_3p_3d2_3Go[3]             7.0    1190211.0000    51.6179   5.808E+01    57     0    168
3s_3p_3d2_3Go[4]             9.0    1192022.0000    51.5636   5.814E+01    57     0    169
3s_3p_3d2_3Go[5]            11.0    1194315.0000    51.4949   5.822E+01    57     0    170
3s_3p_3d2_5So[2]             5.0    1196938.0000    51.4163   5.831E+01    58     0    171
3s_3p_3d2(a)_3Go[3]          7.0    1207988.0000    51.0850   5.869E+01    59     0    172
3s_3p_3d2(a)_3Go[4]          9.0    1213870.0000    50.9087   5.889E+01    59     0    173
3s_3p_3d2(a)_3Go[5]         11.0    1222902.0000    50.6379   5.920E+01    59     0    174
3s_3p_3d2_3Po[2]             5.0    1224976.0000    50.5757   5.928E+01    60     0    175
3p3(2Po)3d_1Po[1]            3.0    1226797.0000    50.5211   5.934E+01    61     0    176
3s_3p_3d2(a)_3Fo[3]          7.0    1231000.0000    50.3951   5.949E+01    59     0    177
3s_3p_3d2_3Po[1]             3.0    1231351.0000    50.3846   5.950E+01    60     0    178
3s_3p_3d2(a)_3Fo[2]          5.0    1231724.0000    50.3734   5.951E+01    59     0    179
3s_3p_3d2(a)_3Fo[4]          9.0    1231834.0000    50.3701   5.952E+01    59     0    180
3s_3p_3d2_3Po[0]             1.0    1234501.0000    50.2902   5.961E+01    60     0    181
3s_3p_3d2_1Fo[3]             7.0    1239823.0000    50.1306   5.980E+01    61     0    182
3s_3p_3d2_1Do[2]             5.0    1240141.0000    50.1211   5.981E+01    61     0    183
3s_3p_3d2_1Go[4]             9.0    1245222.0000    49.9687   6.000E+01    61     0    184
3s_3p_3d2(a)_3Do[1]          3.0    1249436.0000    49.8424   6.015E+01    62     0    185
3s_3p_3d2_1So[0]             1.0    1251762.0000    49.7727   6.023E+01    63     0    186
3s_3p_3d2(a)_3Do[2]          5.0    1253485.0000    49.7210   6.029E+01    62     0    187
3s_3p_3d2(a)_3Po[0]          1.0    1256492.0000    49.6309   6.040E+01    62     0    188
3s_3p_3d2(a)_3Do[3]          7.0    1256778.0000    49.6223   6.041E+01    62     0    189
3s_3p_3d2(a)_3Po[1]          3.0    1260267.0000    49.5177   6.054E+01    62     0    190
3s_3p_3d2(a)_3Po[2]          5.0    1269716.0000    49.2344   6.089E+01    62     0    191
3s_3p_3d2(b)_3Do[1]          3.0    1269814.0000    49.2315   6.089E+01    64     0    192
3s_3p_3d2(b)_3Fo[4]          9.0    1270473.0000    49.2117   6.092E+01    62     0    193
3s_3p_3d2(b)_3Fo[3]          7.0    1270791.0000    49.2022   6.093E+01    62     0    194
3s_3p_3d2(b)_3Fo[2]          5.0    1271230.0000    49.1890   6.095E+01    62     0    195
3s_3p_3d2(b)_3Do[2]          5.0    1274116.0000    49.1025   6.105E+01    64     0    196
3s_3p_3d2(b)_3Do[3]          7.0    1277507.0000    49.0009   6.118E+01    64     0    197
3s_3p_3d2(b)_3Po[0]          1.0    1282412.0000    48.8538   6.137E+01    64     0    198
3s_3p_3d2(b)_3Po[1]          3.0    1283005.0000    48.8360   6.139E+01    64     0    199
3s_3p_3d2(b)_3Po[2]          5.0    1290258.0000    48.6186   6.166E+01    64     0    200
3s_3p_3d2_1Ho[5]            11.0    1291542.0000    48.5801   6.171E+01    65     0    201
3s_3p_3d2(b)_3Go[5]         11.0    1301265.0000    48.2886   6.208E+01    66     0    202
3s_3p_3d2(b)_3Go[4]          9.0    1301770.0000    48.2735   6.210E+01    66     0    203
3s_3p_3d2(b)_3Go[3]          7.0    1302198.0000    48.2606   6.212E+01    66     0    204
3s_3p_3d2(c)_3Fo[2]          5.0    1306094.0000    48.1439   6.227E+01    66     0    205
3s_3p_3d2(c)_3Fo[3]          7.0    1308859.0000    48.0610   6.238E+01    66     0    206
3s_3p_3d2(c)_3Fo[4]          9.0    1310702.0000    48.0057   6.245E+01    66     0    207
3s_3p_3d2_1Po[1]             3.0    1314763.0000    47.8840   6.261E+01    65     0    208
3s2_3p_4s_3Po[0]             1.0    1332540.0000    47.3510   6.331E+01    67     0    209
3s2_3p_4s_3Po[1]             3.0    1336216.0000    47.2408   6.346E+01    67     0    210
3s_3p_3d2(c)_3Do[3]          7.0    1339574.0000    47.1401   6.360E+01    67     0    211
3s_3p_3d2(c)_3Do[2]          5.0    1340375.0000    47.1161   6.363E+01    67     0    212
3s_3p_3d2(c)_3Do[1]          3.0    1343009.0000    47.0372   6.374E+01    67     0    213
3s_3p_3d2(d)_3Do[2]          5.0    1343097.0000    47.0345   6.374E+01    67     0    214
3s_3p_3d2(d)_3Do[3]          7.0    1344984.0000    46.9780   6.382E+01    67     0    215
3s_3p_3d2(d)_3Do[1]          3.0    1346192.0000    46.9417   6.386E+01    67     0    216
3s_3p_3d2(a)_1Po[1]          3.0    1347848.0000    46.8921   6.393E+01    68     0    217
3s2_3p_4s_3Po[2]             5.0    1349045.0000    46.8562   6.398E+01    67     0    218
3s_3p_3d2(a)_1Do[2]          5.0    1349626.0000    46.8388   6.401E+01    68     0    219
3s_3p_3d2(a)_1Fo[3]          7.0    1350899.0000    46.8006   6.406E+01    68     0    220
3s2_3p_4s_1Po[1]             3.0    1359448.0000    46.5443   6.441E+01    68     0    221
3s_3p_3d2(c)_3Po[0]          1.0    1361642.0000    46.4786   6.450E+01    69     0    222
3s_3p_3d2(c)_3Po[2]          5.0    1361994.0000    46.4680   6.452E+01    69     0    223
3s_3p_3d2(c)_3Po[1]          3.0    1362082.0000    46.4654   6.452E+01    69     0    224
3s_3p_3d2(a)_1Go[4]          9.0    1370531.0000    46.2121   6.487E+01    68     0    225
3p2_3d2_5Ge[2]               5.0    1383283.0000    45.8298   6.541E+01    70     0    226
3p2_3d2_5Ge[3]               7.0    1386278.0000    45.7400   6.554E+01    70     0    227
3s_3p_3d2(a)_3So[1]          3.0    1386355.0000    45.7377   6.555E+01    69     0    228
3s_3p_3d2(b)_1Fo[3]          7.0    1389329.0000    45.6485   6.567E+01    71     0    229
3p2_3d2_5Ge[4]               9.0    1390163.0000    45.6235   6.571E+01    70     0    230
3p2_3d2_5Ge[5]              11.0    1394860.0000    45.4827   6.591E+01    70     0    231
3s_3p_3d2(b)_1Do[2]          5.0    1400040.0000    45.3274   6.614E+01    71     0    232
3p2_3d2_5Ge[6]              13.0    1400160.0000    45.3238   6.614E+01    70     0    233
3p2_3d2_3Fe[2]               5.0    1409225.0000    45.0521   6.654E+01    72     0    234
3p2_3d2_3Fe[3]               7.0    1412374.0000    44.9577   6.668E+01    72     0    235
3p2_3d2_3Fe[4]               9.0    1413910.0000    44.9116   6.675E+01    72     0    236
3p2_3d2_3Pe[0]               1.0    1417510.0000    44.8037   6.691E+01    72     0    237
3p2_3d2_3Pe[1]               3.0    1420220.0000    44.7224   6.703E+01    72     0    238
3p2_3d2_3Pe[2]               5.0    1423512.0000    44.6237   6.718E+01    72     0    239
3p2_3d2_1Ge[4]               9.0    1423853.0000    44.6135   6.720E+01    73     0    240
3p2_3d2_5Fe[1]               3.0    1426464.0000    44.5352   6.732E+01    74     0    241
3p2_3d2_5Fe[2]               5.0    1427123.0000    44.5155   6.735E+01    74     0    242
3p2_3d2_5De[0]               1.0    1427287.0000    44.5106   6.735E+01    74     0    243
3p2_3d2_5De[1]               3.0    1428868.0000    44.4632   6.742E+01    74     0    244
3p2_3d2_5Fe[3]               7.0    1428977.0000    44.4599   6.743E+01    74     0    245
3p2_3d2_5Fe[4]               9.0    1431051.0000    44.3977   6.752E+01    74     0    246
3p2_3d2_5De[2]               5.0    1431227.0000    44.3925   6.753E+01    74     0    247
3p2_3d2_1De[2]               5.0    1432785.0000    44.3458   6.760E+01    73     0    248
3p2_3d2_5Fe[5]              11.0    1433586.0000    44.3217   6.764E+01    74     0    249
3s2_3p_4p_1Pe[1]             3.0    1434190.0000    44.3036   6.767E+01    73     0    250
3s_3p_3d2(b)_1Po[1]          3.0    1435156.0000    44.2747   6.771E+01    75     0    251
3p2_3d2_5De[3]               7.0    1435627.0000    44.2605   6.773E+01    74     0    252
3p2_3d2_3He[4]               9.0    1436319.0000    44.2398   6.777E+01    76     0    253
3p2_3d2_3He[5]              11.0    1438887.0000    44.1628   6.788E+01    76     0    254
3p2_3d2_5De[4]               9.0    1441696.0000    44.0786   6.801E+01    74     0    255
3p2_3d2_3He[6]              13.0    1443254.0000    44.0319   6.809E+01    76     0    256
3s2_3p_4p_3De[1]             3.0    1446821.0000    43.9250   6.825E+01    76     0    257
3p2_3d2_3Ge[3]               7.0    1447951.0000    43.8911   6.830E+01    76     0    258
3s2_3p_4p_3De[2]             5.0    1448302.0000    43.8806   6.832E+01    76     0    259
3p2_3d2_3De[1]               3.0    1449487.0000    43.8450   6.838E+01    76     0    260
3p2_3d2_3De[3]               7.0    1450003.0000    43.8296   6.840E+01    76     0    261
3p2_3d2_5Se[2]               5.0    1450387.0000    43.8181   6.842E+01    74     0    262
3p2_3d2_3De[2]               5.0    1453427.0000    43.7269   6.856E+01    76     0    263
3p2_3d2_3Ge[4]               9.0    1453580.0000    43.7223   6.857E+01    76     0    264
3s2_3p_4p_3Pe[0]             1.0    1457959.0000    43.5911   6.877E+01    77     0    265
3p2_3d2_3Ge[5]              11.0    1460318.0000    43.5203   6.889E+01    76     0    266
3s2_3p_4p_3De[3]             7.0    1461086.0000    43.4973   6.892E+01    76     0    267
3s2_3p_4p_3Pe[1]             3.0    1462809.0000    43.4457   6.900E+01    77     0    268
3p2_3d2(a)_3Fe[2]            5.0    1468845.0000    43.2647   6.929E+01    77     0    269
3p2_3d2(a)_3Fe[4]            9.0    1469240.0000    43.2529   6.931E+01    77     0    270
3p2_3d2(a)_3Fe[3]            7.0    1469701.0000    43.2390   6.933E+01    77     0    271
3s2_3p_4p_3Pe[2]             5.0    1470228.0000    43.2232   6.936E+01    77     0    272
3s2_3p_4p_3Se[1]             3.0    1470260.0000    43.2223   6.936E+01    77     0    273
3p2_3d2_5Pe[1]               3.0    1477591.0000    43.0025   6.972E+01    78     0    274
3p2_3d2_5Pe[2]               5.0    1480082.0000    42.9278   6.984E+01    78     0    275
3p2_3d2_1He[5]              11.0    1484493.0000    42.7956   7.005E+01    79     0    276
3p2_3d2_5Pe[3]               7.0    1485086.0000    42.7778   7.008E+01    78     0    277
3p2_3d2(a)_5De[4]            9.0    1486282.0000    42.7420   7.014E+01    78     0    278
3p2_3d2(a)_5De[2]            5.0    1487160.0000    42.7156   7.018E+01    78     0    279
3p2_3d2(a)_5De[1]            3.0    1487621.0000    42.7018   7.021E+01    78     0    280
3p2_3d2(a)_5De[3]            7.0    1487643.0000    42.7011   7.021E+01    78     0    281
3s2_3p_4p_1De[2]             5.0    1488148.0000    42.6860   7.023E+01    79     0    282
3p2_3d2(a)_5De[0]            1.0    1488576.0000    42.6732   7.025E+01    78     0    283
3p2_3d2(a)_3De[1]            3.0    1493624.0000    42.5218   7.050E+01    80     0    284
3p2_3d2(a)_3De[2]            5.0    1495412.0000    42.4682   7.059E+01    80     0    285
3p2_3d2(a)_3De[3]            7.0    1497124.0000    42.4169   7.068E+01    80     0    286
3p2_3d2(a)_3Pe[1]            3.0    1497804.0000    42.3965   7.071E+01    80     0    287
3p2_3d2(a)_3Pe[0]            1.0    1498419.0000    42.3781   7.074E+01    80     0    288
3p2_3d2(a)_3Pe[2]            5.0    1498737.0000    42.3686   7.076E+01    80     0    289
3p2_3d2_1Fe[3]               7.0    1513497.0000    41.9261   7.151E+01    79     0    290
3p2_3d2(a)_3He[4]            9.0    1513530.0000    41.9251   7.151E+01    81     0    291
3p2_3d2_1Ie[6]              13.0    1515077.0000    41.8787   7.159E+01    82     0    292
3p2_3d2(b)_3Fe[2]            5.0    1517261.0000    41.8132   7.170E+01    81     0    293
3p2_3d2(a)_3He[5]           11.0    1519116.0000    41.7576   7.179E+01    81     0    294
3s2_3p_4p_1Se[0]             1.0    1519236.0000    41.7540   7.180E+01    82     0    295
3p2_3d2(b)_3Fe[3]            7.0    1521321.0000    41.6915   7.191E+01    81     0    296
3p2_3d2(b)_3Fe[4]            9.0    1526139.0000    41.5471   7.216E+01    81     0    297
3p2_3d2_1Pe[1]               3.0    1526589.0000    41.5336   7.218E+01    82     0    298
3p2_3d2(a)_3He[6]           13.0    1529058.0000    41.4596   7.231E+01    81     0    299
3p2_3d2(a)_1De[2]            5.0    1537343.0000    41.2112   7.275E+01    82     0    300
3p2_3d2(a)_1Ge[4]            9.0    1539592.0000    41.1438   7.286E+01    82     0    301
3p2_3d2(b)_3Pe[0]            1.0    1543400.0000    41.0296   7.307E+01    83     0    302
3p2_3d2(c)_3Fe[3]            7.0    1548031.0000    40.8908   7.332E+01    83     0    303
3p2_3d2(c)_3Fe[4]            9.0    1549184.0000    40.8562   7.338E+01    83     0    304
3p2_3d2(b)_3Pe[1]            3.0    1550248.0000    40.8243   7.343E+01    83     0    305
3p2_3d2(c)_3Fe[2]            5.0    1551159.0000    40.7970   7.348E+01    83     0    306
3p2_3d2(a)_3Ge[3]            7.0    1552794.0000    40.7480   7.357E+01    83     0    307
3s_3p2(4Pe)4s_5Pe[1]         3.0    1553738.0000    40.7197   7.362E+01    84     0    308
3p2_3d2(a)_3Ge[5]           11.0    1556734.0000    40.6299   7.379E+01    83     0    309
3p2_3d2(a)_3Ge[4]            9.0    1556865.0000    40.6259   7.379E+01    83     0    310
3p2_3d2(b)_3Pe[2]            5.0    1559532.0000    40.5460   7.394E+01    83     0    311
3p2_3d2(c)_3Pe[0]            1.0    1559894.0000    40.5351   7.396E+01    83     0    312
3s_3p2(4Pe)4s_5Pe[2]         5.0    1560278.0000    40.5236   7.398E+01    84     0    313
3p2_3d2(b)_3Ge[3]            7.0    1560706.0000    40.5108   7.400E+01    83     0    314
3p2_3d2(b)_3Ge[4]            9.0    1562176.0000    40.4667   7.408E+01    83     0    315
3p2_3d2(c)_3Pe[2]            5.0    1562659.0000    40.4522   7.411E+01    83     0    316
3p2_3d2(c)_3Pe[1]            3.0    1562934.0000    40.4440   7.413E+01    83     0    317
3p2_3d2(b)_3Ge[5]           11.0    1563779.0000    40.4186   7.417E+01    83     0    318
3p2_3d2(b)_3De[1]            3.0    1564975.0000    40.3828   7.424E+01    83     0    319
3p2_3d2(b)_3De[2]            5.0    1567246.0000    40.3147   7.436E+01    83     0    320
3p2_3d2(a)_1Fe[3]            7.0    1567784.0000    40.2986   7.439E+01    85     0    321
3p2_3d2_1Se[0]               1.0    1567839.0000    40.2969   7.440E+01    85     0    322
3s_3p2(4Pe)4s_5Pe[3]         7.0    1568420.0000    40.2795   7.443E+01    84     0    323
3p2_3d2(d)_3Fe[2]            5.0    1570110.0000    40.2289   7.452E+01    86     0    324
3p2_3d2(b)_3De[3]            7.0    1570143.0000    40.2279   7.452E+01    83     0    325
3p2_3d2(d)_3Fe[3]            7.0    1574818.0000    40.0877   7.478E+01    86     0    326
3p2_3d2(d)_3Fe[4]            9.0    1581293.0000    39.8936   7.515E+01    86     0    327
3p2_3d2(a)_1Pe[1]            3.0    1587284.0000    39.7140   7.549E+01    85     0    328
3p2_3d2(c)_3De[3]            7.0    1589940.0000    39.6344   7.564E+01    86     0    329
3p2_3d2(c)_3De[2]            5.0    1590258.0000    39.6248   7.566E+01    86     0    330
3s_3p2(4Pe)4s_3Pe[0]         1.0    1590522.0000    39.6169   7.567E+01    87     0    331
3p2_3d2(c)_3De[1]            3.0    1593177.0000    39.5373   7.583E+01    86     0    332
3p2_3d2(b)_1De[2]            5.0    1594439.0000    39.4995   7.590E+01    85     0    333
3s_3p2(4Pe)4s_3Pe[1]         3.0    1595921.0000    39.4551   7.598E+01    87     0    334
3s_3d3_5Fe[1]                3.0    1598576.0000    39.3755   7.614E+01    88     0    335
3s_3d3_5Fe[2]                5.0    1599114.0000    39.3593   7.617E+01    88     0    336
3s_3d3_5Fe[3]                7.0    1599937.0000    39.3347   7.622E+01    88     0    337
3s_3d3_5Fe[4]                9.0    1601034.0000    39.3018   7.628E+01    88     0    338
3s2_3p_4d_1Do[2]             5.0    1602022.0000    39.2722   7.634E+01    89     0    339
3s_3d3_5Fe[5]               11.0    1602406.0000    39.2606   7.636E+01    88     0    340
3s2_3p_4d_3Do[1]             3.0    1603767.0000    39.2198   7.644E+01    90     0    341
3s2_3p_4d_3Do[2]             5.0    1604348.0000    39.2024   7.647E+01    90     0    342
3s_3p2(4Pe)4s_3Pe[2]         5.0    1604403.0000    39.2008   7.648E+01    87     0    343
3s2_3p_4d_3Do[3]             7.0    1606488.0000    39.1383   7.660E+01    90     0    344
3s2_3p_4d_3Fo[2]             5.0    1617462.0000    38.8093   7.725E+01    90     0    345
3p2_3d2(b)_1Ge[4]            9.0    1618691.0000    38.7724   7.732E+01    91     0    346
3s2_3p_4d_3Fo[3]             7.0    1619602.0000    38.7451   7.738E+01    90     0    347
3p2_3d2(c)_1De[2]            5.0    1620260.0000    38.7254   7.741E+01    91     0    348
3p2_3d2(d)_3De[1]            3.0    1623344.0000    38.6329   7.760E+01    92     0    349
3s2_3p_4d_3Fo[4]             9.0    1624880.0000    38.5869   7.769E+01    90     0    350
3p2_3d2(d)_3De[2]            5.0    1626384.0000    38.5418   7.778E+01    92     0    351
3s2_3p_4d_3Po[2]             5.0    1627437.0000    38.5102   7.785E+01    90     0    352
3s2_3p_4d_3Po[1]             3.0    1628952.0000    38.4648   7.794E+01    90     0    353
3p2_3d2(d)_3Pe[0]            1.0    1629083.0000    38.4609   7.795E+01    92     0    354
3s2_3p_4d_1Fo[3]             7.0    1630576.0000    38.4161   7.804E+01    89     0    355
3p2_3d2(d)_3De[3]            7.0    1631377.0000    38.3921   7.809E+01    92     0    356
3p2_3d2(d)_3Pe[1]            3.0    1631629.0000    38.3846   7.810E+01    92     0    357
3s2_3p_4d_3Po[0]             1.0    1631651.0000    38.3839   7.810E+01    90     0    358
3s_3d3_5Pe[1]                3.0    1632683.0000    38.3530   7.817E+01    93     0    359
3s_3d3_5Pe[2]                5.0    1633023.0000    38.3428   7.819E+01    93     0    360
3s_3p2(2De)4s_3De[1]         3.0    1633780.0000    38.3201   7.823E+01    92     0    361
3s_3d3_5Pe[3]                7.0    1633967.0000    38.3145   7.825E+01    93     0    362
3s_3p2(2De)4s_3De[2]         5.0    1634570.0000    38.2964   7.828E+01    92     0    363
3p2_3d2(d)_1De[2]            5.0    1635415.0000    38.2711   7.833E+01    91     0    364
3s_3p2(2De)4s_3De[3]         7.0    1635448.0000    38.2701   7.834E+01    92     0    365
3s2_3p_4d_1Po[1]             3.0    1637237.0000    38.2164   7.845E+01    94     0    366
3p2_3d2(d)_3Pe[2]            5.0    1641813.0000    38.0792   7.873E+01    92     0    367
3p2_3d2_3Se[1]               3.0    1645280.0000    37.9753   7.894E+01    92     0    368
3p2_3d2(b)_1Fe[3]            7.0    1647739.0000    37.9016   7.910E+01    91     0    369
3p2_3d2(a)_1Se[0]            1.0    1649593.0000    37.8460   7.921E+01    91     0    370
3p2_3d2(e)_3Fe[4]            9.0    1650032.0000    37.8328   7.924E+01    95     0    371
3p2_3d2(e)_3Fe[3]            7.0    1657802.0000    37.5999   7.973E+01    95     0    372
3s_3p2(4Pe)4p_3So[1]         3.0    1658932.0000    37.5660   7.980E+01    96     0    373
3s_3p2(4Pe)4p_5Do[0]         1.0    1660446.0000    37.5206   7.990E+01    97     0    374
3p2_3d2(e)_3Fe[2]            5.0    1660512.0000    37.5187   7.990E+01    95     0    375
3s_3p2(2De)4s_1De[2]         5.0    1661401.0000    37.4920   7.996E+01    98     0    376
3s_3p2(4Pe)4p_5Do[1]         3.0    1663244.0000    37.4368   8.008E+01    97     0    377
3p2_3d2(e)_3Pe[2]            5.0    1663694.0000    37.4233   8.011E+01    95     0    378
3s_3p2(4Pe)4p_5Do[2]         5.0    1666833.0000    37.3292   8.031E+01    97     0    379
3p2_3d2(e)_3Pe[1]            3.0    1670312.0000    37.2249   8.054E+01    95     0    380
3p2_3d2(c)_1Ge[4]            9.0    1671650.0000    37.1848   8.062E+01    98     0    381
3s_3p2(4Pe)4p_5Do[3]         7.0    1673187.0000    37.1387   8.072E+01    97     0    382
3p2_3d2(e)_3Pe[0]            1.0    1673494.0000    37.1295   8.074E+01    95     0    383
3s_3d3_3He[4]                9.0    1677006.0000    37.0242   8.097E+01    95     0    384
3s_3d3_3He[5]               11.0    1677379.0000    37.0130   8.100E+01    95     0    385
3s_3d3_3Ge[3]                7.0    1677609.0000    37.0061   8.101E+01    95     0    386
3s_3d3_3He[6]               13.0    1679014.0000    36.9640   8.110E+01    95     0    387
3s_3d3_3Ge[4]                9.0    1679277.0000    36.9561   8.112E+01    95     0    388
3s_3p2(4Pe)4p_5Po[1]         3.0    1679299.0000    36.9554   8.112E+01    97     0    389
3s_3d3_3Ge[5]               11.0    1679343.0000    36.9541   8.113E+01    95     0    390
3s_3p2(4Pe)4p_5Po[2]         5.0    1680276.0000    36.9262   8.119E+01    97     0    391
3s_3p2(4Pe)4p_5Do[4]         9.0    1681143.0000    36.9002   8.124E+01    97     0    392
3s_3p2(4Pe)4p_5Po[3]         7.0    1685576.0000    36.7673   8.154E+01    97     0    393
3s_3p2(4Pe)4p_3Do[1]         3.0    1687815.0000    36.7001   8.169E+01    99     0    394
3s_3p2(4Pe)4p_3Do[2]         5.0    1692654.0000    36.5551   8.201E+01    99     0    395
3s_3p2(4Pe)4p_5So[2]         5.0    1700248.0000    36.3274   8.253E+01   100     0    396
3s_3p2(4Pe)4p_3Do[3]         7.0    1700742.0000    36.3126   8.256E+01    99     0    397
3s_3d3_3De[1]                3.0    1701027.0000    36.3041   8.258E+01   101     0    398
3s_3d3_3De[2]                5.0    1701620.0000    36.2863   8.262E+01   101     0    399
3s2_3p_4f_1Fe[3]             7.0    1702838.0000    36.2498   8.270E+01   102     0    400
3s_3d3_3De[3]                7.0    1702991.0000    36.2452   8.271E+01   101     0    401
3s_3d3_3Pe[0]                1.0    1707139.0000    36.1208   8.300E+01   101     0    402
3s2_3p_4f_3Fe[3]             7.0    1707974.0000    36.0958   8.305E+01   101     0    403
3s_3d3_3Pe[1]                3.0    1708094.0000    36.0922   8.306E+01   101     0    404
3s_3p2(4Pe)4p_3Po[0]         1.0    1708412.0000    36.0827   8.308E+01    99     0    405
3s_3d3_3Pe[2]                5.0    1709082.0000    36.0626   8.313E+01   101     0    406
3s2_3p_4f_3Ge[4]             9.0    1709334.0000    36.0550   8.315E+01   101     0    407
3s_3p2(4Pe)4p_3Po[1]         3.0    1710695.0000    36.0142   8.324E+01    99     0    408
3s2_3p_4f_3Fe[2]             5.0    1711068.0000    36.0030   8.327E+01   101     0    409
3s_3p2(2Se)4s_3Se[1]         3.0    1711518.0000    35.9895   8.330E+01   101     0    410
3s_3p2(4Pe)4p_3Po[2]         5.0    1711726.0000    35.9833   8.331E+01    99     0    411
3s_3d3_3Fe[3]                7.0    1719035.0000    35.7642   8.382E+01   101     0    412
3s_3d3_3Fe[4]                9.0    1719079.0000    35.7629   8.383E+01   101     0    413
3s_3d3_3Fe[2]                5.0    1719276.0000    35.7570   8.384E+01   101     0    414
3s2_3p_4f_3Ge[3]             7.0    1719869.0000    35.7392   8.388E+01   101     0    415
3s_3p2(2Pe)4s_3Pe[0]         1.0    1720835.0000    35.7102   8.395E+01   103     0    416
3s2_3p_4f_3Fe[4]             9.0    1722272.0000    35.6671   8.405E+01   101     0    417
3s2_3p_4f_3Ge[5]            11.0    1722601.0000    35.6573   8.408E+01   101     0    418
3s2_3p_4f_3De[3]             7.0    1730020.0000    35.4349   8.460E+01   103     0    419
3p2_3d2(e)_1De[2]            5.0    1731073.0000    35.4033   8.468E+01   102     0    420
3s_3p2(2Pe)4s_3Pe[1]         3.0    1731764.0000    35.3826   8.473E+01   103     0    421
3s2_3p_4f_3De[2]             5.0    1732620.0000    35.3569   8.479E+01   103     0    422
3s2_3p_4f_3De[1]             3.0    1735122.0000    35.2819   8.497E+01   103     0    423
3s_3p2(2Pe)4s_3Pe[2]         5.0    1737602.0000    35.2076   8.515E+01   103     0    424
3s_3p2(2De)4p_1Do[2]         5.0    1743430.0000    35.0328   8.557E+01   104     0    425
3s_3p2(2Pe)4s_1Pe[1]         3.0    1743825.0000    35.0210   8.560E+01   105     0    426
3s_3p2(2Se)4s_1Se[0]         1.0    1745921.0000    34.9582   8.576E+01   105     0    427
3s2_3p_4f_1Ge[4]             9.0    1748840.0000    34.8707   8.597E+01   105     0    428
3s_3p2(2De)4p_3Fo[3]         7.0    1749235.0000    34.8588   8.600E+01   106     0    429
3s_3p2(2De)4p_3Fo[2]         5.0    1749674.0000    34.8457   8.603E+01   106     0    430
3s2_3p_4f_1De[2]             5.0    1750255.0000    34.8282   8.608E+01   105     0    431
3s_3p2(2De)4p_3Fo[4]         9.0    1753251.0000    34.7384   8.630E+01   106     0    432
3s_3p2(2De)4p_3Do[1]         3.0    1754304.0000    34.7069   8.638E+01   106     0    433
3s_3p2(2De)4p_3Do[2]         5.0    1756159.0000    34.6512   8.652E+01   106     0    434
3s_3d3_1He[5]               11.0    1756433.0000    34.6430   8.654E+01   105     0    435
3s_3p2(2De)4p_3Do[3]         7.0    1757289.0000    34.6174   8.660E+01   106     0    436
3s_3p2(2De)4p_1Fo[3]         7.0    1759111.0000    34.5627   8.674E+01   104     0    437
3s_3d3(a)_3De[3]             7.0    1763358.0000    34.4354   8.706E+01   107     0    438
3s_3d3(a)_3De[2]             5.0    1763676.0000    34.4259   8.708E+01   107     0    439
3s_3d3(a)_3De[1]             3.0    1763885.0000    34.4196   8.710E+01   107     0    440
3s_3p2(2De)4p_1Po[1]         3.0    1768592.0000    34.2785   8.746E+01   104     0    441
3s_3d3(a)_3Fe[2]             5.0    1770019.0000    34.2357   8.757E+01   107     0    442
3s_3d3_1Ge[4]                9.0    1770579.0000    34.2189   8.761E+01   105     0    443
3s_3d3(a)_3Fe[3]             7.0    1770743.0000    34.2140   8.762E+01   107     0    444
3s_3d3(a)_3Fe[4]             9.0    1772949.0000    34.1479   8.779E+01   107     0    445
3s_3p2(2De)4p_3Po[0]         1.0    1774770.0000    34.0933   8.793E+01   106     0    446
3s_3p2(2De)4p_3Po[1]         3.0    1775297.0000    34.0775   8.797E+01   106     0    447
3s_3d3_1Pe[1]                3.0    1776900.0000    34.0294   8.810E+01   105     0    448
3s_3p2(2De)4p_3Po[2]         5.0    1777240.0000    34.0192   8.812E+01   106     0    449
3s_3d3_1De[2]                5.0    1812608.0000    32.9589   9.096E+01   108     0    450
3s_3d3_1Fe[3]                7.0    1813102.0000    32.9441   9.100E+01   108     0    451
3s_3p2(2Pe)4p_1So[0]         1.0    1814013.0000    32.9168   9.108E+01   109     0    452
3s_3d3(a)_3Pe[0]             1.0    1816624.0000    32.8385   9.129E+01   110     0    453
3s2_3d_4s_3De[1]             3.0    1819829.0000    32.7425   9.156E+01   110     0    454
3s_3d3(a)_3Pe[2]             5.0    1819906.0000    32.7402   9.157E+01   110     0    455
3s_3d3(a)_3Pe[1]             3.0    1820048.0000    32.7359   9.158E+01   110     0    456
3s2_3d_4s_3De[2]             5.0    1820641.0000    32.7181   9.163E+01   110     0    457
3s2_3d_4s_3De[3]             7.0    1822177.0000    32.6721   9.176E+01   110     0    458
3s_3p2(2Pe)4p_3Do[1]         3.0    1824898.0000    32.5905   9.199E+01   111     0    459
3p2_3d2(b)_1Se[0]            1.0    1824942.0000    32.5892   9.199E+01   108     0    460
3s_3p2(4Pe)4d_5Pe[3]         7.0    1828476.0000    32.4832   9.229E+01   112     0    461
3s_3p2(4Pe)4d_3Pe[2]         5.0    1829486.0000    32.4530   9.238E+01   110     0    462
3s_3p2(4Pe)4d_5Fe[1]         3.0    1829936.0000    32.4395   9.242E+01   112     0    463
3s2_3d_4s_1De[2]             5.0    1830122.0000    32.4339   9.243E+01   108     0    464
3s_3p2(2Se)4p_3Po[1]         3.0    1830715.0000    32.4161   9.248E+01   111     0    465
3s_3p2(2Pe)4p_3Do[2]         5.0    1831351.0000    32.3970   9.254E+01   111     0    466
3s_3p2(2Se)4p_3Po[0]         1.0    1831417.0000    32.3951   9.254E+01   111     0    467
3s_3p2(4Pe)4d_5Fe[2]         5.0    1832602.0000    32.3595   9.264E+01   112     0    468
3s_3p2(4Pe)4d_5Pe[2]         5.0    1834237.0000    32.3105   9.278E+01   112     0    469
3p_3d3_5Go[2]                5.0    1834413.0000    32.3052   9.280E+01   113     0    470
3s_3p2(4Pe)4d_5Pe[1]         3.0    1834940.0000    32.2894   9.285E+01   112     0    471
3s_3p2(4Pe)4d_5Fe[3]         7.0    1835225.0000    32.2809   9.287E+01   112     0    472
3p_3d3_5Go[3]                7.0    1837079.0000    32.2253   9.303E+01   113     0    473
3s_3p2(4Pe)4d_3Fe[2]         5.0    1838276.0000    32.1894   9.313E+01   110     0    474
3s_3p2(4Pe)4d_3Pe[1]         3.0    1838539.0000    32.1816   9.316E+01   110     0    475
3s_3p2(4Pe)4d_5Fe[4]         9.0    1839164.0000    32.1628   9.321E+01   112     0    476
3s_3p2(4Pe)4d_3Pe[0]         1.0    1840185.0000    32.1322   9.330E+01   110     0    477
3p_3d3_5Go[4]                9.0    1840734.0000    32.1157   9.335E+01   113     0    478
3s_3p2(4Pe)4d_3Fe[3]         7.0    1842709.0000    32.0565   9.352E+01   110     0    479
3s_3p2(2Se)4p_1Po[1]         3.0    1843642.0000    32.0286   9.360E+01   109     0    480
3s_3p2(2Se)4p_3Po[2]         5.0    1844443.0000    32.0046   9.367E+01   111     0    481
3s_3p2(4Pe)4d_5Fe[5]        11.0    1845376.0000    31.9766   9.375E+01   112     0    482
3p_3d3_5Go[5]               11.0    1845562.0000    31.9710   9.377E+01   113     0    483
3s_3p2(2Pe)4p_3Do[3]         7.0    1846616.0000    31.9394   9.386E+01   111     0    484
3s_3p2(4Pe)4d_3Fe[4]         9.0    1849238.0000    31.8608   9.409E+01   110     0    485
3s_3p2(4Pe)4d_5De[0]         1.0    1850259.0000    31.8302   9.418E+01   112     0    486
3s_3p2(4Pe)4d_5De[1]         3.0    1850786.0000    31.8144   9.423E+01   112     0    487
3p_3d3_5Go[6]               13.0    1852004.0000    31.7779   9.434E+01   113     0    488
3s_3p2(2Pe)4p_3Po[2]         5.0    1852135.0000    31.7740   9.435E+01   111     0    489
3s_3p2(4Pe)4d_5De[2]         5.0    1852311.0000    31.7687   9.437E+01   112     0    490
3s_3p2(2Pe)4p_3So[1]         3.0    1852991.0000    31.7483   9.443E+01   111     0    491
3s_3p2(2Pe)4p_3Po[0]         1.0    1853705.0000    31.7269   9.449E+01   111     0    492
3s_3p2(4Pe)4d_5De[3]         7.0    1854045.0000    31.7167   9.452E+01   112     0    493
3s_3p2(2Pe)4p_3Po[1]         3.0    1854670.0000    31.6980   9.458E+01   111     0    494
3s_3p2(4Pe)4d_5De[4]         9.0    1855812.0000    31.6637   9.468E+01   112     0    495
3s_3d3(a)_1De[2]             5.0    1858621.0000    31.5795   9.493E+01   114     0    496
3s_3p2(4Pe)4d_3De[1]         3.0    1859762.0000    31.5453   9.504E+01   115     0    497
3s_3p2(4Pe)4d_3De[2]         5.0    1861452.0000    31.4946   9.519E+01   115     0    498
3s_3p2(4Pe)4d_3De[3]         7.0    1862154.0000    31.4736   9.525E+01   115     0    499
3s_3p2(2Pe)4p_1Do[2]         5.0    1867268.0000    31.3203   9.572E+01   116     0    500
3p_3d3_3Do[1]                3.0    1872854.0000    31.1528   9.623E+01   117     0    501
3p_3d3_3Do[2]                5.0    1874467.0000    31.1045   9.638E+01   117     0    502
3p_3d3_5Do[0]                1.0    1878483.0000    30.9841   9.676E+01   118     0    503
3p_3d3_3Ho[4]                9.0    1878648.0000    30.9791   9.677E+01   117     0    504
3p_3d3_3Do[3]                7.0    1879021.0000    30.9679   9.681E+01   117     0    505
3p_3d3_5Do[1]                3.0    1880854.0000    30.9130   9.698E+01   118     0    506
3p_3d3_3Ho[5]               11.0    1882522.0000    30.8630   9.714E+01   117     0    507
3p_3d3_5Fo[2]                5.0    1883356.0000    30.8380   9.722E+01   118     0    508
3p_3d3_5Fo[4]                9.0    1884091.0000    30.8159   9.728E+01   118     0    509
3p_3d3_5Fo[1]                3.0    1884409.0000    30.8064   9.731E+01   118     0    510
3s_3p2(2Pe)4p_1Po[1]         3.0    1884815.0000    30.7942   9.735E+01   116     0    511
3p_3d3_5Fo[3]                7.0    1885814.0000    30.7643   9.745E+01   118     0    512
3p_3d3_5Fo[5]               11.0    1886494.0000    30.7439   9.751E+01   118     0    513
3p_3d3_5Do[2]                5.0    1886692.0000    30.7380   9.753E+01   118     0    514
3p_3d3_1So[0]                1.0    1888832.0000    30.6738   9.774E+01   116     0    515
3p_3d3_3Go[3]                7.0    1890500.0000    30.6238   9.790E+01   117     0    516
3p_3d3_3Ho[6]               13.0    1890949.0000    30.6103   9.794E+01   117     0    517
3p_3d3_3Fo[2]                5.0    1891476.0000    30.5945   9.799E+01   117     0    518
3p_3d3_5Do[4]                9.0    1891981.0000    30.5794   9.804E+01   118     0    519
3p_3d3_5Do[3]                7.0    1892365.0000    30.5679   9.807E+01   118     0    520
3p_3d3_3Go[4]                9.0    1894351.0000    30.5083   9.827E+01   117     0    521
3p_3d3_3Po[2]                5.0    1894812.0000    30.4945   9.831E+01   117     0    522
3s_3p2(2De)4d_1Fe[3]         7.0    1895789.0000    30.4652   9.840E+01   114     0    523
3p_3d3_3Fo[3]                7.0    1896283.0000    30.4504   9.845E+01   117     0    524
3p_3d3_3Go[5]               11.0    1896963.0000    30.4300   9.852E+01   117     0    525
3s_3p2(2De)4d_3De[1]         3.0    1899816.0000    30.3445   9.880E+01   119     0    526
3s_3p2(2De)4d_3Fe[2]         5.0    1900464.0000    30.3251   9.886E+01   119     0    527
3p_3d3_3Fo[4]                9.0    1900497.0000    30.3241   9.886E+01   117     0    528
3s_3p2(2De)4d_3De[2]         5.0    1900749.0000    30.3165   9.889E+01   119     0    529
3p_3d3_3Po[1]                3.0    1901155.0000    30.3044   9.893E+01   117     0    530
3s_3p2(2De)4d_3Fe[3]         7.0    1901287.0000    30.3004   9.894E+01   119     0    531
3s_3p2(2De)4d_3Fe[4]         9.0    1902154.0000    30.2744   9.902E+01   119     0    532
3s_3p2(2De)4d_3De[3]         7.0    1902176.0000    30.2738   9.903E+01   119     0    533
3p_3d3_3Po[0]                1.0    1905962.0000    30.1603   9.940E+01   117     0    534
3p_3d3_5So[2]                5.0    1906752.0000    30.1366   9.948E+01   118     0    535
3p_3d3_3Io[5]               11.0    1908079.0000    30.0968   9.961E+01   120     0    536
3s_3p2(2De)4d_3Ge[3]         7.0    1909791.0000    30.0455   9.978E+01   119     0    537
3s_3p2(2De)4d_3Ge[4]         9.0    1910933.0000    30.0112   9.989E+01   119     0    538
3s_3p2(2De)4d_1De[2]         5.0    1911009.0000    30.0090   9.990E+01   121     0    539
3s_3p2(2De)4d_3Ge[5]        11.0    1912436.0000    29.9662   1.000E+02   119     0    540
3p_3d3_3Io[6]               13.0    1914752.0000    29.8967   1.003E+02   120     0    541
3s_3p2(2De)4d_1Pe[1]         3.0    1915432.0000    29.8764   1.003E+02   121     0    542
3p_3d3_1Do[2]                5.0    1916639.0000    29.8402   1.005E+02   122     0    543
3s_3p2(2De)4d_3Pe[0]         1.0    1920984.0000    29.7099   1.009E+02   119     0    544
3s_3p2(2De)4d_1Ge[4]         9.0    1921215.0000    29.7030   1.009E+02   121     0    545
3s_3p2(4Pe)4f_5Go[2]         5.0    1921412.0000    29.6971   1.010E+02   123     0    546
3s_3p2(2De)4d_3Pe[1]         3.0    1921577.0000    29.6921   1.010E+02   119     0    547
3p_3d3_3Io[7]               15.0    1922268.0000    29.6714   1.010E+02   120     0    548
3s_3p2(2De)4d_3Pe[2]         5.0    1922696.0000    29.6586   1.011E+02   119     0    549
3s_3p2(4Pe)4f_5Go[3]         7.0    1923223.0000    29.6428   1.011E+02   123     0    550
3p3(2Do)4s_3Do[1]            3.0    1923476.0000    29.6352   1.012E+02   120     0    551
3p3(2Do)4s_3Do[2]            5.0    1924332.0000    29.6095   1.012E+02   120     0    552
3s_3p2(4Pe)4f_5Go[4]         9.0    1925802.0000    29.5655   1.014E+02   123     0    553
3s_3p2(2De)4d_3Se[1]         3.0    1926450.0000    29.5460   1.015E+02   119     0    554
3p3(2Do)4s_3Do[3]            7.0    1926515.0000    29.5441   1.015E+02   120     0    555
3p_3d3_5Po[1]                3.0    1927821.0000    29.5049   1.016E+02   123     0    556
3p_3d3_1Go[4]                9.0    1929632.0000    29.4507   1.018E+02   122     0    557
3s2_3d_4p_3Fo[2]             5.0    1929829.0000    29.4447   1.018E+02   120     0    558
3p_3d3_1Fo[3]                7.0    1930005.0000    29.4395   1.018E+02   122     0    559
3s_3p2(4Pe)4f_5Go[5]        11.0    1930214.0000    29.4332   1.019E+02   123     0    560
3s_3p2(4Pe)4f_5Do[4]         9.0    1931980.0000    29.3803   1.020E+02   123     0    561
3p_3d3_5Po[2]                5.0    1932309.0000    29.3704   1.021E+02   123     0    562
3s2_3d_4p_3Do[1]             3.0    1933220.0000    29.3431   1.022E+02   120     0    563
3s2_3d_4p_1Do[2]             5.0    1933308.0000    29.3404   1.022E+02   122     0    564
3s2_3d_4p_3Fo[3]             7.0    1934010.0000    29.3194   1.023E+02   120     0    565
3p3(4So)4s_5So[2]            5.0    1934054.0000    29.3181   1.023E+02   123     0    566
3s_3p2(4Pe)4f_5Do[3]         7.0    1934285.0000    29.3112   1.023E+02   123     0    567
3s2_3d_4p_3Do[2]             5.0    1935371.0000    29.2786   1.024E+02   120     0    568
3p_3d3_5Po[3]                7.0    1935525.0000    29.2740   1.024E+02   123     0    569
3s_3p2(4Pe)4f_5Go[6]        13.0    1935624.0000    29.2710   1.024E+02   123     0    570
3s_3p2(4Pe)4f_5Do[2]         5.0    1936611.0000    29.2414   1.025E+02   123     0    571
3s2_3d_4p_3Do[3]             7.0    1937478.0000    29.2154   1.026E+02   120     0    572
3s2_3d_4p_3Fo[4]             9.0    1938455.0000    29.1861   1.027E+02   120     0    573
3p_3d3_1Ho[5]               11.0    1938532.0000    29.1838   1.027E+02   122     0    574
3s_3p2(4Pe)4f_5Fo[1]         3.0    1938696.0000    29.1789   1.027E+02   123     0    575
3p_3d3(a)_5Do[4]             9.0    1939442.0000    29.1566   1.028E+02   123     0    576
3s_3p2(2De)4d_1Se[0]         1.0    1940660.0000    29.1200   1.030E+02   121     0    577
3p_3d3(a)_5Do[3]             7.0    1940693.0000    29.1191   1.030E+02   123     0    578
3p_3d3(a)_5Do[2]             5.0    1941231.0000    29.1029   1.030E+02   123     0    579
3p_3d3(a)_5Do[1]             3.0    1941758.0000    29.0871   1.031E+02   123     0    580
3p_3d3(a)_5Do[0]             1.0    1941912.0000    29.0825   1.031E+02   123     0    581
3p_3d3(a)_3Fo[2]             5.0    1942844.0000    29.0546   1.032E+02   124     0    582
3s_3p2(4Pe)4f_5Do[0]         1.0    1942976.0000    29.0506   1.032E+02   123     0    583
3s_3p2(4Pe)4f_3Do[3]         7.0    1943184.0000    29.0444   1.032E+02   124     0    584
3p3(2Do)4s_1Do[2]            5.0    1943755.0000    29.0273   1.033E+02   122     0    585
3p_3d3(a)_3Fo[3]             7.0    1944051.0000    29.0184   1.033E+02   124     0    586
3s_3p2(4Pe)4f_5Do[1]         3.0    1944084.0000    29.0174   1.033E+02   123     0    587
3s_3p2(4Pe)4f_5Fo[2]         5.0    1945017.0000    28.9894   1.034E+02   123     0    588
3s_3p2(4Pe)4f_5Fo[5]        11.0    1945555.0000    28.9733   1.035E+02   123     0    589
3s_3p2(4Pe)4f_5Fo[4]         9.0    1946202.0000    28.9539   1.035E+02   123     0    590
3s_3p2(4Pe)4f_5Fo[3]         7.0    1946235.0000    28.9529   1.035E+02   123     0    591
3s2_3d_4p_3Po[1]             3.0    1947398.0000    28.9180   1.037E+02   124     0    592
3s2_3d_4p_3Po[0]             1.0    1947738.0000    28.9078   1.037E+02   124     0    593
3s2_3d_4p_3Po[2]             5.0    1947750.0000    28.9075   1.037E+02   124     0    594
3p_3d3(a)_3Do[1]             3.0    1947980.0000    28.9006   1.037E+02   124     0    595
3p_3d3(a)_3Fo[4]             9.0    1948737.0000    28.8779   1.038E+02   124     0    596
3s_3p2(4Pe)4f_3Go[3]         7.0    1949571.0000    28.8529   1.039E+02   124     0    597
3s_3p2(4Pe)4f_3Do[2]         5.0    1950065.0000    28.8381   1.040E+02   124     0    598
3p_3d3(a)_3Ho[4]             9.0    1950142.0000    28.8358   1.040E+02   124     0    599
3p_3d3(a)_3Do[2]             5.0    1950361.0000    28.8292   1.040E+02   124     0    600
3p_3d3(a)_3Po[0]             1.0    1952830.0000    28.7552   1.043E+02   124     0    601
3p_3d3(a)_3Ho[5]            11.0    1954136.0000    28.7160   1.044E+02   124     0    602
3s_3p2(4Pe)4f_3Do[1]         3.0    1954367.0000    28.7091   1.044E+02   124     0    603
3s_3p2(4Pe)4f_3Go[4]         9.0    1954926.0000    28.6924   1.045E+02   124     0    604
3p_3d3(a)_3Do[3]             7.0    1955453.0000    28.6766   1.045E+02   124     0    605
3p_3d3(a)_3Po[1]             3.0    1956122.0000    28.6565   1.046E+02   124     0    606
3p_3d3(a)_3Ho[6]            13.0    1956506.0000    28.6450   1.047E+02   124     0    607
3s2_3d_4p_1Fo[3]             7.0    1957143.0000    28.6259   1.047E+02   125     0    608
3p_3d3(a)_3Po[2]             5.0    1961028.0000    28.5094   1.052E+02   124     0    609
3s_3p2(4Pe)4f_3Go[5]        11.0    1962224.0000    28.4736   1.053E+02   124     0    610
3s2_3d_4p_1Po[1]             3.0    1966888.0000    28.3337   1.058E+02   125     0    611
3p_3d3(a)_3Go[3]             7.0    1967546.0000    28.3140   1.059E+02   124     0    612
3p3(4So)4s_3So[1]            3.0    1968248.0000    28.2930   1.060E+02   124     0    613
3p_3d3(a)_3Go[4]             9.0    1972792.0000    28.1567   1.065E+02   124     0    614
3p_3d3(a)_3Go[5]            11.0    1976885.0000    28.0340   1.069E+02   124     0    615
3p_3d3(a)_1Do[2]             5.0    1979573.0000    27.9535   1.072E+02   125     0    616
3s_3p_3d_4s_5Fo[1]           3.0    1979892.0000    27.9439   1.073E+02   126     0    617
3s_3p2(2Pe)4d_3Fe[2]         5.0    1980352.0000    27.9301   1.073E+02   127     0    618
3s_3p2(4Pe)4f_3Fo[2]         5.0    1981077.0000    27.9084   1.074E+02   128     0    619
3s_3p2(4Pe)4f_3Fo[3]         7.0    1981790.0000    27.8870   1.075E+02   128     0    620
3s_3p_3d_4s_5Fo[2]           5.0    1982020.0000    27.8801   1.075E+02   126     0    621
3s_3p2(2Se)4d_3De[3]         7.0    1982064.0000    27.8788   1.075E+02   127     0    622
3s_3p2(4Pe)4f_3Fo[4]         9.0    1982602.0000    27.8627   1.076E+02   128     0    623
3p_3d3(b)_3Fo[4]             9.0    1984687.0000    27.8001   1.078E+02   128     0    624
3s_3p2(2Pe)4d_1Pe[1]         3.0    1984863.0000    27.7949   1.079E+02   129     0    625
3s_3p_3d_4s_5Fo[3]           7.0    1985324.0000    27.7810   1.079E+02   126     0    626
3s_3p2(2Se)4d_1De[2]         5.0    1986980.0000    27.7314   1.081E+02   129     0    627
3p_3d3(b)_3Fo[3]             7.0    1988956.0000    27.6722   1.083E+02   128     0    628
3p_3d3_1Io[6]               13.0    1989252.0000    27.6633   1.084E+02   125     0    629
3s_3p_3d_4s_5Fo[4]           9.0    1990009.0000    27.6406   1.085E+02   126     0    630
3p_3d3(b)_3Fo[2]             5.0    1992621.0000    27.5623   1.088E+02   128     0    631
3p_3d3(b)_3Do[1]             3.0    1993301.0000    27.5419   1.088E+02   128     0    632
3p_3d3(b)_3Do[2]             5.0    1995112.0000    27.4876   1.091E+02   128     0    633
3p_3d3(b)_3Do[3]             7.0    1995617.0000    27.4725   1.091E+02   128     0    634
3s_3p_3d_4s_5Fo[5]          11.0    1996374.0000    27.4498   1.092E+02   126     0    635
3p3(2Po)4s_3Po[0]            1.0    1996659.0000    27.4412   1.092E+02   128     0    636
3s_3p2(2Pe)4d_3Fe[4]         9.0    1996945.0000    27.4327   1.093E+02   127     0    637
3s_3p2(2Pe)4d_3Fe[3]         7.0    1997098.0000    27.4281   1.093E+02   127     0    638
3p3(2Po)4s_3Po[1]            3.0    1997768.0000    27.4080   1.094E+02   128     0    639
3s_3p2(2Se)4d_3De[2]         5.0    1997965.0000    27.4021   1.094E+02   127     0    640
3p3(2Po)4s_3Po[2]            5.0    1998624.0000    27.3823   1.095E+02   128     0    641
3s_3p2(2Se)4d_3De[1]         3.0    1999227.0000    27.3642   1.096E+02   127     0    642
3p_3d3(a)_1Go[4]             9.0    2000149.0000    27.3366   1.097E+02   130     0    643
3p_3d3(b)_3Go[5]            11.0    2001082.0000    27.3086   1.098E+02   128     0    644
3s_3p2(2Pe)4d_3Pe[2]         5.0    2001104.0000    27.3080   1.098E+02   127     0    645
3s_3p2(2De)4f_3Fo[2]         5.0    2001587.0000    27.2935   1.098E+02   128     0    646
3s_3p2(2Pe)4d_3Pe[0]         1.0    2001696.0000    27.2902   1.099E+02   127     0    647
3s_3p2(2Pe)4d_1Fe[3]         7.0    2001971.0000    27.2820   1.099E+02   129     0    648
3s_3p2(2Pe)4d_3Pe[1]         3.0    2002157.0000    27.2764   1.099E+02   127     0    649
3s_3p2(2De)4f_3Fo[3]         7.0    2002157.0000    27.2764   1.099E+02   128     0    650
3s_3p2(2De)4f_3Fo[4]         9.0    2003024.0000    27.2504   1.100E+02   128     0    651
3s_3p2(2De)4f_3Go[4]         9.0    2004056.0000    27.2195   1.101E+02   128     0    652
3s_3p2(2De)4f_3Go[5]        11.0    2004286.0000    27.2126   1.102E+02   128     0    653
3s_3p2(2De)4f_3Go[3]         7.0    2004297.0000    27.2123   1.102E+02   128     0    654
3p_3d3(b)_3Go[4]             9.0    2004462.0000    27.2073   1.102E+02   128     0    655
3p_3d3(b)_3Go[3]             7.0    2005537.0000    27.1751   1.103E+02   128     0    656
3p_3d3(c)_3Do[1]             3.0    2006865.0000    27.1353   1.105E+02   128     0    657
3s_3p2(2Pe)4d_3De[1]         3.0    2006997.0000    27.1313   1.105E+02   127     0    658
3s_3p2(2De)4f_1Go[4]         9.0    2008050.0000    27.0997   1.106E+02   130     0    659
3s_3p2(2Pe)4d_3De[2]         5.0    2008105.0000    27.0981   1.106E+02   127     0    660
3p_3d3(c)_3Fo[2]             5.0    2008368.0000    27.0902   1.107E+02   131     0    661
3p_3d3_3So[1]                3.0    2009180.0000    27.0659   1.108E+02   128     0    662
3s_3p2(2Pe)4d_3De[3]         7.0    2009938.0000    27.0431   1.109E+02   127     0    663
3s_3p2_4f_3Ho[5]            11.0    2010761.0000    27.0185   1.110E+02   128     0    664
3s_3p2_4f_3Ho[4]             9.0    2011156.0000    27.0066   1.110E+02   128     0    665
3s_3p2_4f_3Ho[6]            13.0    2011540.0000    26.9951   1.111E+02   128     0    666
3p_3d3(c)_3Do[3]             7.0    2012154.0000    26.9767   1.111E+02   128     0    667
3s_3p_3d_4s_3Fo[2]           5.0    2012341.0000    26.9711   1.112E+02   131     0    668
3p_3d3_1Po[1]                3.0    2014152.0000    26.9168   1.114E+02   130     0    669
3p3(2Po)4s_1Po[1]            3.0    2014887.0000    26.8948   1.115E+02   130     0    670
3s_3p2(2De)4f_1Fo[3]         7.0    2016818.0000    26.8369   1.117E+02   130     0    671
3s_3p_3d_4s_3Fo[3]           7.0    2017575.0000    26.8142   1.118E+02   131     0    672
3s_3p2(2Pe)4d_1De[2]         5.0    2018442.0000    26.7882   1.119E+02   129     0    673
3s_3p2(2De)4f_3Do[1]         3.0    2019276.0000    26.7632   1.120E+02   131     0    674
3p3(2Do)4p_1Pe[1]            3.0    2019748.0000    26.7490   1.121E+02   129     0    675
3s_3p2(2De)4f_3Do[2]         5.0    2019781.0000    26.7481   1.121E+02   131     0    676
3p_3d3(c)_3Do[2]             5.0    2019935.0000    26.7434   1.121E+02   128     0    677
3s_3p2(2De)4f_3Do[3]         7.0    2021306.0000    26.7023   1.123E+02   131     0    678
3p_3d3(c)_3Fo[4]             9.0    2021603.0000    26.6934   1.123E+02   131     0    679
3p_3d3(c)_3Fo[3]             7.0    2024730.0000    26.5997   1.127E+02   131     0    680
3s_3p2_4f_1Ho[5]            11.0    2026343.0000    26.5513   1.129E+02   130     0    681
3p3(2Do)4p_3De[2]            5.0    2026793.0000    26.5378   1.130E+02   132     0    682
3s_3p2(2De)4f_1Do[2]         5.0    2027572.0000    26.5145   1.131E+02   130     0    683
3p3(2Do)4p_3De[3]            7.0    2030371.0000    26.4306   1.134E+02   132     0    684
3p3(2Do)4p_3De[1]            3.0    2030667.0000    26.4217   1.135E+02   132     0    685
3s_3p_3d_4s_3Fo[4]           9.0    2031611.0000    26.3934   1.136E+02   131     0    686
3s_3p2(2De)4f_3Po[2]         5.0    2031918.0000    26.3842   1.136E+02   131     0    687
3s_3p2(2De)4f_3Po[1]         3.0    2032094.0000    26.3789   1.136E+02   131     0    688
3s_3p2(2De)4f_3Po[0]         1.0    2032302.0000    26.3727   1.137E+02   131     0    689
3s_3p_3d_4s_5Po[3]           7.0    2032368.0000    26.3707   1.137E+02   133     0    690
3p_3d3(b)_3Po[2]             5.0    2033279.0000    26.3434   1.138E+02   131     0    691
3p3(2Do)4p_3Fe[2]            5.0    2034431.0000    26.3089   1.140E+02   132     0    692
3s_3p_3d_4s_5Po[2]           5.0    2034628.0000    26.3030   1.140E+02   133     0    693
3p3(2Do)4p_3Pe[2]            5.0    2036264.0000    26.2539   1.142E+02   132     0    694
3s_3p_3d_4s_5Do[1]           3.0    2036724.0000    26.2401   1.142E+02   133     0    695
3p3(2Do)4p_3Pe[1]            3.0    2037745.0000    26.2095   1.144E+02   132     0    696
3p_3d3(b)_3Po[1]             3.0    2037910.0000    26.2046   1.144E+02   131     0    697
3s_3p_3d_4s_5Do[0]           1.0    2038601.0000    26.1838   1.145E+02   133     0    698
3p3(2Do)4p_3Fe[3]            7.0    2038678.0000    26.1815   1.145E+02   132     0    699
3p3(4So)4p_5Pe[1]            3.0    2040126.0000    26.1381   1.147E+02   134     0    700
3p_3d3(b)_3Po[0]             1.0    2040949.0000    26.1135   1.148E+02   131     0    701
3p3(2Do)4p_3Pe[0]            1.0    2041816.0000    26.0875   1.149E+02   132     0    702
3p3(2Do)4p_3Fe[4]            9.0    2042540.0000    26.0658   1.150E+02   132     0    703
3p3(2Do)4p_1Fe[3]            7.0    2042881.0000    26.0555   1.151E+02   135     0    704
3s_3p_3d_4s_5Po[1]           3.0    2043484.0000    26.0375   1.151E+02   133     0    705
3p3(4So)4p_5Pe[2]            5.0    2043671.0000    26.0318   1.152E+02   134     0    706
3p_3d3(d)_3Do[3]             7.0    2043836.0000    26.0269   1.152E+02   131     0    707
3p_3d3(d)_3Do[2]             5.0    2044373.0000    26.0108   1.153E+02   131     0    708
3s_3p_3d_4s_5Do[2]           5.0    2045064.0000    25.9901   1.153E+02   133     0    709
3p_3d3(d)_3Do[1]             3.0    2045273.0000    25.9838   1.154E+02   131     0    710
3p3(4So)4p_5Pe[3]            7.0    2045624.0000    25.9733   1.154E+02   134     0    711
3s_3p2(2De)4f_1Po[1]         3.0    2045910.0000    25.9647   1.155E+02   136     0    712
3s_3p_3d_4s_5Do[3]           7.0    2046195.0000    25.9562   1.155E+02   133     0    713
3s_3p_3d_4s_5Do[4]           9.0    2046711.0000    25.9407   1.156E+02   133     0    714
3p_3d3(c)_3Go[5]            11.0    2060516.0000    25.5268   1.174E+02   137     0    715
3p_3d3(c)_3Go[4]             9.0    2061053.0000    25.5107   1.175E+02   137     0    716
3p_3d3(c)_3Go[3]             7.0    2061800.0000    25.4884   1.176E+02   137     0    717
3s_3p_3d_4s_3Po[2]           5.0    2064949.0000    25.3940   1.181E+02   137     0    718
3p_3d3(a)_1Fo[3]             7.0    2065037.0000    25.3913   1.181E+02   136     0    719
3p_3d3(d)_3Fo[2]             5.0    2067133.0000    25.3285   1.184E+02   137     0    720
3s_3p_3d_4s_3Po[1]           3.0    2068186.0000    25.2969   1.185E+02   137     0    721
3p_3d3(d)_3Fo[3]             7.0    2071039.0000    25.2114   1.189E+02   137     0    722
3p_3d3(d)_3Fo[4]             9.0    2071643.0000    25.1933   1.190E+02   137     0    723
3p_3d3(c)_3Po[2]             5.0    2073026.0000    25.1518   1.192E+02   137     0    724
3s_3p_3d_4s_3Po[0]           1.0    2073772.0000    25.1294   1.193E+02   137     0    725
3s_3p_3d_4s_3Do[1]           3.0    2074694.0000    25.1018   1.194E+02   137     0    726
3s_3p_3d_4s_3Do[3]           7.0    2075187.0000    25.0870   1.195E+02   137     0    727
3p3(2Do)4p_1De[2]            5.0    2076427.0000    25.0498   1.197E+02   135     0    728
3s_3p_3d_4s_3Do[2]           5.0    2076779.0000    25.0393   1.197E+02   137     0    729
3p_3d3(a)_1Po[1]             3.0    2076866.0000    25.0367   1.197E+02   136     0    730
3p3(4So)4p_3Pe[0]            1.0    2077185.0000    25.0271   1.198E+02   138     0    731
3s2_3d_4d_1Fe[3]             7.0    2077558.0000    25.0159   1.198E+02   135     0    732
3s_3p_3d_4s(a)_3Do[1]        3.0    2077722.0000    25.0110   1.199E+02   137     0    733
3p_3d3(b)_1Do[2]             5.0    2077788.0000    25.0090   1.199E+02   136     0    734
3p_3d3(c)_3Po[0]             1.0    2080005.0000    24.9426   1.202E+02   137     0    735
3p_3d3(c)_3Po[1]             3.0    2080093.0000    24.9399   1.202E+02   137     0    736
3p3(4So)4p_3Pe[1]            3.0    2080576.0000    24.9255   1.203E+02   138     0    737
3s_3p_3d_4s(a)_3Do[2]        5.0    2080707.0000    24.9215   1.203E+02   137     0    738
3s2_3d_4d_3De[1]             3.0    2081190.0000    24.9071   1.204E+02   138     0    739
3p3(4So)4p_3Pe[2]            5.0    2081607.0000    24.8946   1.204E+02   138     0    740
3s_3p_3d_4s(a)_3Do[3]        7.0    2081629.0000    24.8939   1.204E+02   137     0    741
3s2_3d_4d_3Ge[3]             7.0    2081673.0000    24.8926   1.204E+02   138     0    742
3s2_3d_4d_3De[2]             5.0    2081969.0000    24.8837   1.205E+02   138     0    743
3p_3d3(b)_1Go[4]             9.0    2082891.0000    24.8561   1.206E+02   136     0    744
3s2_3d_4d_3Ge[4]             9.0    2082990.0000    24.8531   1.206E+02   138     0    745
3s2_3d_4d_3De[3]             7.0    2083165.0000    24.8478   1.207E+02   138     0    746
3s2_3d_4d_3Ge[5]            11.0    2084811.0000    24.7985   1.209E+02   138     0    747
3p_3d3(a)_1Ho[5]            11.0    2086962.0000    24.7340   1.212E+02   139     0    748
3s2_3d_4d_1Pe[1]             3.0    2087741.0000    24.7107   1.213E+02   140     0    749
