*********************************************************************************************
                                                                                
                 Supe level assignments for PVIII
                 E%LS=2.0
                                                                                
                             g          E(cm^-1)     10^15 Hz      eV        Lam
********************************************************************************************
                                                                                
17-Jun-2014                                      !Format date                   
29-Sep-2020                            !Date
388                                    !Number of energy levels
6                                      !Entry number of link to super level
  
2s2_2p4_3Pe[2]               5.0         -0.0000    74.8612   4.005E+01     1     0      1
2s2_2p4_3Pe[1]               3.0       5760.0000    74.6885   4.014E+01     1     0      2
2s2_2p4_3Pe[0]               1.0       7822.0000    74.6267   4.017E+01     1     0      3
2s2_2p4_1De[2]               5.0      52256.0000    73.2946   4.090E+01     2     0      4
2s2_2p4_1Se[0]               1.0     110786.0000    71.5399   4.191E+01     3     0      5
2s_2p5_3Po[2]                5.0     403803.0000    62.7555   4.777E+01     4     0      6
2s_2p5_3Po[1]                3.0     408906.0000    62.6025   4.789E+01     4     0      7
2s_2p5_3Po[0]                1.0     411736.0000    62.5176   4.795E+01     4     0      8
2s_2p5_1Po[1]                3.0     560501.0000    58.0578   5.164E+01     5     0      9
2p6_1Se[0]                   1.0     943569.0000    46.5737   6.437E+01     6     0     10
2s2_2p3(4So)3s_5So           5.0    1423854.7102    32.1751   9.318E+01     7     0     11
2s2_2p3(4So)3s_3So[1]        3.0    1462340.0000    31.0213   9.664E+01     8     0     12
2s2_2p3(2Do)3s_3Do[2]        5.0    1519740.0000    29.3005   1.023E+02     9     0     13
2s2_2p3(2Do)3s_3Do[1]        3.0    1519740.0000    29.3005   1.023E+02     9     0     14
2s2_2p3(2Do)3s_3Do[3]        7.0    1520030.0000    29.2918   1.023E+02     9     0     15
2s2_2p3(2Do)3s_1Do[2]        5.0    1531830.0000    28.9381   1.036E+02    10     0     16
2s2_2p3(4So)3p_5Pe          15.0    1534680.1843    28.8526   1.039E+02    11     0     17
2s2_2p3(2Po)3s_3Po[0]        1.0    1559500.0000    28.1085   1.067E+02    12     0     18
2s2_2p3(2Po)3s_3Po[1]        3.0    1560070.0000    28.0915   1.067E+02    12     0     19
2s2_2p3(4So)3p_3Pe           9.0    1560642.5450    28.0743   1.068E+02    13     0     20
2s2_2p3(2Po)3s_3Po[2]        5.0    1561260.0000    28.0558   1.069E+02    12     0     21
2s2_2p3(2Po)3s_1Po[1]        3.0    1573080.0000    27.7014   1.082E+02    14     0     22
2s2_2p3(2Do)3p_1Pe           3.0    1617701.0596    26.3637   1.137E+02    15     0     23
2s2_2p3(2Do)3p_3De          15.0    1622031.4877    26.2339   1.143E+02    16     0     24
2s2_2p3(2Do)3p_3Fe          21.0    1630400.1935    25.9830   1.154E+02    16     0     25
2s2_2p3(2Do)3p_1Fe           7.0    1635460.8035    25.8313   1.161E+02    15     0     26
2s2_2p3(2Do)3p_3Pe           9.0    1663909.5912    24.9784   1.200E+02    17     0     27
2s2_2p3(2Po)3p_3Se           3.0    1668399.7619    24.8438   1.207E+02    17     0     28
2s2_2p3(4So)3d_5Do          25.0    1669717.5095    24.8043   1.209E+02    18     0     29
2s2_2p3(2Po)3p_3De          15.0    1677228.4200    24.5791   1.220E+02    17     0     30
2s2_2p3(2Do)3p_1De           5.0    1679058.4286    24.5243   1.222E+02    19     0     31
2s2_2p3(2Po)3p_1Pe           3.0    1684817.8786    24.3516   1.231E+02    19     0     32
2s2_2p3(4So)3d_3Do[1]        3.0    1685980.0000    24.3168   1.233E+02    20     0     33
2s2_2p3(4So)3d_3Do[2]        5.0    1685980.0000    24.3168   1.233E+02    20     0     34
2s2_2p3(4So)3d_3Do[3]        7.0    1686280.0000    24.3078   1.233E+02    20     0     35
2s2_2p3(2Po)3p_3Pe           9.0    1694227.1898    24.0695   1.246E+02    17     0     36
2s2_2p3(2Po)3p_1De           5.0    1713668.9813    23.4867   1.276E+02    21     0     37
2s2_2p3(2Do)3d_3Fo[2]        5.0    1749870.0000    22.4014   1.338E+02    22     0     38
2s2_2p3(2Do)3d_3Do[1]        3.0    1753090.0000    22.3049   1.344E+02    22     0     39
2s2_2p3(2Do)3d_3Do[2]        5.0    1753090.0000    22.3049   1.344E+02    22     0     40
2s2_2p3(2Do)3d_3Do[3]        7.0    1753090.0000    22.3049   1.344E+02    22     0     41
2s2_2p3(2Po)3p_1Se           1.0    1756833.6085    22.1926   1.351E+02    23     0     42
2s2_2p3(2Do)3d_1So           1.0    1757462.2083    22.1738   1.352E+02    24     0     43
2s2_2p3(2Do)3d_3Po[2]        5.0    1760530.0000    22.0818   1.358E+02    22     0     44
2s2_2p3(2Do)3d_1Do[2]        5.0    1761490.0000    22.0530   1.359E+02    24     0     45
2s2_2p3(2Do)3d_3Po[1]        3.0    1762400.0000    22.0258   1.361E+02    22     0     46
2s2_2p3(2Do)3d_3Po[0]        1.0    1763320.0000    21.9982   1.363E+02    22     0     47
2s2_2p3(2Do)3d_3Go          27.0    1764878.0480    21.9515   1.366E+02    22     0     48
2s2_2p3(2Do)3d_3So[1]        3.0    1767880.0000    21.8615   1.371E+02    22     0     49
2s2_2p3(2Do)3d_1Go           9.0    1767906.4569    21.8607   1.371E+02    24     0     50
2s2_2p3(2Do)3d_1Po[1]        3.0    1775149.0962    21.6435   1.385E+02    24     0     51
2s2_2p3(2Do)3d_1Fo[3]        7.0    1775860.0000    21.6222   1.387E+02    24     0     52
2s2_2p3(2Po)3d_3Po[0]        1.0    1787090.0000    21.2856   1.408E+02    25     0     53
2s2_2p3(2Po)3d_3Po[1]        3.0    1788090.0000    21.2556   1.410E+02    25     0     54
2s2_2p3(2Po)3d_3Po[2]        5.0    1789690.0000    21.2076   1.414E+02    25     0     55
2s2_2p3(2Po)3d_3Do[1]        3.0    1790000.0000    21.1983   1.414E+02    25     0     56
2s2_2p3(2Po)3d_1Do[2]        5.0    1795240.0000    21.0412   1.425E+02    26     0     57
2s2_2p3(2Po)3d_3Do[3]        7.0    1796240.0000    21.0113   1.427E+02    25     0     58
2s2_2p3(2Po)3d_3Do[2]        5.0    1800770.0000    20.8754   1.436E+02    25     0     59
2s2_2p3(2Po)3d_1Fo[3]        7.0    1804740.0000    20.7564   1.444E+02    26     0     60
2s2_2p3(2Po)3d_3Fo          21.0    1812685.4323    20.5182   1.461E+02    25     0     61
2s_2p4(4Pe)3s_5Pe           15.0    1834821.5978    19.8546   1.510E+02    27     0     62
2s2_2p3(2Po)3d_1Po           3.0    1853704.5037    19.2885   1.554E+02    28     0     63
2s_2p4(4Pe)3s_3Pe[2]         5.0    1865026.8678    18.9491   1.582E+02    29     0     64
2s_2p4(4Pe)3s_3Pe[1]         3.0    1869397.1806    18.8181   1.593E+02    29     0     65
2s_2p4(4Pe)3s_3Pe[0]         1.0    1871383.8800    18.7585   1.598E+02    29     0     66
2s2_2p3(4So)4s_5So           5.0    1936516.8281    16.8059   1.784E+02    30     0     67
2s_2p4(4Pe)3p_5Po           15.0    1936581.3250    16.8039   1.784E+02    30     0     68
2s_2p4(4Pe)3p_5Do           25.0    1949638.1256    16.4125   1.827E+02    30     0     69
2s2_2p3(4So)4s_3So           3.0    1958370.0000    16.1507   1.856E+02    31     0     70
2s_2p4(4Pe)3p_3Do           15.0    1966082.6389    15.9195   1.883E+02    31     0     71
2s_2p4(4Pe)3p_5So            5.0    1977937.0898    15.5641   1.926E+02    32     0     72
2s_2p4(4Pe)3p_3So            3.0    1978066.2478    15.5602   1.927E+02    31     0     73
2s_2p4(2De)3s_3De[3]         7.0    1982446.2158    15.4289   1.943E+02    33     0     74
2s_2p4(4Pe)3p_3Po            9.0    1984201.7903    15.3763   1.950E+02    31     0     75
2s2_2p3(4So)4p_5Pe          15.0    1988180.8193    15.2570   1.965E+02    34     0     76
2s2_2p3(4So)4p_3Pe           9.0    1999461.6545    14.9188   2.009E+02    33     0     77
2s_2p4(2De)3s_1De            5.0    2016784.5568    14.3995   2.082E+02    35     0     78
2s2_2p3(2Do)4s_1Do[2]        5.0    2033130.0000    13.9095   2.155E+02    36     0     79
2s2_2p3(2Do)4s_3Do[3]        7.0    2034228.1518    13.8765   2.160E+02    37     0     80
2s2_2p3(4So)4d_5Do          25.0    2036083.1722    13.8209   2.169E+02    38     0     81
2s2_2p3(4So)4d_3Do[3]        7.0    2050437.1859    13.3906   2.239E+02    37     0     82
2s2_2p3(4So)4f_5Fe          35.0    2052156.7269    13.3391   2.247E+02    39     0     83
2s2_2p3(4So)4f_3Fe          21.0    2056001.5630    13.2238   2.267E+02    40     0     84
2s_2p4(4Pe)3d_5De           25.0    2065414.8890    12.9416   2.317E+02    39     0     85
2s2_2p3(2Do)4p_1Pe           3.0    2072965.6157    12.7152   2.358E+02    41     0     86
2s2_2p3(2Po)4s_1Po[1]        3.0    2073570.0000    12.6971   2.361E+02    36     0     87
2s_2p4(2Se)3s_3Se[1]         3.0    2075578.2219    12.6369   2.372E+02    40     0     88
2s2_2p3(2Do)4p_3Fe          21.0    2079481.6086    12.5199   2.395E+02    40     0     89
2s2_2p3(2Do)4p_3De          15.0    2079650.0309    12.5148   2.395E+02    40     0     90
2s2_2p3(2Do)4p_1Fe           7.0    2081321.3460    12.4647   2.405E+02    41     0     91
2s2_2p3(2Po)4s_3Po[2]        5.0    2084169.2378    12.3794   2.422E+02    42     0     92
2s_2p4(4Pe)3d_5Fe           35.0    2085856.3473    12.3288   2.432E+02    39     0     93
2s2_2p3(2Do)4p_3Pe           9.0    2089614.3913    12.2161   2.454E+02    40     0     94
2s_2p4(4Pe)3d_5Pe           15.0    2091389.8916    12.1629   2.465E+02    39     0     95
2s_2p4(2De)3p_3Fo           21.0    2097339.1604    11.9845   2.501E+02    42     0     96
2s_2p4(4Pe)3d_3Fe           21.0    2101085.5445    11.8722   2.525E+02    43     0     97
2s2_2p3(2Do)4p_1De           5.0    2101850.4300    11.8493   2.530E+02    41     0     98
2s_2p4(2De)3p_1Po            3.0    2103133.9202    11.8108   2.538E+02    44     0     99
2s_2p4(2De)3p_1Fo            7.0    2107256.9857    11.6872   2.565E+02    44     0    100
2s_2p4(2Se)3s_1Se            1.0    2110952.6216    11.5764   2.590E+02    41     0    101
2s_2p4(4Pe)3d_3De           15.0    2113611.1407    11.4967   2.608E+02    43     0    102
2s_2p4(2De)3p_3Do           15.0    2114778.3631    11.4617   2.616E+02    42     0    103
2s_2p4(4Pe)3d_3Pe            9.0    2115076.6595    11.4528   2.618E+02    43     0    104
2s2_2p3(2Do)4d_3Do[2]        5.0    2115510.0000    11.4398   2.621E+02    42     0    105
2s2_2p3(2Do)4d_3Do[3]        7.0    2115510.0000    11.4398   2.621E+02    42     0    106
2s_2p4(2De)3p_1Do            5.0    2122054.9755    11.2436   2.666E+02    44     0    107
2s2_2p3(2Po)4p_1Pe           3.0    2123079.7961    11.2128   2.674E+02    45     0    108
2s2_2p3(2Do)4d_1Fo[3]        7.0    2123380.0000    11.2038   2.676E+02    44     0    109
2s_2p4(2De)3p_3Po            9.0    2123793.2974    11.1915   2.679E+02    42     0    110
2s_2p4(2Pe)3s_3Pe            9.0    2123910.0542    11.1880   2.680E+02    43     0    111
2s2_2p3(2Do)4d_1So           1.0    2125220.3461    11.1487   2.689E+02    44     0    112
2s2_2p3(2Do)4d_3Fo          21.0    2126517.7179    11.1098   2.698E+02    46     0    113
2s2_2p3(2Po)4p_3De          15.0    2126621.5085    11.1067   2.699E+02    43     0    114
2s2_2p3(2Do)4d_3Go          27.0    2127970.8326    11.0662   2.709E+02    46     0    115
2s2_2p3(2Do)4d_1Go           9.0    2129203.4358    11.0293   2.718E+02    44     0    116
2s2_2p3(2Po)4p_3Se           3.0    2129683.5147    11.0149   2.722E+02    43     0    117
2s2_2p3(2Do)4d_1Po           3.0    2134043.4688    10.8842   2.754E+02    44     0    118
2s2_2p3(2Po)4p_3Pe           9.0    2134536.5941    10.8694   2.758E+02    43     0    119
2s2_2p3(2Po)4p_1De           5.0    2136989.3560    10.7958   2.777E+02    45     0    120
2s2_2p3(2Do)4d_3Po[2]        5.0    2137248.1940    10.7881   2.779E+02    46     0    121
2s2_2p3(2Do)4d_3So[1]        3.0    2139406.2037    10.7234   2.796E+02    46     0    122
2s2_2p3(2Do)4d_1Do           5.0    2140649.3702    10.6861   2.805E+02    44     0    123
2s_2p4(2Pe)3s_1Pe            3.0    2143725.6530    10.5939   2.830E+02    45     0    124
2s2_2p3(2Do)4f_3Ge          27.0    2145750.7019    10.5332   2.846E+02    47     0    125
2s2_2p3(2Do)4f_3Fe          21.0    2146101.2041    10.5227   2.849E+02    47     0    126
2s2_2p3(2Do)4f_3De          15.0    2146269.9656    10.5176   2.850E+02    47     0    127
2s2_2p3(2Do)4f_1Pe           3.0    2146399.7824    10.5137   2.851E+02    45     0    128
2s2_2p3(2Do)4f_1De           5.0    2146789.2374    10.5021   2.855E+02    45     0    129
2s2_2p3(2Do)4f_3Pe           9.0    2147035.8945    10.4947   2.857E+02    47     0    130
2s2_2p3(2Do)4f_1Fe           7.0    2147373.4277    10.4845   2.859E+02    45     0    131
2s2_2p3(2Do)4f_1Ge           9.0    2147581.1424    10.4783   2.861E+02    45     0    132
2s2_2p3(2Do)4f_3He          33.0    2147775.8756    10.4725   2.863E+02    47     0    133
2s2_2p3(2Do)4f_1He          11.0    2147827.8054    10.4709   2.863E+02    45     0    134
2s2_2p3(2Po)4p_1Se           1.0    2158552.9148    10.1494   2.954E+02    45     0    135
2s2_2p3(4So)5s_5So           5.0    2159760.6808    10.1132   2.964E+02    48     0    136
2s2_2p3(4So)5s_3So           3.0    2163631.0217     9.9971   2.999E+02    46     0    137
2s2_2p3(2Po)4d_3Fo          21.0    2174880.9480     9.6599   3.103E+02    49     0    138
2s2_2p3(2Po)4d_3Po[2]        5.0    2176191.4693     9.6206   3.116E+02    49     0    139
2s2_2p3(2Po)4d_1Do           5.0    2177908.4248     9.5691   3.133E+02    50     0    140
2s2_2p3(2Po)4d_3Do[3]        7.0    2180473.8772     9.4922   3.158E+02    49     0    141
2s2_2p3(4So)5p_5Pe          15.0    2180806.2268     9.4822   3.162E+02    51     0    142
2s2_2p3(2Po)4d_1Fo[3]        7.0    2184782.7172     9.3630   3.202E+02    50     0    143
2s2_2p3(4So)5p_3Pe           9.0    2188084.3289     9.2641   3.236E+02    47     0    144
2s2_2p3(2Po)4d_1Po           3.0    2190047.0902     9.2052   3.257E+02    50     0    145
2s2_2p3(2Po)4f_3Ge          27.0    2193673.9530     9.0965   3.296E+02    52     0    146
2s2_2p3(2Po)4f_3De          15.0    2193803.9552     9.0926   3.297E+02    52     0    147
2s2_2p3(2Po)4f_1Fe           7.0    2194674.9851     9.0665   3.307E+02    53     0    148
2s2_2p3(2Po)4f_3Fe          21.0    2194713.9871     9.0653   3.307E+02    52     0    149
2s2_2p3(2Po)4f_1De           5.0    2194934.9977     9.0587   3.309E+02    53     0    150
2s2_2p3(2Po)4f_1Ge           9.0    2195195.0137     9.0509   3.312E+02    53     0    151
2s_2p4(2Se)3p_3Po            9.0    2203763.6511     8.7940   3.409E+02    49     0    152
2s2_2p3(4So)5d_5Do          25.0    2203958.7136     8.7882   3.411E+02    54     0    153
2s2_2p3(4So)5d_3Do[3]        7.0    2212318.1170     8.5375   3.511E+02    49     0    154
2s_2p4(2Se)3p_1Po            3.0    2212893.8201     8.5203   3.519E+02    50     0    155
2s2_2p3(4So)5f_5Fe          35.0    2215885.7308     8.4306   3.556E+02    51     0    156
2s2_2p3(4So)5f_3Fe          21.0    2216145.9104     8.4228   3.559E+02    52     0    157
2s_2p4(2Pe)3p_3Po            9.0    2227309.4938     8.0881   3.707E+02    55     0    158
2s_2p4(2De)3d_3Ge           27.0    2227817.0180     8.0729   3.714E+02    52     0    159
2s_2p4(2Pe)3p_3Do           15.0    2233751.7231     7.8950   3.797E+02    55     0    160
2s_2p4(2Pe)3p_1Do            5.0    2238437.7633     7.7545   3.866E+02    56     0    161
2s_2p4(2De)3d_3Se            3.0    2240325.3817     7.6979   3.894E+02    57     0    162
2s_2p4(2De)3d_3Pe            9.0    2240963.2902     7.6788   3.904E+02    57     0    163
2s_2p4(2De)3d_1Ge            9.0    2242772.9347     7.6245   3.932E+02    58     0    164
2s_2p4(2De)3d_3De           15.0    2243254.6553     7.6101   3.939E+02    57     0    165
2s_2p4(2De)3d_3Fe           21.0    2243580.1468     7.6003   3.944E+02    57     0    166
2s_2p4(2Pe)3p_1So            1.0    2250155.7401     7.4032   4.049E+02    56     0    167
2s_2p4(2De)3d_1Pe            3.0    2251145.4476     7.3735   4.066E+02    58     0    168
2s2_2p3(2Do)5s_3Do          15.0    2252760.2948     7.3251   4.093E+02    55     0    169
2s_2p4(2Pe)3p_3So            3.0    2254375.2201     7.2767   4.120E+02    55     0    170
2s_2p4(2De)3d_1De            5.0    2254752.9155     7.2654   4.126E+02    58     0    171
2s2_2p3(2Do)5s_1Do           5.0    2256758.6790     7.2053   4.161E+02    56     0    172
2s_2p4(2De)3d_1Fe            7.0    2257696.4807     7.1771   4.177E+02    58     0    173
2s_2p4(2De)3d_1Se            1.0    2261565.1887     7.0612   4.246E+02    58     0    174
2s2_2p3(4So)6s_5So           5.0    2269486.3667     6.8237   4.393E+02    59     0    175
2s2_2p3(2Do)5p_3De          15.0    2271375.7404     6.7670   4.430E+02    57     0    176
2s2_2p3(2Do)5p_1Pe           3.0    2271831.8112     6.7534   4.439E+02    58     0    177
2s2_2p3(2Do)5p_3Fe          21.0    2271988.1808     6.7487   4.442E+02    57     0    178
2s2_2p3(4So)6s_3So           3.0    2272274.8581     6.7401   4.448E+02    60     0    179
2s2_2p3(2Do)5p_1Fe           7.0    2273043.6895     6.7170   4.463E+02    58     0    180
2s2_2p3(2Do)5p_3Pe           9.0    2274868.1049     6.6623   4.500E+02    57     0    181
2s2_2p3(4So)6p_5Pe          15.0    2281241.3069     6.4713   4.633E+02    61     0    182
2s2_2p3(2Do)5p_1De           5.0    2282531.7357     6.4326   4.661E+02    58     0    183
2s2_2p3(4So)6p_3Pe           9.0    2286299.0271     6.3197   4.744E+02    62     0    184
2s_2p4(2Pe)3p_1Po            3.0    2287928.6106     6.2708   4.781E+02    63     0    185
2s2_2p3(2Do)5d_1So           1.0    2294043.5129     6.0875   4.925E+02    63     0    186
2s2_2p3(2Do)5d_3Fo          21.0    2294525.9728     6.0730   4.936E+02    60     0    187
2s2_2p3(4So)6d_5Do          25.0    2294525.9728     6.0730   4.936E+02    59     0    188
2s2_2p3(2Do)5d_3Go          27.0    2295334.4340     6.0488   4.956E+02    60     0    189
2s2_2p3(2Do)5d_1Go           9.0    2295947.3131     6.0304   4.971E+02    63     0    190
2s2_2p3(2Do)5d_3Do[3]        7.0    2296709.8552     6.0075   4.990E+02    60     0    191
2s2_2p3(2Do)5d_1Po           3.0    2297055.7405     5.9972   4.999E+02    63     0    192
2s2_2p3(2Do)5d_3Po[2]        5.0    2299332.6783     5.9289   5.056E+02    60     0    193
2s2_2p3(4So)6d_3Do          15.0    2300068.2405     5.9069   5.075E+02    60     0    194
2s2_2p3(2Do)5d_3So           3.0    2300798.5831     5.8850   5.094E+02    60     0    195
2s2_2p3(2Po)5s_3Po           9.0    2300902.9192     5.8818   5.097E+02    60     0    196
2s2_2p3(4So)6f_5Fe          35.0    2301320.2671     5.8693   5.108E+02    61     0    197
2s2_2p3(2Po)5s_1Po[1]        3.0    2301462.2501     5.8651   5.111E+02    63     0    198
2s2_2p3(4So)6f_3Fe          21.0    2301528.9430     5.8631   5.113E+02    62     0    199
2s2_2p3(2Do)5d_1Do           5.0    2301750.6630     5.8564   5.119E+02    63     0    200
2s2_2p3(2Do)5d_1Fo           7.0    2302898.4098     5.8220   5.149E+02    63     0    201
2s2_2p3(2Do)5f_3Pe           9.0    2303824.4620     5.7943   5.174E+02    62     0    202
2s2_2p3(2Do)5f_3De          15.0    2303902.7215     5.7919   5.176E+02    62     0    203
2s2_2p3(2Do)5f_1Pe           3.0    2304385.3234     5.7774   5.189E+02    64     0    204
2s2_2p3(2Do)5f_1De           5.0    2305520.1175     5.7434   5.220E+02    64     0    205
2s2_2p3(2Do)5f_3He          33.0    2305520.1175     5.7434   5.220E+02    62     0    206
2s2_2p3(2Do)5f_1He          11.0    2305546.2049     5.7426   5.220E+02    64     0    207
2s2_2p3(2Do)5f_1Fe           7.0    2305924.4784     5.7313   5.231E+02    64     0    208
2s2_2p3(2Do)5f_3Fe          21.0    2306250.5803     5.7215   5.240E+02    62     0    209
2s2_2p3(2Do)5f_3Ge          27.0    2306550.5959     5.7125   5.248E+02    62     0    210
2s2_2p3(2Do)5f_1Ge           9.0    2306681.0382     5.7086   5.252E+02    64     0    211
2s2_2p3(2Po)5p_3De          15.0    2317940.1455     5.3711   5.582E+02    62     0    212
2s2_2p3(2Po)5p_3Se           3.0    2318475.1444     5.3550   5.598E+02    62     0    213
2s2_2p3(2Po)5p_1Pe           3.0    2319636.5152     5.3202   5.635E+02    64     0    214
2s2_2p3(2Po)5p_3Pe           9.0    2321528.7207     5.2635   5.696E+02    62     0    215
2s2_2p3(2Po)5p_1De           5.0    2323042.5620     5.2181   5.745E+02    64     0    216
2s_2p4(2Se)3d_3De           15.0    2333288.8866     4.9109   6.105E+02    65     0    217
2s2_2p3(4So)7s_5So           5.0    2333288.8866     4.9109   6.105E+02    66     0    218
2s2_2p3(2Po)5p_1Se           1.0    2333484.7063     4.9051   6.112E+02    64     0    219
2s2_2p3(4So)7s_3So           3.0    2334868.5346     4.8636   6.164E+02    67     0    220
2s2_2p3(4So)7p_5Pe          15.0    2340169.3849     4.7047   6.372E+02    68     0    221
2s2_2p3(2Po)5d_3Fo          21.0    2342558.9586     4.6330   6.471E+02    67     0    222
2s2_2p3(4So)7p_3Pe           9.0    2342950.7073     4.6213   6.487E+02    65     0    223
2s_2p4(2Se)3d_1De            5.0    2343002.9416     4.6197   6.489E+02    64     0    224
2s2_2p3(2Po)5d_3Po           9.0    2343446.9305     4.6064   6.508E+02    67     0    225
2s2_2p3(2Po)5d_1Do           5.0    2343655.8686     4.6001   6.517E+02    69     0    226
2s2_2p3(2Po)5d_3Do          15.0    2344648.3418     4.5704   6.559E+02    67     0    227
2s2_2p3(2Po)5d_1Fo           7.0    2347090.4736     4.4972   6.666E+02    69     0    228
2s2_2p3(4So)7d_5Do          25.0    2348853.6206     4.4443   6.746E+02    66     0    229
2s2_2p3(2Po)5f_1Fe           7.0    2350381.7552     4.3985   6.816E+02    64     0    230
2s2_2p3(2Po)5f_3Fe          21.0    2350682.1670     4.3895   6.830E+02    65     0    231
2s2_2p3(2Po)5d_1Po           3.0    2351374.4285     4.3687   6.862E+02    69     0    232
2s_2p4(2Pe)3d_3De           15.0    2351400.5515     4.3680   6.863E+02    65     0    233
2s2_2p3(4So)7d_3Do          15.0    2351452.7976     4.3664   6.866E+02    67     0    234
2s2_2p3(4So)7f_5Fe          35.0    2353111.6746     4.3167   6.945E+02    68     0    235
2s2_2p3(4So)7f_3Fe          21.0    2353320.6729     4.3104   6.955E+02    65     0    236
2s2_2p3(2Po)5f_3Ge          27.0    2353333.7358     4.3100   6.956E+02    65     0    237
2s2_2p3(2Po)5f_1Ge           9.0    2353516.6094     4.3045   6.965E+02    70     0    238
2s_2p4(4Pe)4s_5Pe           15.0    2356090.0218     4.2274   7.092E+02    68     0    239
2s2_2p3(2Do)6s_3Do          15.0    2360780.1452     4.0868   7.336E+02    67     0    240
2s2_2p3(2Po)5f_1De           5.0    2360949.9947     4.0817   7.345E+02    70     0    241
2s2_2p3(2Do)6s_1Do           5.0    2361995.2427     4.0503   7.402E+02    69     0    242
2s2_2p3(2Po)5f_3De          15.0    2362740.0022     4.0280   7.443E+02    65     0    243
2s_2p4(4Pe)4s_3Pe[2]         5.0    2366323.0991     3.9206   7.647E+02    65     0    244
2s_2p4(2Pe)3d_3Fe           21.0    2369443.5723     3.8270   7.834E+02    65     0    245
2s2_2p3(2Do)6p_1Fe           7.0    2370632.8437     3.7914   7.907E+02    70     0    246
2s2_2p3(2Do)6p_3De          15.0    2372109.6916     3.7471   8.001E+02    65     0    247
2s2_2p3(2Do)6p_1Pe           3.0    2372161.9699     3.7455   8.004E+02    70     0    248
2s2_2p3(4So)8s_5So           5.0    2373455.8992     3.7068   8.088E+02    66     0    249
2s_2p4(2Pe)3d_3Pe            9.0    2374553.8193     3.6738   8.160E+02    65     0    250
2s2_2p3(4So)8s_3So           3.0    2374606.1014     3.6723   8.164E+02    67     0    251
2s2_2p3(2Do)6p_3Fe          21.0    2375651.7739     3.6409   8.234E+02    65     0    252
2s2_2p3(2Do)6p_3Pe           9.0    2376605.9776     3.6123   8.299E+02    65     0    253
2s_2p4(2Pe)3d_1Fe            7.0    2377520.9927     3.5849   8.363E+02    70     0    254
2s2_2p3(2Do)6p_1De           5.0    2378056.9427     3.5688   8.400E+02    70     0    255
2s2_2p3(4So)8p_5Pe          15.0    2378828.2022     3.5457   8.455E+02    68     0    256
2s2_2p3(4So)8p_3Pe           9.0    2380841.4017     3.4853   8.602E+02    71     0    257
2s2_2p3(2Do)6f_1Pe           3.0    2383351.5340     3.4101   8.791E+02    70     0    258
2s2_2p3(4So)8d_5Do          25.0    2383913.7251     3.3932   8.835E+02    72     0    259
2s2_2p3(4So)8d_3Do          15.0    2384515.1495     3.3752   8.882E+02    73     0    260
2s2_2p3(2Do)6d_1So           1.0    2384959.6868     3.3619   8.917E+02    69     0    261
2s2_2p3(2Do)6d_3Fo          21.0    2385260.4064     3.3529   8.941E+02    73     0    262
2s2_2p3(2Do)6f_1De           5.0    2385521.9036     3.3450   8.962E+02    70     0    263
2s2_2p3(2Do)6d_3Go          27.0    2385678.8039     3.3403   8.975E+02    73     0    264
2s2_2p3(2Do)6d_1Go           9.0    2386031.8310     3.3297   9.003E+02    69     0    265
2s2_2p3(4So)8f_5Fe          35.0    2386803.2720     3.3066   9.066E+02    68     0    266
2s2_2p3(4So)8f_3Fe          21.0    2386986.3290     3.3011   9.082E+02    71     0    267
2s2_2p3(2Do)6d_1Po           3.0    2387038.6305     3.2996   9.086E+02    69     0    268
2s2_2p3(2Do)6d_3Do          15.0    2387182.4618     3.2952   9.098E+02    73     0    269
2s2_2p3(2Do)6d_3Po           9.0    2387718.5656     3.2792   9.142E+02    73     0    270
2s2_2p3(2Do)6d_3So           3.0    2388660.0348     3.2509   9.222E+02    73     0    271
2s2_2p3(2Do)6d_1Do           5.0    2389444.6143     3.2274   9.289E+02    69     0    272
2s2_2p3(2Do)6d_1Fo           7.0    2390006.9059     3.2106   9.338E+02    69     0    273
2s2_2p3(2Do)6f_3He          33.0    2391654.6075     3.1612   9.484E+02    71     0    274
2s2_2p3(2Do)6f_1He          11.0    2391667.6853     3.1608   9.485E+02    70     0    275
2s2_2p3(2Do)6f_3Ge          27.0    2391929.2323     3.1529   9.508E+02    71     0    276
2s2_2p3(2Do)6f_1Ge           9.0    2392151.5498     3.1463   9.528E+02    70     0    277
2s2_2p3(2Do)6h_1Fe           7.0    2392269.2482     3.1427   9.539E+02    70     0    278
2s2_2p3(2Do)6f_3Fe          21.0    2393420.0921     3.1082   9.645E+02    71     0    279
2s2_2p3(2Do)6f_3De          15.0    2393877.8257     3.0945   9.688E+02    71     0    280
2s_2p4(4Pe)4p_5Po           15.0    2396336.6141     3.0208   9.924E+02    72     0    281
2s2_2p3(2Do)6f_3Pe           9.0    2397409.1205     2.9887   1.003E+03    71     0    282
2s2_2p3(4So)9s_5So           5.0    2399593.4758     2.9232   1.026E+03    72     0    283
2s_2p4(4Pe)4p_5Do           25.0    2400286.7443     2.9024   1.033E+03    72     0    284
2s_2p4(2Pe)3d_1De            5.0    2400744.5713     2.8887   1.038E+03    74     0    285
2s2_2p3(4So)9s_3So           3.0    2401045.4317     2.8796   1.041E+03    73     0    286
2s_2p4(2Pe)3d_1Pe            3.0    2403269.2697     2.8130   1.066E+03    74     0    287
2s2_2p3(4So)9p_5Pe          15.0    2404250.4204     2.7836   1.077E+03    75     0    288
2s2_2p3(4So)9p_3Pe           9.0    2405153.1051     2.7565   1.088E+03    71     0    289
2s_2p4(4Pe)4p_3Do           15.0    2406042.7306     2.7298   1.098E+03    73     0    290
2s_2p4(4Pe)4p_5So            5.0    2407756.6343     2.6784   1.119E+03    72     0    291
2s2_2p3(4So)9d_5Do          25.0    2408044.4745     2.6698   1.123E+03    72     0    292
2s2_2p3(2Po)6s_3Po           9.0    2408162.2283     2.6663   1.124E+03    73     0    293
2s_2p4(4Pe)4p_3So            3.0    2408947.2608     2.6428   1.134E+03    73     0    294
2s2_2p3(4So)9d_3Do          15.0    2409313.6152     2.6318   1.139E+03    73     0    295
2s2_2p3(2Po)6s_1Po           3.0    2409706.1432     2.6200   1.144E+03    76     0    296
2s2_2p3(4So)9f_5Fe          35.0    2409915.4931     2.6137   1.147E+03    75     0    297
2s2_2p3(4So)9f_3Fe          21.0    2410046.3372     2.6098   1.149E+03    71     0    298
2s_2p4(4Pe)4p_3Po            9.0    2417452.9535     2.3878   1.256E+03    73     0    299
2s2_2p3(2Po)6p_3Se           3.0    2419403.0230     2.3293   1.287E+03    71     0    300
2s2_2p3(2Po)6p_3De          15.0    2420031.2574     2.3105   1.298E+03    71     0    301
2s2_2p3(2Po)6p_1Pe           3.0    2420201.4061     2.3054   1.300E+03    74     0    302
2s2_2p3(4So)10s_5So          5.0    2420515.5293     2.2959   1.306E+03    72     0    303
2s2_2p3(4So)10s_3So          3.0    2420672.5913     2.2912   1.308E+03    73     0    304
2s2_2p3(2Po)6p_3Pe           9.0    2421523.3593     2.2657   1.323E+03    71     0    305
2s2_2p3(4So)10p_5Pe         15.0    2422321.7926     2.2418   1.337E+03    75     0    306
2s2_2p3(2Po)6p_1De           5.0    2422491.9528     2.2367   1.340E+03    74     0    307
2s2_2p3(4So)10p_3Pe          9.0    2423277.3202     2.2131   1.355E+03    71     0    308
2s2_2p3(2Do)7s_3Do          15.0    2424468.4934     2.1774   1.377E+03    73     0    309
2s2_2p3(4So)10d_5Do         25.0    2425070.6418     2.1594   1.388E+03    72     0    310
2s2_2p3(2Do)7s_1Do           5.0    2425175.3644     2.1562   1.390E+03    76     0    311
2s2_2p3(4So)10d_3Do         15.0    2425777.5241     2.1382   1.402E+03    73     0    312
2s2_2p3(4So)10f_5Fe         35.0    2426432.0585     2.1186   1.415E+03    75     0    313
2s2_2p3(4So)10f_3Fe         21.0    2426562.9666     2.1146   1.418E+03    71     0    314
2s2_2p3(2Po)6p_1Se           1.0    2427819.7138     2.0770   1.443E+03    74     0    315
2s2_2p3(2Do)7p_3De          15.0    2431367.6568     1.9706   1.521E+03    77     0    316
2s2_2p3(2Do)7p_1Pe           3.0    2431668.7906     1.9616   1.528E+03    74     0    317
2s2_2p3(2Do)7p_1Fe           7.0    2432127.0437     1.9478   1.539E+03    74     0    318
2s2_2p3(2Po)6d_3Fo          21.0    2433056.6612     1.9200   1.561E+03    78     0    319
2s2_2p3(2Po)6d_1Do           5.0    2433554.2140     1.9051   1.574E+03    76     0    320
2s2_2p3(2Po)6d_3Po           9.0    2433672.0557     1.9015   1.577E+03    78     0    321
2s2_2p3(2Do)7p_1De           5.0    2435413.5531     1.8493   1.621E+03    74     0    322
2s2_2p3(2Po)6d_1Fo           7.0    2435649.2511     1.8422   1.627E+03    76     0    323
2s2_2p3(2Po)6d_1Po           3.0    2437705.1337     1.7806   1.684E+03    76     0    324
2s2_2p3(2Po)6f_3Ge          27.0    2439368.2624     1.7308   1.732E+03    77     0    325
2s2_2p3(2Do)7d_1So           1.0    2439473.0292     1.7276   1.735E+03    76     0    326
2s2_2p3(2Po)6f_1Ge           9.0    2439551.6049     1.7253   1.738E+03    74     0    327
2s2_2p3(2Do)7d_3Fo          21.0    2439879.0047     1.7154   1.748E+03    78     0    328
2s2_2p3(2Po)6f_1Fe           7.0    2440062.3488     1.7099   1.753E+03    74     0    329
2s2_2p3(2Do)7d_1Go           9.0    2440180.2144     1.7064   1.757E+03    76     0    330
2s2_2p3(2Po)6f_3De          15.0    2440193.3111     1.7060   1.757E+03    77     0    331
2s2_2p3(2Po)6f_1De           5.0    2440520.7158     1.6962   1.767E+03    74     0    332
2s2_2p3(2Do)7d_1Po           3.0    2441201.7288     1.6758   1.789E+03    76     0    333
2s2_2p3(2Do)7d_3Po           9.0    2441254.1157     1.6742   1.791E+03    78     0    334
2s_2p4(4Pe)4d_5De           25.0    2442092.3065     1.6491   1.818E+03    75     0    335
2s2_2p3(2Do)7d_1Do           5.0    2442472.1185     1.6377   1.831E+03    76     0    336
2s2_2p3(2Do)7d_1Fo           7.0    2442681.6705     1.6314   1.838E+03    76     0    337
2s2_2p3(2Do)7f_1He          11.0    2443729.4565     1.6000   1.874E+03    74     0    338
2s2_2p3(2Do)7f_3Ge          27.0    2443860.4318     1.5961   1.878E+03    77     0    339
2s2_2p3(2Do)7f_1Ge           9.0    2444030.7006     1.5910   1.884E+03    74     0    340
2s2_2p3(2Do)7f_1Fe           7.0    2444358.1438     1.5812   1.896E+03    74     0    341
2s2_2p3(2Do)7f_3De          15.0    2444384.3390     1.5804   1.897E+03    77     0    342
2s2_2p3(2Do)7f_1De           5.0    2444764.1767     1.5690   1.911E+03    74     0    343
2s2_2p3(2Do)7f_1Pe           3.0    2445157.1172     1.5572   1.925E+03    74     0    344
2s_2p4(4Pe)4d_3De           15.0    2463342.1386     1.0120   2.962E+03    77     0    345
2s2_2p3(2Do)8s_1Do           5.0    2465268.6478     0.9543   3.142E+03    79     0    346
2s_2p4(4Pe)4f_5Fo           35.0    2466133.6451     0.9283   3.229E+03    80     0    347
2s_2p4(4Pe)4f_3Fo           21.0    2467090.4126     0.8997   3.332E+03    78     0    348
2s2_2p3(2Do)8p_3De          15.0    2469187.5296     0.8368   3.583E+03    77     0    349
2s2_2p3(2Do)8p_1Pe           3.0    2469357.9260     0.8317   3.605E+03    81     0    350
2s2_2p3(2Do)8p_1Fe           7.0    2469790.4754     0.8187   3.662E+03    81     0    351
2s2_2p3(2Do)8p_1De           5.0    2471796.0013     0.7586   3.952E+03    81     0    352
2s2_2p3(2Po)7s_3Po           9.0    2472163.0380     0.7476   4.010E+03    78     0    353
2s2_2p3(2Po)7s_1Po           3.0    2472884.0153     0.7260   4.130E+03    79     0    354
2s2_2p3(2Do)8d_1So           1.0    2474693.0815     0.6717   4.463E+03    79     0    355
2s2_2p3(2Do)8d_3Fo          21.0    2474784.8478     0.6690   4.481E+03    78     0    356
2s2_2p3(2Do)8d_1Go           9.0    2475125.6978     0.6588   4.551E+03    79     0    357
2s2_2p3(2Do)8d_1Po           3.0    2475597.6508     0.6446   4.651E+03    79     0    358
2s2_2p3(2Do)8d_3Po           9.0    2475938.5090     0.6344   4.726E+03    78     0    359
2s2_2p3(2Do)8d_1Do           5.0    2476436.6921     0.6195   4.839E+03    79     0    360
2s2_2p3(2Do)8d_1Fo           7.0    2476738.2290     0.6104   4.911E+03    79     0    361
2s2_2p3(2Do)8f_1He          11.0    2477551.0776     0.5861   5.115E+03    81     0    362
2s2_2p3(2Do)8f_3Ge          27.0    2477590.4097     0.5849   5.126E+03    77     0    363
2s2_2p3(2Do)8f_1Ge           9.0    2477734.6273     0.5806   5.164E+03    81     0    364
2s2_2p3(2Do)8f_1Fe           7.0    2477891.9555     0.5758   5.206E+03    81     0    365
2s2_2p3(2Do)8f_3De          15.0    2477918.1767     0.5751   5.213E+03    77     0    366
2s2_2p3(2Do)8f_1De           5.0    2478009.9531     0.5723   5.238E+03    81     0    367
2s2_2p3(2Do)8f_1Pe           3.0    2478141.0611     0.5684   5.275E+03    81     0    368
2s2_2p3(2Po)7p_3Se           3.0    2478980.1668     0.5432   5.519E+03    77     0    369
2s2_2p3(2Po)7p_3De          15.0    2479347.2814     0.5322   5.633E+03    77     0    370
2s2_2p3(2Po)7p_1Pe           3.0    2479557.0633     0.5259   5.700E+03    81     0    371
2s2_2p3(2Po)7p_1De           5.0    2480828.8933     0.4878   6.146E+03    81     0    372
2s2_2p3(2Po)7p_1Se           1.0    2484159.4799     0.3879   7.728E+03    81     0    373
2s2_2p3(2Po)7d_3Fo          21.0    2487542.8513     0.2865   1.046E+04    82     0    374
2s2_2p3(2Po)7d_3Po           9.0    2487844.4858     0.2775   1.080E+04    82     0    375
2s2_2p3(2Po)7d_1Do           5.0    2487923.1739     0.2751   1.090E+04    79     0    376
2s2_2p3(2Po)7d_1Fo           7.0    2489129.7427     0.2389   1.255E+04    79     0    377
2s2_2p3(2Po)7d_1Po           3.0    2490638.0150     0.1937   1.548E+04    79     0    378
2s2_2p3(2Po)7f_3Ge          27.0    2491490.5456     0.1682   1.783E+04    83     0    379
2s2_2p3(2Po)7f_1Ge           9.0    2491621.7059     0.1642   1.825E+04    81     0    380
2s2_2p3(2Po)7f_1Fe           7.0    2491739.7513     0.1607   1.866E+04    81     0    381
2s2_2p3(2Po)7f_3De          15.0    2491857.7959     0.1572   1.908E+04    83     0    382
2s2_2p3(2Po)7f_1De           5.0    2492002.0743     0.1528   1.962E+04    81     0    383
2s2_2p3(2Do)9s_1Do           5.0    2492211.9346     0.1465   2.046E+04    79     0    384
2s2_2p3(2Do)9p_3De          15.0    2494691.0068     0.0722   4.151E+04    83     0    385
2s2_2p3(2Do)9p_1Pe           3.0    2495084.5275     0.0604   4.962E+04    81     0    386
2s2_2p3(2Do)9p_1Fe           7.0    2495333.7597     0.0530   5.662E+04    81     0    387
2s2_2p3(2Do)9p_1De           5.0    2496711.1265     0.0117   2.572E+05    81     0    388
