********************************************************************************
                                                                                
                 Super level assignements for FeXVI
	         E%LS=10
                                                                                
                       g        E(cm^-1)    10^15 Hz     eV       Lam(A)       I
********************************************************************************
                                                                                
17-Oct-2000                                      !Format date                   
07-Jun-2017                            !Date
77                                     !Number of energy levels
6                                      !Entry number of link to super level
  
2p6_3s_2Se[1/2]        2.0          0.0000   118.3065   2.534E+01     1     0      1
2p6_3p_2Po[1/2]        2.0     277194.0000   109.9964   2.725E+01     2     0      2
2p6_3p_2Po[3/2]        4.0     298143.0000   109.3684   2.741E+01     2     0      3
2p6_3d_2De[3/2]        4.0     675501.0000    98.0555   3.057E+01     3     0      4
2p6_3d_2De[5/2]        6.0     678406.0000    97.9684   3.060E+01     3     0      5
2p6_4s_2Se[1/2]        2.0    1867740.0000    62.3131   4.811E+01     4     0      6
2p6_4p_2Po[1/2]        2.0    1977650.0000    59.0180   5.080E+01     5     0      7
2p6_4p_2Po[3/2]        4.0    1985650.0000    58.7782   5.100E+01     5     0      8
2p6_4d_2De[3/2]        4.0    2124720.0000    54.6090   5.490E+01     6     0      9
2p6_4d_2De[5/2]        6.0    2125960.0000    54.5718   5.494E+01     6     0     10
2p6_4f_2Fo[5/2]        6.0    2184960.0000    52.8030   5.678E+01     7     0     11
2p6_4f_2Fo[7/2]        8.0    2185410.0000    52.7896   5.679E+01     7     0     12
2p6_5s_2Se[1/2]        2.0    2662000.0000    38.5017   7.786E+01     8     0     13
2p6_5p_2Po[1/2]        2.0    2717170.0000    36.8478   8.136E+01     9     0     14
2p6_5p_2Po[3/2]        4.0    2721160.0000    36.7282   8.162E+01     9     0     15
2p6_5d_2De[3/2]        4.0    2788050.0000    34.7229   8.634E+01     8     0     16
2p6_5d_2De[5/2]        6.0    2788610.0000    34.7061   8.638E+01     8     0     17
2p6_5f_2Fo[5/2]        6.0    2818600.0000    33.8070   8.868E+01     9     0     18
2p6_5f_2Fo[7/2]        8.0    2818900.0000    33.7980   8.870E+01     9     0     19
2p6_5z_2Z             18.0    2958653.8748    29.6083   1.013E+02    10     0     20
2p6_6s_2Se[1/2]        2.0    3076000.0000    26.0903   1.149E+02    11     0     21
2p6_6p_2Po[1/2]        2.0    3106400.0000    25.1790   1.191E+02    12     0     22
2p6_6p_2Po[3/2]        4.0    3108900.0000    25.1040   1.194E+02    12     0     23
2p6_6d_2De[3/2]        4.0    3146070.0000    23.9897   1.250E+02    11     0     24
2p6_6d_2De[5/2]        6.0    3146670.0000    23.9717   1.251E+02    11     0     25
2p6_6f_2Fo[5/2]        6.0    3163130.0000    23.4782   1.277E+02    12     0     26
2p6_6f_2Fo[7/2]        8.0    3163190.0000    23.4764   1.277E+02    12     0     27
2p6_6z_2Z             40.0    3260428.5242    20.5613   1.458E+02    13     0     28
2p6_7s_2Se[1/2]        2.0    3323000.0000    18.6855   1.604E+02    11     0     29
2p6_7p_2Po[1/2]        2.0    3340000.0000    18.1758   1.649E+02    12     0     30
2p6_7p_2Po[3/2]        4.0    3341000.0000    18.1458   1.652E+02    12     0     31
2p6_7d_2De[3/2]        4.0    3360500.0000    17.5612   1.707E+02    11     0     32
2p6_7d_2De[5/2]        6.0    3360800.0000    17.5522   1.708E+02    11     0     33
2p6_7f_2Fo[7/2]        8.0    3371070.0000    17.2444   1.738E+02    12     0     34
2p6_7f_2Fo[5/2]        6.0    3371210.0000    17.2402   1.739E+02    12     0     35
2p6_7z_2Z             66.0    3442389.1198    15.1063   1.985E+02    13     0     36
2p6_8s_2Se             2.0    3472062.0660    14.2167   2.109E+02    14     0     37
2p6_8p_2Po[1/2]        2.0    3487600.0000    13.7509   2.180E+02    15     0     38
2p6_8p_2Po[3/2]        4.0    3488000.0000    13.7389   2.182E+02    15     0     39
2p6_8d_2De[3/2]        4.0    3498800.0000    13.4151   2.235E+02    14     0     40
2p6_8d_2De[5/2]        6.0    3499000.0000    13.4091   2.236E+02    14     0     41
2p6_8f_2Fo[5/2]        6.0    3505700.0000    13.2083   2.270E+02    15     0     42
2p6_8f_2Fo[7/2]        8.0    3505800.0000    13.2053   2.270E+02    15     0     43
2p6_8z_2Z             96.0    3560488.5449    11.5657   2.592E+02    13     0     44
2p6_9s_2Se             2.0    3574920.9310    11.1331   2.693E+02    14     0     45
2p6_9p_2Po[1/2]        2.0    3586500.0000    10.7859   2.779E+02    15     0     46
2p6_9p_2Po[3/2]        4.0    3587000.0000    10.7709   2.783E+02    15     0     47
2p6_9d_2De[5/2]        6.0    3595000.0000    10.5311   2.847E+02    14     0     48
2p6_9d_2De[3/2]        4.0    3599000.0000    10.4112   2.880E+02    14     0     49
2p6_9f_2Fo[7/2]        8.0    3600000.0000    10.3812   2.888E+02    15     0     50
2p6_9f_2Fo[5/2]        6.0    3600000.0000    10.3812   2.888E+02    15     0     51
2p6_9z_2Z            130.0    3641457.1219     9.1384   3.281E+02    16     0     52
2p6_10s_2Se            2.0    3647600.6680     8.9542   3.348E+02    14     0     53
2p6_10p_2Po            6.0    3653836.3560     8.7672   3.419E+02    15     0     54
2p6_10d_2De           10.0    3661451.0900     8.5390   3.511E+02    14     0     55
2p6_10f_2Fo           14.0    3665018.6220     8.4320   3.555E+02    15     0     56
2p6_10z_2Z           168.0    3699373.4687     7.4021   4.050E+02    16     0     57
2p6_11w_2W           242.0    3742225.0155     6.1174   4.901E+02    16     0     58
2p6_12w_2W           288.0    3774817.1310     5.1403   5.832E+02    16     0     59
2p6_13w_2W           338.0    3800181.4608     4.3799   6.845E+02    16     0     60
2p6_14w_2W           392.0    3820307.2800     3.7766   7.938E+02    16     0     61
2p6_15w_2W           450.0    3836543.7639     3.2898   9.113E+02    16     0     62
2p6_16w_2W           512.0    3849832.1362     2.8914   1.037E+03    16     0     63
2p6_17w_2W           578.0    3860845.2141     2.5613   1.170E+03    16     0     64
2p6_18w_2W           648.0    3870074.2805     2.2846   1.312E+03    16     0     65
2p6_19w_2W           722.0    3877884.8390     2.0504   1.462E+03    16     0     66
2p6_20w_2W           800.0    3884553.3672     1.8505   1.620E+03    16     0     67
2p6_21w_2W           882.0    3890292.1244     1.6785   1.786E+03    16     0     68
2p6_22w_2W           968.0    3895266.2539     1.5294   1.960E+03    16     0     69
2p6_23w_2W          1058.0    3899605.7975     1.3993   2.143E+03    16     0     70
2p6_24w_2W          1152.0    3903414.2828     1.2851   2.333E+03    16     0     71
2p6_25w_2W          1250.0    3906774.9550     1.1843   2.531E+03    16     0     72
2p6_26w_2W          1352.0    3909755.3652     1.0950   2.738E+03    16     0     73
2p6_27w_2W          1458.0    3912410.7913     1.0154   2.953E+03    16     0     74
2p6_28w_2W          1568.0    3914786.8200     0.9441   3.175E+03    16     0     75
2p6_29w_2W          1682.0    3916921.3161     0.8802   3.406E+03    16     0     76
2p6_30w_2W          1800.0    3918845.9410     0.8225   3.645E+03    16     0     77
