********************************************************************************
                                                                                
                 Energy Levels and statistical weights for NkI                  
                 E%LS = 3                                                                                
                                     g        E(cm^-1)    10^15 Hz     eV       
********************************************************************************
                                                                                
17-Oct-2000                                      !Format date                   
11-Aug-2010                            !Date
811                                    !Number of energy levels
6                                      !Entry number of link to super level
  
3d8(3F)4s2_3Fe[4]                    9.0          0.0000     1.8467   1.623E+03     1     0      1
3d9(2D)4s_3De[3]                     7.0        204.7870     1.8406   1.629E+03     2     0      2
3d9(2D)4s_3De[2]                     5.0        879.8160     1.8203   1.647E+03     2     0      3
3d8(3F)4s2_3Fe[3]                    7.0       1332.1640     1.8068   1.659E+03     1     0      4
3d9(2D)4s_3De[1]                     3.0       1713.0870     1.7954   1.670E+03     2     0      5
3d8(3F)4s2_3Fe[2]                    5.0       2216.5500     1.7803   1.684E+03     1     0      6
3d9(2D)4s_1De[2]                     5.0       3409.9370     1.7445   1.719E+03     3     0      7
3d8(1D)4s2_1De[2]                    5.0      13521.3470     1.4414   2.080E+03     4     0      8
3d10_1Se[0]                          1.0      14728.8400     1.4052   2.134E+03     5     0      9
3d8(3P)4s2_3Pe[2]                    5.0      15609.8440     1.3788   2.174E+03     6     0     10
3d8(3P)4s2_3Pe[1]                    3.0      15734.0010     1.3750   2.180E+03     6     0     11
3d8(3P)4s2_3Pe[0]                    1.0      16017.3060     1.3665   2.194E+03     6     0     12
3d8(1G)4s2_1Ge[4]                    9.0      22102.3250     1.1841   2.532E+03     7     0     13
3d8(3F)4s_4p(3P)_5Do[4]              9.0      25753.5530     1.0746   2.790E+03     8     0     14
3d8(3F)4s_4p(3P)_5Do[3]              7.0      26665.8870     1.0473   2.863E+03     8     0     15
3d8(3F)4s_4p(3P)_5Go[6]             13.0      27260.8940     1.0295   2.912E+03     9     0     16
3d8(3F)4s_4p(3P)_5Do[2]              5.0      27414.8680     1.0248   2.925E+03     8     0     17
3d8(3F)4s_4p(3P)_5Go[5]             11.0      27580.3910     1.0199   2.939E+03     9     0     18
3d8(3F)4s_4p(3P)_5Do[1]              3.0      27943.5240     1.0090   2.971E+03     8     0     19
3d8(3F)4s_4p(3P)_5Go[4]              9.0      28068.0650     1.0053   2.982E+03     9     0     20
3d8(3F)4s_4p(3P)_5Do[0]              1.0      28212.9980     1.0009   2.995E+03     8     0     21
3d8(3F)4s_4p(3P)_5Fo[5]             11.0      28542.1050     0.9911   3.025E+03    10     0     22
3d9(2D)4p_3Po[2]                     5.0      28569.2030     0.9902   3.027E+03    11     0     23
3d8(3F)4s_4p(3P)_5Go[3]              7.0      28578.0180     0.9900   3.028E+03     9     0     24
3d8(3F)4s_4p(3P)_5Go[2]              5.0      29013.2060     0.9769   3.069E+03     9     0     25
3d8(3F)4s_4p(3P)_5Fo[4]              9.0      29084.4560     0.9748   3.075E+03    10     0     26
3d9(2D)4p_3Fo[3]                     7.0      29320.7620     0.9677   3.098E+03    12     0     27
3d9(2D)4p_3Fo[4]                     9.0      29480.9890     0.9629   3.113E+03    12     0     28
3d9(2D)4p_3Po[1]                     3.0      29500.6740     0.9623   3.115E+03    11     0     29
3d9(2D)4p_3Do[3]                     7.0      29668.8930     0.9573   3.132E+03    13     0     30
3d8(3F)4s_4p(3P)_5Fo[3]              7.0      29832.7790     0.9524   3.148E+03    10     0     31
3d9(2D)4p_3Do[2]                     5.0      29888.4770     0.9507   3.153E+03    13     0     32
3d8(3F)4s_4p(3P)_5Fo[2]              5.0      30163.1240     0.9425   3.181E+03    10     0     33
3d9(2D)4p_3Po[0]                     1.0      30192.2510     0.9416   3.184E+03    11     0     34
3d8(3F)4s_4p(3P)_5Fo[1]              3.0      30392.0030     0.9356   3.204E+03    10     0     35
3d9(2D)4p_3Fo[2]                     5.0      30619.4140     0.9288   3.228E+03    12     0     36
3d9(2D)4p_3Do[1]                     3.0      30912.8170     0.9200   3.259E+03    13     0     37
3d8(3F)4s_4p(3P)_3Go[5]             11.0      30922.7340     0.9197   3.260E+03    14     0     38
3d8(3F)4s_4p(3P)_3Go[4]              9.0      30979.7490     0.9180   3.266E+03    14     0     39
3d9(2D)4p_1Fo[3]                     7.0      31031.0200     0.9164   3.271E+03    15     0     40
3d9(2D)4p_1Do[2]                     5.0      31441.6350     0.9041   3.316E+03    15     0     41
3d8(3F)4s_4p(3P)_3Go[3]              7.0      31786.1620     0.8938   3.354E+03    14     0     42
3d8(3F)4s_4p(3P)_3Fo[4]              9.0      32973.3760     0.8582   3.493E+03    16     0     43
3d9(2D)4p_1Po[1]                     3.0      32982.2600     0.8579   3.494E+03    17     0     44
3d8(3F)4s_4p(3P)_3Fo[3]              7.0      33112.3340     0.8540   3.510E+03    16     0     45
3d8(3F)4s_4p(3P)_3Do[3]              7.0      33500.8220     0.8424   3.559E+03    18     0     46
3d8(3F)4s_4p(3P)_1Go[4]              9.0      33590.1300     0.8397   3.570E+03    17     0     47
3d8(3F)4s_4p(3P)_3Do[2]              5.0      33610.8900     0.8391   3.573E+03    18     0     48
3d8(3F)4s_4p(3P)_3Fo[2]              5.0      34163.2640     0.8225   3.645E+03    16     0     49
3d8(3F)4s_4p(3P)_3Do[1]              3.0      34408.5550     0.8152   3.678E+03    18     0     50
3d8(3F)4s_4p(3P)_1Fo[3]              7.0      35639.1220     0.7783   3.852E+03    19     0     51
3d8(3F)4s_4p(3P)_1Do[2]              5.0      36600.7910     0.7495   4.000E+03    19     0     52
3d8(3P)4s_4p(3P)_5Po[3]              7.0      40361.2490     0.6367   4.708E+03    20     0     53
3d8(3P)4s_4p(3P)_5Po[2]              5.0      40484.2120     0.6330   4.736E+03    20     0     54
3d8(3P)4s_4p(3P)_5Po[1]              3.0      40768.9960     0.6245   4.801E+03    20     0     55
3d8(1D)4s_4p(3P)_3Fo[4]              9.0      42585.2120     0.5700   5.259E+03    21     0     56
3d9(2D<5/2>)5s_2{5/2}e[3]            7.0      42605.9450     0.5694   5.265E+03    22     0     57
3d8(1D)4s_4p(3P)_3Do[3]              7.0      42620.9940     0.5690   5.269E+03    21     0     58
3d8(1D)4s_4p(3P)_3Do[2]              5.0      42653.6610     0.5680   5.278E+03    21     0     59
3d8(1D)4s_4p(3P)_3Do[1]              3.0      42656.2890     0.5679   5.279E+03    21     0     60
3d8(1D)4s_4p(3P)_3Fo[3]              7.0      42767.8530     0.5646   5.310E+03    21     0     61
3d9(2D<5/2>)5s_2{5/2}e[2]            5.0      42790.0100     0.5639   5.316E+03    22     0     62
3d8(1D)4s_4p(3P)_3Fo[2]              5.0      42954.2030     0.5590   5.363E+03    21     0     63
3d8(1D)4s_4p_3Po[0]                  1.0      43017.4230     0.5571   5.381E+03    21     0     64
3d8(3F)4s_4p(1P)_3Go[5]             11.0      43089.5780     0.5549   5.402E+03    23     0     65
3d8(3F)4s_4p(1P)_3Fo[4]              9.0      43258.7260     0.5499   5.452E+03    24     0     66
3d8(1D)4s_4p(3P)_3Po[1]              3.0      43463.9810     0.5437   5.514E+03    23     0     67
3d8(3F)4s_4p(1P)_3Do[3]              7.0      43654.9030     0.5380   5.573E+03    25     0     68
3d8(1D)4s_4p(3P)_3Po[2]              5.0      43933.4080     0.5296   5.660E+03    23     0     69
3d8(3P)4s_4p(3P)_5Do[2]              5.0      44093.7730     0.5248   5.712E+03    26     0     70
3d9(2D<3/2>)5s_2{3/2}e[1]            3.0      44112.1730     0.5243   5.718E+03    27     0     71
3d8(3P)4s_4p(3P)_5Do[1]              3.0      44132.2500     0.5237   5.725E+03    26     0     72
3d8(3P)4s_4p(3P)_5Do[3]              7.0      44206.0990     0.5215   5.749E+03    26     0     73
3d9(2D<3/2>)5s_2{3/2}e[2]            5.0      44262.5990     0.5198   5.768E+03    27     0     74
3d8(3F)4s_4p(1P)_3Go[4]              9.0      44314.9040     0.5182   5.785E+03    23     0     75
3d8(3P)4s_4p(3P)_5Do[0]              1.0      44414.9550     0.5152   5.819E+03    26     0     76
3d8(3F)4s_4p(1P)_3Do[2]              5.0      44475.0990     0.5134   5.839E+03    25     0     77
3d8(3P)4s_4p(3P)_5Do[4]              9.0      44540.5250     0.5114   5.862E+03    26     0     78
3d8(3F)4s_4p(1P)_3Go[3]              7.0      44565.0370     0.5107   5.870E+03    23     0     79
3d8(3F)4s_4p(1P)_3Do[1]              3.0      45122.3830     0.4940   6.069E+03    25     0     80
3d8(3F)4s_4p(1P)_3Fo[3]              7.0      45281.0890     0.4892   6.128E+03    24     0     81
3d8(3F)4s_4p(1P)_3Fo[2]              5.0      45418.8040     0.4851   6.180E+03    24     0     82
3d8(3P)4s_4p(3P)_3Po[2]              5.0      46522.8660     0.4520   6.633E+03    28     0     83
3d8(3P)4s_4p(3P)_3Do[3]              7.0      47030.1020     0.4368   6.863E+03    28     0     84
3d8(3P)4s_4p(3P)_3Do[2]              5.0      47139.3370     0.4335   6.915E+03    28     0     85
3d8(3P)4s_4p(3P)_3Po[1]              3.0      47208.1490     0.4315   6.948E+03    28     0     86
3d8(3P)4s_4p(3P)_5So[2]              5.0      47328.7840     0.4278   7.007E+03    29     0     87
3d8(3P)4s_4p(3P)_3Do[1]              3.0      47424.7850     0.4250   7.055E+03    28     0     88
3d8(3P)4s_4p(3P)_3Po[0]              1.0      47686.5870     0.4171   7.187E+03    28     0     89
3d8_4s(4F)5s_5Fe[5]                 11.0      48466.4900     0.3937   7.614E+03    30     0     90
3d9(2D)5p_1Fo[3]                     7.0      48672.0490     0.3876   7.735E+03    31     0     91
3d9(2D)5p_3Fo[4]                     9.0      48715.5860     0.3863   7.761E+03    32     0     92
3d9(2D)5p_3Po[2]                     5.0      48735.2900     0.3857   7.773E+03    32     0     93
3d8(3P)4s_4p(3P)_1Po[1]              3.0      48818.0970     0.3832   7.824E+03    31     0     94
3d9(2D<5/2>)4d_2{1/2}e[1]            3.0      48953.3160     0.3791   7.907E+03    33     0     95
3d9(2D)5p_1Do[2]                     5.0      49032.9260     0.3768   7.957E+03    31     0     96
3d8_4s(4F)5s_5Fe[4]                  9.0      49085.9820     0.3752   7.991E+03    30     0     97
3d9(2D<5/2>)4d_2{9/2}e[5]           11.0      49158.4800     0.3730   8.038E+03    33     0     98
3d9(2D<5/2>)4d_2{3/2}e[2]            5.0      49159.0300     0.3730   8.038E+03    33     0     99
3d9(2D<5/2>)4d_2{3/2}e[1]            3.0      49171.1510     0.3726   8.046E+03    33     0    100
3d9(2D<5/2>)4d_2{9/2}e[4]            9.0      49174.7700     0.3725   8.048E+03    33     0    101
3d8(3P)4s_4p(3P)_1Do[2]              5.0      49185.1380     0.3722   8.055E+03    31     0    102
3d9(2D)5p_3Po[1]                     3.0      49196.1810     0.3719   8.062E+03    32     0    103
3d9(2D<5/2>)4d_2{5/2}e[3]            7.0      49271.5400     0.3696   8.111E+03    33     0    104
3d9(2D<5/2>)4d_2{7/2}e[3]            7.0      49313.8140     0.3683   8.139E+03    33     0    105
3d9(2D<5/2>)4d_2{5/2}e[2]            5.0      49327.8110     0.3679   8.149E+03    33     0    106
3d9(2D)5p_3Do[3]                     7.0      49328.1400     0.3679   8.149E+03    34     0    107
3d9(2D<5/2>)4d_2{7/2}e[4]            9.0      49332.5930     0.3678   8.152E+03    33     0    108
3d8(3P)4s_4p(3P)_3So[1]              3.0      49403.3860     0.3656   8.199E+03    32     0    109
3d9(2D<5/2>)4d_2{1/2}e[0]            1.0      49610.3450     0.3594   8.341E+03    33     0    110
3d8_4s(4F)5s_5Fe[3]                  7.0      49777.5690     0.3544   8.458E+03    30     0    111
3d8(1G)4s_4p_3Ho[4]                  9.0      49879.3390     0.3514   8.532E+03    32     0    112
3d8(1G)4s_4p_3Ho[5]                 11.0      49993.2010     0.3480   8.616E+03    32     0    113
3d9(2D)5p_3Fo[2]                     5.0      50039.1910     0.3466   8.650E+03    32     0    114
3d8(1G)4s_4p_3Ho[6]                 13.0      50135.5590     0.3437   8.723E+03    32     0    115
3d9(2D)5p_3Po[0]                     1.0      50138.4580     0.3436   8.725E+03    32     0    116
3d9(2D)5p_3Fo[3]                     7.0      50142.9910     0.3435   8.728E+03    32     0    117
3d8(1S)4s2_1Se[0]                    1.0      50276.3210     0.3395   8.831E+03    35     0    118
3d8_4s(4F)5s_5Fe[2]                  5.0      50346.4270     0.3374   8.886E+03    30     0    119
3d9(2D)5p_1Po[1]                     3.0      50458.1920     0.3340   8.975E+03    36     0    120
3d8_4s(4F)5s_3Fe[4]                  9.0      50466.1310     0.3338   8.982E+03    37     0    121
3d9(2D<3/2>)4d_2{1/2}e[1]            3.0      50536.7030     0.3317   9.039E+03    38     0    122
3d9(2D<3/2>)4d_2{7/2}e[3]            7.0      50677.5550     0.3274   9.155E+03    38     0    123
3d9(2D)5p_3Do[2]                     5.0      50689.4890     0.3271   9.165E+03    34     0    124
3d9(2D<3/2>)4d_2{7/2}e[4]            9.0      50706.2730     0.3266   9.180E+03    38     0    125
3d9(2D<3/2>)4d_2{3/2}e[1]            3.0      50716.8960     0.3263   9.189E+03    38     0    126
3d8_4s(4F)5s_5Fe[1]                  3.0      50744.5520     0.3254   9.212E+03    30     0    127
3d9(2D<3/2>)4d_2{3/2}e[2]            5.0      50754.1030     0.3252   9.220E+03    38     0    128
3d8(1G)4s_4p(3P)_3Fo[4]              9.0      50789.3030     0.3241   9.250E+03    39     0    129
3d9(2D<3/2>)4d_2{5/2}e[3]            7.0      50832.0010     0.3228   9.287E+03    38     0    130
3d9(2D<3/2>)4d_2{5/2}e[2]            5.0      50834.4010     0.3227   9.289E+03    38     0    131
3d9(2D)5p_3Do[1]                     3.0      50851.1990     0.3222   9.303E+03    34     0    132
3d8(1G)4s_4p(3P)_3Fo[3]              7.0      51124.6620     0.3140   9.546E+03    39     0    133
3d8_4s(4F)5s_3Fe[3]                  7.0      51306.0380     0.3086   9.714E+03    37     0    134
3d8(1G)4s_4p(3P)_3Fo[2]              5.0      51343.5470     0.3075   9.750E+03    39     0    135
3d9(2D<3/2>)4d_2{1/2}e[0]            1.0      51457.2500     0.3041   9.859E+03    38     0    136
3d8(3P)4s_4p_1So[0]                  1.0      51482.2540     0.3033   9.884E+03    36     0    137
3d8_4s(4F)5s_3Fe[2]                  5.0      52040.5230     0.2866   1.046E+04    37     0    138
3d9(2D<5/2>)6s_2{5/2}e[3]            7.0      52197.4440     0.2819   1.064E+04    40     0    139
3d9(2D<5/2>)6s_2{5/2}e[2]            5.0      52271.6800     0.2797   1.072E+04    40     0    140
3d9(2D<3/2>)6s_2{3/2}e[1]            3.0      53703.8510     0.2367   1.266E+04    40     0    141
3d9(2D<3/2>)6s_2{3/2}e[2]            5.0      53753.9820     0.2352   1.275E+04    40     0    142
3d8_4s(2F)5s_3Fe[4]                  9.0      54237.0990     0.2207   1.358E+04    41     0    143
3d8_4s(2F)5s_1Fe[3]                  7.0      54251.3080     0.2203   1.361E+04    42     0    144
3d8(1G)4s_4p_3Go[3]                  7.0      54304.0390     0.2187   1.371E+04    43     0    145
3d9(2D<5/2>)6p_2{3/2}o[2]            5.0      54309.0370     0.2186   1.372E+04    44     0    146
3d8(1G)4s_4p(3P)_3Go[5]             11.0      54328.8820     0.2180   1.375E+04    43     0    147
3d8(1G)4s_4p_3Go[4]                  9.0      54329.9300     0.2180   1.376E+04    43     0    148
3d9(2D<5/2>)6p_2{7/2}o[3]            7.0      54485.9130     0.2133   1.406E+04    44     0    149
3d9(2D<5/2>)6p_2{3/2}o[1]            3.0      54495.3710     0.2130   1.408E+04    44     0    150
3d9(2D<5/2>)6p_2{7/2}o[4]            9.0      54544.3130     0.2115   1.417E+04    44     0    151
3d9(2D<5/2>)6p_2{5/2}o[2]            5.0      54548.3440     0.2114   1.418E+04    44     0    152
3d9(2D<5/2>)5d_2{1/2}e[1]            3.0      54574.6450     0.2106   1.423E+04    45     0    153
3d9(2D<5/2>)6p_2{5/2}o[3]            7.0      54606.6650     0.2097   1.430E+04    44     0    154
3d9(2D<5/2>)5d_2{3/2}e[1]            3.0      54659.5380     0.2081   1.441E+04    45     0    155
3d9(2D<5/2>)5d_2{9/2}e[5]           11.0      54659.7090     0.2081   1.441E+04    45     0    156
3d9(2D<5/2>)5d_2{3/2}e[2]            5.0      54667.3000     0.2078   1.442E+04    45     0    157
3d9(2D<5/2>)5d_2{9/2}e[4]            9.0      54667.8780     0.2078   1.443E+04    45     0    158
3d9(2D<5/2>)4f_2{1/2}o[0]            1.0      54698.3680     0.2069   1.449E+04    44     0    159
3d9(2D<5/2>)4f_2{1/2}o[1]            3.0      54699.0760     0.2069   1.449E+04    44     0    160
3d9(2D<5/2>)5d_2{5/2}e[3]            7.0      54699.8090     0.2069   1.449E+04    45     0    161
3d9(2D<5/2>)4f_2{3/2}o[1]            3.0      54711.8890     0.2065   1.452E+04    44     0    162
3d9(2D<5/2>)4f_2{3/2}o[2]            5.0      54713.0590     0.2065   1.452E+04    44     0    163
3d9(2D<5/2>)4f_2{11/2}o[5]          11.0      54716.2350     0.2064   1.453E+04    44     0    164
3d9(2D<5/2>)4f_2{11/2}o[6]          13.0      54716.6770     0.2064   1.453E+04    44     0    165
3d9(2D<5/2>)4f_2{5/2}o[3]            7.0      54727.9700     0.2060   1.455E+04    44     0    166
3d9(2D<5/2>)4f_2{5/2}o[2]            5.0      54728.7470     0.2060   1.455E+04    44     0    167
3d9(2D<5/2>)5d_2{5/2}e[2]            5.0      54732.3710     0.2059   1.456E+04    45     0    168
3d9(2D<5/2>)4f_2{7/2}o[3]            7.0      54741.2660     0.2056   1.458E+04    44     0    169
3d9(2D<5/2>)4f_2{7/2}o[4]            9.0      54741.6360     0.2056   1.458E+04    44     0    170
3d9(2D<5/2>)4f_2{9/2}o[4]            9.0      54742.1540     0.2056   1.458E+04    44     0    171
3d9(2D<5/2>)4f_2{9/2}o[5]           11.0      54742.5250     0.2056   1.458E+04    44     0    172
3d9(2D<5/2>)5d_2{7/2}e[4]            9.0      54761.2890     0.2050   1.462E+04    45     0    173
3d9(2D<5/2>)5d_2{7/2}e[3]            7.0      54772.1370     0.2047   1.465E+04    45     0    174
3d9(2D<5/2>)5d_2{1/2}e[0]            1.0      55015.0840     0.1974   1.519E+04    45     0    175
3d8_4s(4F)5p_5Do[4]                  9.0      55556.9310     0.1812   1.655E+04    46     0    176
3d8_4s(2F)5s_3Fe[3]                  7.0      55576.8430     0.1806   1.660E+04    41     0    177
3d8_4s(4F)5p_5Go[6]                 13.0      55696.4840     0.1770   1.694E+04    47     0    178
3d8_4s(4F)5p_5Fo[5]                 11.0      55751.8230     0.1753   1.710E+04    48     0    179
3d9(2D)6p_3Po[0]                     1.0      55799.5670     0.1739   1.724E+04    43     0    180
3d9(2D<3/2>)6p_2{1/2}o[1]            3.0      55881.0660     0.1714   1.749E+04    44     0    181
3d8_4s(2F)5s_3Fe[2]                  5.0      55920.4850     0.1703   1.761E+04    41     0    182
3d9(2D<3/2>)6p_2{3/2}o[2]            5.0      55942.7020     0.1696   1.768E+04    49     0    183
3d9(2D<5/2>)7s_2{5/2}e[3]            7.0      55971.3450     0.1687   1.777E+04    45     0    184
3d9(2D<3/2>)6p_2{5/2}o[3]            7.0      55979.9460     0.1685   1.779E+04    49     0    185
3d9(2D<5/2>)7s_2{5/2}e[2]            5.0      56021.9490     0.1672   1.793E+04    45     0    186
3d9(2D)6p_3Do[1]                     3.0      56046.5550     0.1665   1.801E+04    50     0    187
3d9(2D<3/2>)6p_2{5/2}o[2]            5.0      56053.0750     0.1663   1.803E+04    49     0    188
3d9(2D<3/2>)5d_2{1/2}e[1]            3.0      56107.9260     0.1646   1.821E+04    51     0    189
3d9(2D<3/2>)5d_2{7/2}e[3]            7.0      56165.7220     0.1629   1.840E+04    45     0    190
3d9(2D<3/2>)5d_2{7/2}e[4]            9.0      56183.4970     0.1624   1.846E+04    45     0    191
3d9(2D<3/2>)5d_2{3/2}e[1]            3.0      56188.7160     0.1622   1.848E+04    45     0    192
3d9(2D<3/2>)5d_2{3/2}e[2]            5.0      56201.3190     0.1618   1.852E+04    45     0    193
3d9(2D<3/2>)4f_2{3/2}o[2]            5.0      56214.3800     0.1615   1.857E+04    49     0    194
3d9(2D<3/2>)4f_2{3/2}o[1]            3.0      56215.4740     0.1614   1.857E+04    49     0    195
3d9(2D<3/2>)4f_2{9/2}o[5]           11.0      56225.2920     0.1611   1.861E+04    49     0    196
3d9(2D<3/2>)4f_2{9/2}o[4]            9.0      56227.0690     0.1611   1.861E+04    49     0    197
3d9(2D<3/2>)4f_2{5/2}o[3]            7.0      56238.7090     0.1607   1.865E+04    49     0    198
3d9(2D<3/2>)4f_2{5/2}o[2]            5.0      56239.3480     0.1607   1.865E+04    49     0    199
3d8_4s(4F)5p_5Go[5]                 11.0      56243.7850     0.1606   1.867E+04    47     0    200
3d9(2D<3/2>)4f_2{7/2}o[3]            7.0      56249.5560     0.1604   1.869E+04    49     0    201
3d9(2D<3/2>)4f_2{7/2}o[4]            9.0      56250.8610     0.1604   1.869E+04    49     0    202
3d8_4s(4F)5p_5Do[3]                  7.0      56261.9890     0.1600   1.873E+04    46     0    203
3d9(2D<3/2>)5d_2{5/2}e[3]            7.0      56263.8930     0.1600   1.874E+04    51     0    204
3d9(2D<3/2>)5d_2{5/2}e[2]            5.0      56274.4460     0.1597   1.878E+04    51     0    205
3d8_4s(4F)5p_5Fo[4]                  9.0      56339.1230     0.1577   1.901E+04    48     0    206
3d9(2D<3/2>)5d_2{1/2}e[0]            1.0      56400.7690     0.1559   1.923E+04    51     0    207
3d8(1D)4s_4p(1P)_1Fo[3]              7.0      56525.4010     0.1521   1.971E+04    52     0    208
3d8(1D)4s_4p(1P)_1Do[2]              5.0      56561.7370     0.1510   1.985E+04    52     0    209
3d8_4s(4F<9/2>)4d_2{13/2}e[6]       13.0      56624.5990     0.1492   2.010E+04    51     0    210
3d8_4s(4F<9/2>)4d_2{5/2}e[2]         5.0      56710.8290     0.1466   2.045E+04    51     0    211
3d8_4s(4F<9/2>)4d_2{9/2}e[4]         9.0      56766.4800     0.1449   2.069E+04    51     0    212
3d9(2D)7p_1Po[1]                     3.0      56768.0920     0.1449   2.070E+04    52     0    213
3d8_4s(4F<9/2>)4d_2{11/2}e[5]       11.0      56801.5860     0.1439   2.084E+04    51     0    214
3d8_4s(4F<9/2>)4d_2{5/2}e[3]         7.0      56821.4870     0.1433   2.093E+04    51     0    215
3d9(2D)7p_3Do[2]                     5.0      56853.2630     0.1423   2.107E+04    53     0    216
3d8_4s(4F<9/2>)4d_2{7/2}e[4]         9.0      56857.8840     0.1422   2.109E+04    51     0    217
3d9(2D<5/2>)6d_2{1/2}e[1]            3.0      56858.0060     0.1422   2.109E+04    51     0    218
3d9(2D)7p_3Do[3]                     7.0      56875.7510     0.1416   2.117E+04    53     0    219
3d8_4s(4F<9/2>)4d_2{13/2}e[7]       15.0      56885.2150     0.1413   2.121E+04    51     0    220
3d9(2D<5/2>)6d_2{9/2}e[4]            9.0      56898.1000     0.1410   2.127E+04    51     0    221
3d9(2D<5/2>)6d_2{3/2}e[1]            3.0      56901.1410     0.1409   2.128E+04    51     0    222
3d9(2D<5/2>)6d_2{3/2}e[2]            5.0      56903.4690     0.1408   2.129E+04    51     0    223
3d9(2D<5/2>)6d_2{5/2}e[3]            7.0      56918.5270     0.1403   2.136E+04    51     0    224
3d8_4s(4F)5p_5Go[4]                  9.0      56934.8820     0.1399   2.144E+04    47     0    225
3d9(2D<5/2>)6d_2{7/2}e[3]            7.0      56938.0830     0.1398   2.145E+04    51     0    226
3d9(2D<5/2>)6d_2{5/2}e[2]            5.0      56938.8460     0.1397   2.145E+04    51     0    227
3d9(2D<5/2>)6d_2{7/2}e[4]            9.0      56939.8320     0.1397   2.146E+04    51     0    228
3d8_4s(4F)5p_5Do[2]                  5.0      56940.5170     0.1397   2.146E+04    46     0    229
3d9(2D)7p_3Fo[4]                     9.0      56942.1980     0.1396   2.147E+04    53     0    230
3d8_4s(4F<9/2>)4d_2{11/2}e[6]       13.0      56954.0980     0.1393   2.152E+04    51     0    231
3d8_4s(4F<9/2>)4d_2{9/2}e[5]        11.0      56973.6540     0.1387   2.162E+04    51     0    232
3d9(2D<5/2>)6d_2{9/2}e[5]           11.0      56980.0740     0.1385   2.165E+04    51     0    233
3d8_4s(4F)5p_5Fo[3]                  7.0      56983.8150     0.1384   2.166E+04    48     0    234
3d9(2D)7p_1Fo[3]                     7.0      57024.3140     0.1372   2.185E+04    52     0    235
3d8_4s(4F<9/2>)4d_2{7/2}e[3]         7.0      57103.8800     0.1348   2.224E+04    51     0    236
3d9(2D)5f_1Do[2]                     5.0      57195.5500     0.1320   2.270E+04    52     0    237
3d9(2D)5f_3Po[1]                     3.0      57202.1240     0.1318   2.274E+04    54     0    238
3d9(2D)5f_3Po[0]                     1.0      57202.3920     0.1318   2.274E+04    54     0    239
3d9(2D<5/2>)5f_2{11/2}o[5]          11.0      57205.0780     0.1318   2.275E+04    49     0    240
3d9(2D<5/2>)5f_2{11/2}o[6]          13.0      57205.4280     0.1317   2.276E+04    49     0    241
3d9(2D)5f_3Do[1]                     3.0      57206.7010     0.1317   2.276E+04    54     0    242
3d9(2D)5f_3Do[2]                     5.0      57209.0600     0.1316   2.277E+04    54     0    243
3d9(2D)5f_3Fo[3]                     7.0      57210.9570     0.1316   2.278E+04    54     0    244
3d9(2D<5/2>)5f_2{9/2}o[4]            9.0      57213.0650     0.1315   2.279E+04    49     0    245
3d9(2D<5/2>)5f_2{7/2}o[4]            9.0      57213.4330     0.1315   2.280E+04    49     0    246
3d9(2D<5/2>)5f_2{9/2}o[5]           11.0      57213.6720     0.1315   2.280E+04    49     0    247
3d9(2D)5f_1Fo[3]                     7.0      57219.1410     0.1313   2.283E+04    52     0    248
3d9(2D<5/2>)5g_2{3/2}e[1]            3.0      57219.6350     0.1313   2.283E+04    51     0    249
3d9(2D<5/2>)5g_2{3/2}e[2]            5.0      57219.6390     0.1313   2.283E+04    51     0    250
3d9(2D<5/2>)5g_2{13/2}e[6]          13.0      57222.7360     0.1312   2.285E+04    51     0    251
3d9(2D<5/2>)5g_2{13/2}e[7]          15.0      57222.7390     0.1312   2.285E+04    51     0    252
3d9(2D<5/2>)5g_2{5/2}e[2]            5.0      57223.4090     0.1312   2.285E+04    51     0    253
3d9(2D<5/2>)5g_2{5/2}e[3]            7.0      57223.4120     0.1312   2.285E+04    51     0    254
3d9(2D<5/2>)5g_2{7/2}e[3]            7.0      57227.1830     0.1311   2.287E+04    51     0    255
3d9(2D<5/2>)5g_2{7/2}e[4]            9.0      57227.1870     0.1311   2.287E+04    51     0    256
3d9(2D<5/2>)5g_2{11/2}e[6]          13.0      57228.7950     0.1310   2.288E+04    51     0    257
3d9(2D<5/2>)5g_2{11/2}e[5]          11.0      57228.7990     0.1310   2.288E+04    51     0    258
3d9(2D<5/2>)5g_2{9/2}e[5]           11.0      57229.5560     0.1310   2.288E+04    51     0    259
3d9(2D<5/2>)5g_2{9/2}e[4]            9.0      57229.5590     0.1310   2.288E+04    51     0    260
3d8_4s(4F)5p_3Go[5]                 11.0      57251.8710     0.1304   2.300E+04    53     0    261
3d9(2D)7p_3Po[2]                     5.0      57263.6180     0.1300   2.306E+04    53     0    262
3d9(2D<3/2>)7s_2{3/2}e[1]            3.0      57481.9320     0.1235   2.428E+04    51     0    263
3d9(2D<5/2>)6d_2{1/2}e[0]            1.0      57497.3050     0.1230   2.437E+04    51     0    264
3d8_4s(4F)5p_3Fo[4]                  9.0      57504.1860     0.1228   2.442E+04    53     0    265
3d9(2D<3/2>)7s_2{3/2}e[2]            5.0      57505.0460     0.1228   2.442E+04    51     0    266
3d8_4s(4F)5p_5Do[1]                  3.0      57516.9820     0.1224   2.449E+04    46     0    267
3d8_4s(4F)5p_5Fo[2]                  5.0      57527.2750     0.1221   2.455E+04    48     0    268
3d8_4s(4F)5p_5Go[3]                  7.0      57547.6960     0.1215   2.468E+04    47     0    269
3d8(3P)4s_4p(1P)_3Po[1]              3.0      57552.0790     0.1214   2.470E+04    50     0    270
3d8(3F)4s_5p_3Do[3]                  7.0      57659.3440     0.1181   2.538E+04    55     0    271
3d8_4s(4F<7/2>)4d_2{11/2}e[5]       11.0      57677.5750     0.1176   2.549E+04    51     0    272
3d8_4s(4F<7/2>)4d_2{3/2}e[2]         5.0      57700.5900     0.1169   2.564E+04    51     0    273
3d9(2D<5/2>)8s_2{5/2}e[3]            7.0      57701.3300     0.1169   2.565E+04    51     0    274
3d9(2D<5/2>)8s_2{5/2}e[2]            5.0      57722.9980     0.1162   2.579E+04    51     0    275
3d8_4s(4F<7/2>)4d_2{5/2}e[3]         7.0      57743.5360     0.1156   2.593E+04    56     0    276
3d8_4s(4F<7/2>)4d_2{11/2}e[6]       13.0      57762.0390     0.1151   2.606E+04    51     0    277
3d8_4s(4F<7/2>)4d_2{3/2}e[1]         3.0      57767.4670     0.1149   2.609E+04    51     0    278
3d8_4s(4F<7/2>)4d_2{9/2}e[4]         9.0      57789.5320     0.1142   2.624E+04    56     0    279
3d8_4s(4F<7/2>)4d_2{7/2}e[4]         9.0      57810.4380     0.1136   2.639E+04    56     0    280
3d8_4s(4F<7/2>)4d_2{9/2}e[5]        11.0      57829.3320     0.1130   2.652E+04    56     0    281
3d8_4s(4F)5p_5Do[0]                  1.0      57852.9140     0.1123   2.669E+04    46     0    282
3d8_4s(4F)5p_5Go[2]                  5.0      57945.6930     0.1096   2.736E+04    47     0    283
3d9(2D)7p_3Po[0]                     1.0      57977.2960     0.1086   2.760E+04    53     0    284
3d8_4s(4F)5p_5Fo[1]                  3.0      57992.9730     0.1081   2.772E+04    48     0    285
3d8_4s(4F<7/2>)4d_2{5/2}e[2]         5.0      58005.2760     0.1078   2.782E+04    56     0    286
3d8_4s(4F<7/2>)4d_2{7/2}e[3]         7.0      58039.4860     0.1067   2.809E+04    56     0    287
3d9(2D)7p_b3Do[2]                    5.0      58054.4910     0.1063   2.820E+04    53     0    288
3d9(2D<3/2>)6d_2{1/2}e[0]            1.0      58134.8220     0.1039   2.886E+04    56     0    289
3d8_4s(4F)5p_3Go[4]                  9.0      58135.3690     0.1039   2.886E+04    53     0    290
3d8(3F)4s_5p_3Do[2]                  5.0      58147.5250     0.1035   2.896E+04    55     0    291
3d9(2D)7p_3Po[1]                     3.0      58187.1200     0.1023   2.930E+04    53     0    292
3d9(2D<5/2>)7d_2{1/2}e[1]            3.0      58262.5420     0.1001   2.996E+04    56     0    293
3d9(2D<5/2>)7d_2{9/2}e[5]           11.0      58288.6430     0.0993   3.020E+04    56     0    294
3d9(2D<5/2>)7d_2{9/2}e[4]            9.0      58289.8020     0.0992   3.021E+04    56     0    295
3d9(2D<5/2>)7d_2{3/2}e[2]            5.0      58289.9660     0.0992   3.021E+04    56     0    296
3d9(2D<5/2>)7d_2{3/2}e[1]            3.0      58292.4270     0.0992   3.023E+04    56     0    297
3d9(2D<5/2>)7d_2{5/2}e[3]            7.0      58300.4760     0.0989   3.031E+04    56     0    298
3d9(2D<5/2>)7d_2{5/2}e[2]            5.0      58309.3500     0.0987   3.039E+04    56     0    299
3d9(2D<5/2>)7d_2{7/2}e[3]            7.0      58310.5830     0.0986   3.040E+04    56     0    300
3d9(2D<5/2>)7d_2{7/2}e[4]            9.0      58312.6310     0.0986   3.042E+04    56     0    301
3d9(2D)7p_3Do[1]                     3.0      58316.7850     0.0984   3.046E+04    53     0    302
3d9(2D)6f_3Do[3]                     7.0      58334.8520     0.0979   3.063E+04    53     0    303
3d9(2D)6f_1Po[1]                     3.0      58335.0520     0.0979   3.063E+04    57     0    304
3d9(2D)6f_3Po[0]                     1.0      58335.5060     0.0979   3.063E+04    58     0    305
3d9(2D)6f_3Do[2]                     5.0      58336.6340     0.0978   3.064E+04    53     0    306
3d9(2D)6f_1Ho[5]                    11.0      58337.9400     0.0978   3.066E+04    57     0    307
3d9(2D)6f_3Ho[6]                    13.0      58338.3220     0.0978   3.066E+04    58     0    308
3d9(2D)6f_3Do[1]                     3.0      58340.1200     0.0977   3.068E+04    53     0    309
3d9(2D)6f_1Do[2]                     5.0      58341.2040     0.0977   3.069E+04    57     0    310
3d9(2D)6f_3Fo[4]                     9.0      58343.4760     0.0976   3.071E+04    58     0    311
3d9(2D)6f_1Fo[3]                     7.0      58344.1550     0.0976   3.071E+04    57     0    312
3d9(2D)6f_3Go[5]                    11.0      58344.3790     0.0976   3.072E+04    58     0    313
3d9(2D)6f_3Go[4]                     9.0      58345.1140     0.0976   3.072E+04    58     0    314
3d9(2D)8p_1Fo[3]                     7.0      58351.3490     0.0974   3.078E+04    57     0    315
3d9(2D)8p_3Fo[4]                     9.0      58362.1710     0.0971   3.088E+04    58     0    316
3d9(2D)7p_3Fo[2]                     5.0      58379.8920     0.0965   3.105E+04    53     0    317
3d9(2D<3/2>)6d_2{1/2}e[1]            3.0      58381.9510     0.0965   3.107E+04    56     0    318
3d9(2D<3/2>)6d_2{7/2}e[3]            7.0      58403.1100     0.0958   3.128E+04    56     0    319
3d9(2D<3/2>)6d_2{3/2}e[1]            3.0      58411.0790     0.0956   3.136E+04    56     0    320
3d9(2D<3/2>)6d_2{7/2}e[4]            9.0      58412.0840     0.0956   3.137E+04    56     0    321
3d9(2D)8p_3Po[2]                     5.0      58418.9830     0.0954   3.144E+04    58     0    322
3d9(2D<3/2>)6d_2{3/2}e[2]            5.0      58424.5840     0.0952   3.149E+04    56     0    323
3d9(2D<3/2>)6d_2{5/2}e[3]            7.0      58445.3450     0.0946   3.170E+04    56     0    324
3d9(2D<3/2>)6d_2{5/2}e[2]            5.0      58447.3260     0.0945   3.172E+04    56     0    325
3d8_4s(4F<5/2>)4d_2{1/2}e[0]         1.0      58448.7600     0.0945   3.173E+04    56     0    326
3d9(2D)8p_3Do[3]                     7.0      58461.3040     0.0941   3.186E+04    58     0    327
3d9(2D)8p_1Po[1]                     3.0      58517.0650     0.0924   3.244E+04    57     0    328
3d8_4s(4F<5/2>)4d_2{9/2}e[4]         9.0      58518.1140     0.0924   3.245E+04    56     0    329
3d8_4s(4F<5/2>)4d_2{9/2}e[5]        11.0      58520.8630     0.0923   3.248E+04    56     0    330
3d9(2D)7p_3Fo[3]                     7.0      58521.2170     0.0923   3.248E+04    53     0    331
3d8_4s(4F<5/2>)4d_2{1/2}e[1]         3.0      58525.4510     0.0922   3.253E+04    56     0    332
3d8_4s(4F)5p_3Fo[3]                  7.0      58535.6550     0.0919   3.263E+04    53     0    333
3d8_4s(4F<5/2>)4d_2{3/2}e[2]         5.0      58536.5490     0.0918   3.264E+04    56     0    334
3d9(2D<5/2>)6g_2{3/2}e[1]            3.0      58543.3010     0.0916   3.272E+04    56     0    335
3d9(2D<5/2>)6g_2{3/2}e[2]            5.0      58543.3040     0.0916   3.272E+04    56     0    336
3d9(2D<5/2>)6g_2{13/2}e[6]          13.0      58544.5780     0.0916   3.273E+04    56     0    337
3d9(2D)6g_3Ie[7]                    15.0      58544.5790     0.0916   3.273E+04    59     0    338
3d9(2D<5/2>)6g_2{5/2}e[3]            7.0      58544.8440     0.0916   3.273E+04    56     0    339
3d9(2D<5/2>)6g_2{5/2}e[2]            5.0      58544.8460     0.0916   3.273E+04    56     0    340
3d9(2D)6h_3Fo[2]                     5.0      58545.8840     0.0916   3.274E+04    58     0    341
3d9(2D)6h_3Fo[3]                     7.0      58545.8841     0.0916   3.274E+04    58     0    342
3d9(2D<5/2>)6g_2{7/2}e[4]            9.0      58546.3790     0.0915   3.275E+04    56     0    343
3d9(2D<5/2>)6g_2{7/2}e[3]            7.0      58546.3800     0.0915   3.275E+04    56     0    344
3d9(2D)6h_1Ko[7]                    15.0      58546.4420     0.0915   3.275E+04    57     0    345
3d9(2D)6h_3Ko[8]                    17.0      58546.4421     0.0915   3.275E+04    58     0    346
3d9(2D)6h_3Go[3]                     7.0      58546.8080     0.0915   3.275E+04    53     0    347
3d9(2D)6h_3Go[4]                     9.0      58546.8081     0.0915   3.275E+04    53     0    348
3d9(2D<5/2>)6g_2{11/2}e[6]          13.0      58547.0150     0.0915   3.275E+04    56     0    349
3d9(2D<5/2>)6g_2{11/2}e[5]          11.0      58547.0360     0.0915   3.276E+04    56     0    350
3d9(2D<5/2>)6g_2{9/2}e[4]            9.0      58547.2960     0.0915   3.276E+04    56     0    351
3d9(2D<5/2>)6g_2{9/2}e[5]           11.0      58547.3370     0.0915   3.276E+04    56     0    352
3d9(2D)6h_3Go[5]                    11.0      58547.6180     0.0915   3.276E+04    53     0    353
3d9(2D)6h_3Ho[4]                     9.0      58547.6181     0.0915   3.276E+04    53     0    354
3d9(2D)6h_1Io[6]                    13.0      58547.7990     0.0915   3.276E+04    57     0    355
3d9(2D)6h_3Io[7]                    15.0      58547.7991     0.0915   3.276E+04    58     0    356
3d9(2D)6h_1Ho[5]                    11.0      58548.0540     0.0915   3.277E+04    57     0    357
3d9(2D)6h_3Ho[6]                    13.0      58548.0541     0.0915   3.277E+04    53     0    358
3d8_4s(4F<5/2>)4d_2{7/2}e[4]         9.0      58579.7870     0.0905   3.311E+04    56     0    359
3d8_4s(4F<5/2>)4d_2{5/2}e[3]         7.0      58588.1110     0.0903   3.320E+04    56     0    360
3d8_4s(4F<5/2>)4d_2{7/2}e[3]         7.0      58629.4650     0.0891   3.366E+04    56     0    361
3d8_4s(4F<5/2>)4d_2{5/2}e[2]         5.0      58629.8540     0.0890   3.367E+04    56     0    362
3d9(2D)5f_3Po[2]                     5.0      58675.8760     0.0877   3.420E+04    54     0    363
3d9(2D)5f_b3Do[2]                    5.0      58711.2580     0.0866   3.462E+04    54     0    364
3d9(2D)5f_b3Do[1]                    3.0      58711.4080     0.0866   3.462E+04    54     0    365
3d9(2D)5f_3Do[3]                     7.0      58713.0690     0.0865   3.464E+04    54     0    366
3d9(2D<3/2>)5f_2{9/2}o[5]           11.0      58713.9350     0.0865   3.465E+04    60     0    367
3d9(2D<3/2>)5f_2{9/2}o[4]            9.0      58714.2540     0.0865   3.465E+04    60     0    368
3d9(2D)5f_3Go[3]                     7.0      58716.6170     0.0864   3.468E+04    54     0    369
3d9(2D)5f_3Fo[2]                     5.0      58720.4340     0.0863   3.473E+04    54     0    370
3d9(2D)5f_3Go[4]                     9.0      58720.5540     0.0863   3.473E+04    54     0    371
3d9(2D<3/2>)5g_2{5/2}e[2]            5.0      58728.5390     0.0861   3.483E+04    56     0    372
3d9(2D<3/2>)5g_2{5/2}e[3]            7.0      58728.5630     0.0861   3.483E+04    56     0    373
3d9(2D<3/2>)5g_2{11/2}e[5]          11.0      58730.6730     0.0860   3.485E+04    56     0    374
3d9(2D<3/2>)5g_2{11/2}e[6]          13.0      58730.6780     0.0860   3.485E+04    56     0    375
3d9(2D<3/2>)5g_2{7/2}e[4]            9.0      58734.5660     0.0859   3.490E+04    56     0    376
3d9(2D<3/2>)5g_2{7/2}e[3]            7.0      58734.5720     0.0859   3.490E+04    56     0    377
3d9(2D<3/2>)5g_2{9/2}e[5]           11.0      58736.6210     0.0858   3.492E+04    56     0    378
3d9(2D<3/2>)5g_2{9/2}e[4]            9.0      58736.7190     0.0858   3.492E+04    56     0    379
3d9(2D)5f_b3Po[2]                    5.0      58752.1550     0.0854   3.511E+04    54     0    380
3d9(2D<3/2>)9s_2{3/2}e[2]            5.0      58762.4260     0.0851   3.524E+04    56     0    381
3d9(2D)7p_b3Po[0]                    1.0      58776.8430     0.0846   3.542E+04    54     0    382
3d9(2D<5/2>)9s_2{5/2}e[3]            7.0      58807.4580     0.0837   3.581E+04    56     0    383
3d8_4s(4F<5/2>)4d_2{3/2}e[1]         3.0      58832.7590     0.0830   3.614E+04    56     0    384
3d8(3F)4s_5p_3Go[3]                  7.0      58863.7070     0.0820   3.655E+04    61     0    385
3d8(1D)4s_4p(1P)_1Po[1]              3.0      58866.6110     0.0819   3.658E+04    57     0    386
3d8(3P)4s_4p(1P)_3Do[3]              7.0      58896.2290     0.0811   3.699E+04    55     0    387
3d9(2D<5/2>)7d_2{1/2}e[0]            1.0      58905.0380     0.0808   3.711E+04    56     0    388
3d8_4s(4F<3/2>)4d_2{1/2}e[0]         1.0      58984.4240     0.0784   3.823E+04    62     0    389
3d8_4s(4F<3/2>)4d_2{5/2}e[2]         5.0      59007.9550     0.0777   3.858E+04    56     0    390
3d8_4s(4F<3/2>)4d_2{7/2}e[4]         9.0      59039.6330     0.0768   3.906E+04    56     0    391
3d8(3P)4s_4p(1P)_3Do[2]              5.0      59045.0320     0.0766   3.914E+04    55     0    392
3d8(3P)4s_4p(1P)_3Do[1]              3.0      59077.7890     0.0756   3.965E+04    55     0    393
3d9(2D<5/2>)8d_2{1/2}e[1]            3.0      59109.5770     0.0747   4.015E+04    56     0    394
3d8_4s(4F<3/2>)4d_2{5/2}e[3]         7.0      59117.8500     0.0744   4.029E+04    56     0    395
3d8_4s(4F<3/2>)4d_2{3/2}e[2]         5.0      59117.9840     0.0744   4.029E+04    56     0    396
3d9(2D)8d_3Ge[5]                    11.0      59122.4380     0.0743   4.036E+04    63     0    397
3d9(2D<5/2>)8d_2{3/2}e[2]            5.0      59123.7470     0.0742   4.038E+04    56     0    398
3d9(2D<5/2>)8d_2{3/2}e[1]            3.0      59124.8650     0.0742   4.040E+04    56     0    399
3d9(2D)8d_1Ge[4]                     9.0      59125.4050     0.0742   4.041E+04    64     0    400
3d8(3F)4s_5p_3Fo[2]                  5.0      59128.8850     0.0741   4.047E+04    65     0    401
3d9(2D<5/2>)8d_2{5/2}e[3]            7.0      59130.0050     0.0740   4.049E+04    56     0    402
3d9(2D<5/2>)8d_2{7/2}e[3]            7.0      59137.5300     0.0738   4.061E+04    56     0    403
3d9(2D)8d_3Fe[4]                     9.0      59137.9640     0.0738   4.062E+04    63     0    404
3d9(2D)7f_3Do[2]                     5.0      59138.5470     0.0738   4.063E+04    65     0    405
3d9(2D<5/2>)8d_2{5/2}e[2]            5.0      59142.7900     0.0737   4.070E+04    56     0    406
3d9(2D)7f_1Po[1]                     3.0      59150.7610     0.0734   4.083E+04    57     0    407
3d9(2D)9p_1Fo[3]                     7.0      59152.1870     0.0734   4.085E+04    57     0    408
3d9(2D)7f_3Po[0]                     1.0      59152.8400     0.0734   4.086E+04    65     0    409
3d9(2D)7f_1Ho[5]                    11.0      59153.2840     0.0734   4.087E+04    57     0    410
3d9(2D)7f_3Ho[6]                    13.0      59153.5880     0.0733   4.088E+04    65     0    411
3d9(2D)7f_3Po[1]                     3.0      59153.6950     0.0733   4.088E+04    65     0    412
3d9(2D)7f_1Do[2]                     5.0      59154.3980     0.0733   4.089E+04    57     0    413
3d9(2D)9p_3Fo[4]                     9.0      59156.2160     0.0733   4.092E+04    61     0    414
3d9(2D)7f_3Do[3]                     7.0      59156.3570     0.0733   4.092E+04    65     0    415
3d9(2D)7f_3Go[5]                    11.0      59157.3430     0.0732   4.094E+04    65     0    416
3d9(2D)7f_3Go[4]                     9.0      59157.3660     0.0732   4.094E+04    65     0    417
3d9(2D)9p_b3Fo[4]                    9.0      59158.1870     0.0732   4.095E+04    55     0    418
3d9(2D)7f_3Fo[3]                     7.0      59159.4190     0.0732   4.097E+04    65     0    419
3d9(2D)9p_3Po[2]                     5.0      59167.3820     0.0729   4.111E+04    65     0    420
3d8(3F)4s_5p_3Do[1]                  3.0      59186.5000     0.0724   4.143E+04    55     0    421
3d8_4s(4F<3/2>)4d_2{7/2}e[3]         7.0      59188.7210     0.0723   4.147E+04    56     0    422
3d9(2D<3/2>)8s_2{3/2}e[1]            3.0      59194.1880     0.0721   4.157E+04    56     0    423
3d9(2D<3/2>)8s_2{3/2}e[2]            5.0      59204.5010     0.0718   4.174E+04    56     0    424
3d8_4s(4F<3/2>)4d_2{3/2}e[1]         3.0      59221.2440     0.0713   4.204E+04    56     0    425
3d9(2D)9p_3Do[3]                     7.0      59242.4130     0.0707   4.242E+04    65     0    426
3d9(2D)9p_b3Po[2]                    5.0      59271.3770     0.0698   4.294E+04    55     0    427
3d8(3F)4s_5p_b3Do[1]                 3.0      59283.1150     0.0695   4.316E+04    65     0    428
3d9(2D<5/2>)7g_2{3/2}e[2]            5.0      59353.4500     0.0673   4.451E+04    56     0    429
3d9(2D<5/2>)7g_2{3/2}e[1]            3.0      59353.4530     0.0673   4.451E+04    56     0    430
3d9(2D)7g_1Ie[6]                    13.0      59354.2620     0.0673   4.453E+04    64     0    431
3d9(2D)7g_3Ie[7]                    15.0      59354.2621     0.0673   4.453E+04    63     0    432
3d9(2D)7g_3Fe[3]                     7.0      59354.4310     0.0673   4.453E+04    59     0    433
3d9(2D<5/2>)7g_2{5/2}e[2]            5.0      59354.4311     0.0673   4.453E+04    56     0    434
3d9(2D)7h_3Fo[2]                     5.0      59355.0740     0.0673   4.454E+04    65     0    435
3d9(2D)7h_3Fo[3]                     7.0      59355.0741     0.0673   4.454E+04    65     0    436
3d9(2D)7g_3Fe[4]                     9.0      59355.3900     0.0673   4.455E+04    59     0    437
3d9(2D)7g_3Ge[3]                     7.0      59355.3901     0.0673   4.455E+04    59     0    438
3d9(2D)7h_1Ko[7]                    15.0      59355.4240     0.0673   4.455E+04    57     0    439
3d9(2D)7h_3Ko[8]                    17.0      59355.4241     0.0673   4.455E+04    65     0    440
3d9(2D)7i_3Ge[4]                     9.0      59355.6180     0.0673   4.456E+04    63     0    441
3d9(2D)7i_3Ge[3]                     7.0      59355.6181     0.0673   4.456E+04    63     0    442
3d9(2D)7h_3Go[3]                     7.0      59355.6560     0.0673   4.456E+04    55     0    443
3d9(2D)7h_3Go[4]                     9.0      59355.6561     0.0673   4.456E+04    55     0    444
3d9(2D)7g_1He[5]                    11.0      59355.7520     0.0673   4.456E+04    64     0    445
3d9(2D)7g_3He[6]                    13.0      59355.7560     0.0673   4.456E+04    63     0    446
3d9(2D)7i_3Le[9]                    19.0      59355.7970     0.0673   4.456E+04    63     0    447
3d9(2D)7i_1Le[8]                    17.0      59355.7971     0.0673   4.456E+04    64     0    448
3d9(2D)7g_1Ge[4]                     9.0      59355.9700     0.0673   4.456E+04    64     0    449
3d9(2D)7g_3Ge[5]                    11.0      59355.9730     0.0673   4.456E+04    59     0    450
3d9(2D)7i_3He[4]                     9.0      59355.9890     0.0673   4.456E+04    59     0    451
3d9(2D)7i_3He[5]                    11.0      59355.9891     0.0673   4.456E+04    59     0    452
3d9(2D)7h_3Go[5]                    11.0      59356.1610     0.0673   4.457E+04    55     0    453
3d9(2D)7h_3Ho[4]                     9.0      59356.1611     0.0673   4.457E+04    55     0    454
3d9(2D)7h_1Io[6]                    13.0      59356.2740     0.0673   4.457E+04    57     0    455
3d9(2D)7h_3Io[7]                    15.0      59356.2741     0.0673   4.457E+04    65     0    456
3d9(2D)7i_3Ie[5]                    11.0      59356.2900     0.0673   4.457E+04    59     0    457
3d9(2D)7i_3He[6]                    13.0      59356.2901     0.0673   4.457E+04    59     0    458
3d9(2D)7i_1Ke[7]                    15.0      59356.3090     0.0673   4.457E+04    64     0    459
3d9(2D)7i_3Ke[8]                    17.0      59356.3091     0.0673   4.457E+04    63     0    460
3d9(2D)7h_1Ho[5]                    11.0      59356.4320     0.0673   4.457E+04    57     0    461
3d9(2D)7h_3Ho[6]                    13.0      59356.4321     0.0673   4.457E+04    55     0    462
3d9(2D)7i_1Ie[6]                    13.0      59356.4322     0.0673   4.457E+04    64     0    463
3d9(2D)7i_3Ie[7]                    15.0      59356.4323     0.0673   4.457E+04    59     0    464
3d9(2D)7d_3Pe[0]                     1.0      59464.5140     0.0640   4.683E+04    59     0    465
3d9(2D)10s_3De[3]                    7.0      59627.3100     0.0591   5.069E+04    66     0    466
3d9(2D)10s_1De[2]                    5.0      59637.4930     0.0588   5.096E+04    64     0    467
3d9(2D<5/2>)9d_2{1/2}e[1]            3.0      59651.3270     0.0584   5.132E+04    62     0    468
3d9(2D)9d_1Se[0]                     1.0      59658.0230     0.0582   5.149E+04    64     0    469
3d9(2D)9d_3Ge[5]                    11.0      59660.2780     0.0582   5.155E+04    66     0    470
3d9(2D)9d_3Pe[2]                     5.0      59661.0330     0.0581   5.157E+04    66     0    471
3d9(2D<5/2>)9d_2{3/2}e[1]            3.0      59661.1700     0.0581   5.158E+04    62     0    472
3d9(2D)9d_1Ge[4]                     9.0      59662.0270     0.0581   5.160E+04    64     0    473
3d9(2D)9d_3De[3]                     7.0      59664.9470     0.0580   5.168E+04    66     0    474
3d9(2D)9d_1Fe[3]                     7.0      59669.5120     0.0579   5.180E+04    64     0    475
3d9(2D)9d_3Fe[4]                     9.0      59670.2380     0.0579   5.182E+04    66     0    476
3d9(2D)9d_1De[2]                     5.0      59673.1050     0.0578   5.190E+04    64     0    477
3d8_4s(4F<3/2>)4d_2{1/2}e[1]         3.0      59676.3360     0.0577   5.198E+04    62     0    478
3d9(2D)10p_1Fo[3]                    7.0      59676.4070     0.0577   5.199E+04    57     0    479
3d9(2D)8f_3Po[1]                     3.0      59681.0920     0.0575   5.211E+04    67     0    480
3d9(2D)8f_3Po[0]                     1.0      59681.3730     0.0575   5.212E+04    67     0    481
3d9(2D)8f_1Ho[5]                    11.0      59682.2970     0.0575   5.215E+04    57     0    482
3d9(2D)8f_1Do[2]                     5.0      59682.5250     0.0575   5.215E+04    57     0    483
3d9(2D)8f_3Ho[6]                    13.0      59682.5440     0.0575   5.215E+04    67     0    484
3d9(2D)10p_3Fo[4]                    9.0      59683.2380     0.0575   5.217E+04    67     0    485
3d9(2D)8f_3Do[1]                     3.0      59683.7300     0.0574   5.218E+04    58     0    486
3d9(2D)8f_3Do[3]                     7.0      59684.0300     0.0574   5.219E+04    58     0    487
3d9(2D)8f_3Do[2]                     5.0      59684.4900     0.0574   5.221E+04    58     0    488
3d9(2D)8f_1Go[4]                     9.0      59684.9230     0.0574   5.222E+04    57     0    489
3d9(2D)8f_3Go[5]                    11.0      59685.0050     0.0574   5.222E+04    67     0    490
3d9(2D)8f_3Fo[4]                     9.0      59685.1060     0.0574   5.222E+04    67     0    491
3d9(2D)8f_1Fo[3]                     7.0      59685.3980     0.0574   5.223E+04    57     0    492
3d9(2D)10p_3Po[2]                    5.0      59692.3310     0.0572   5.242E+04    67     0    493
3d9(2D)10p_3Do[3]                    7.0      59712.4800     0.0566   5.298E+04    67     0    494
3d9(2D)10p_1Do[2]                    5.0      59718.8990     0.0564   5.316E+04    57     0    495
3d9(2D)10p_1Po[1]                    3.0      59726.0770     0.0562   5.336E+04    57     0    496
3d9(2D)7d_3Pe[1]                     3.0      59783.7130     0.0545   5.506E+04    59     0    497
3d9(2D)7d_3Ge[3]                     7.0      59797.0480     0.0541   5.546E+04    59     0    498
3d9(2D)7d_3Ge[4]                     9.0      59801.2640     0.0539   5.559E+04    59     0    499
3d9(2D)7d_3De[1]                     3.0      59802.3490     0.0539   5.563E+04    59     0    500
3d9(2D)7d_3De[2]                     5.0      59808.2780     0.0537   5.581E+04    59     0    501
3d9(2D)7d_3Fe[3]                     7.0      59819.7970     0.0534   5.617E+04    59     0    502
3d9(2D)7d_3Fe[2]                     5.0      59821.1600     0.0533   5.622E+04    59     0    503
3d9(2D)8p_3Fo[3]                     7.0      59843.0100     0.0527   5.692E+04    58     0    504
3d9(2D)6f_3Po[2]                     5.0      59845.0950     0.0526   5.698E+04    58     0    505
3d9(2D)6f_b3Do[1]                    3.0      59845.1000     0.0526   5.698E+04    58     0    506
3d9(2D)6f_3Ho[5]                    11.0      59845.9320     0.0526   5.701E+04    58     0    507
3d9(2D)6f_3Ho[4]                     9.0      59846.2810     0.0526   5.702E+04    58     0    508
3d9(2D)6f_3Fo[2]                     5.0      59849.1340     0.0525   5.711E+04    58     0    509
3d9(2D)6f_b3Go[4]                    9.0      59851.5820     0.0524   5.719E+04    58     0    510
3d9(2D)6f_3Go[3]                     7.0      59851.6950     0.0524   5.720E+04    58     0    511
3d9(2D)6f_b1Fo[3]                    7.0      59855.5860     0.0523   5.733E+04    57     0    512
3d9(2D)8p_3Fo[2]                     5.0      59857.6440     0.0522   5.739E+04    58     0    513
3d8_4s(4F)6s_5Fe[5]                 11.0      59862.6110     0.0521   5.756E+04    68     0    514
3d9(2D)8p_3Po[0]                     1.0      59876.5460     0.0517   5.802E+04    58     0    515
3d9(2D)8g_3De[1]                     3.0      59878.9990     0.0516   5.811E+04    66     0    516
3d9(2D)8g_3De[2]                     5.0      59879.0000     0.0516   5.811E+04    66     0    517
3d9(2D)8g_1Ie[6]                    13.0      59879.5410     0.0516   5.812E+04    64     0    518
3d9(2D)8g_3Ie[7]                    15.0      59879.5411     0.0516   5.812E+04    66     0    519
3d9(2D)8g_3Fe[3]                     7.0      59879.6500     0.0516   5.813E+04    59     0    520
3d9(2D)8g_3Fe[2]                     5.0      59879.6510     0.0516   5.813E+04    59     0    521
3d9(2D)8h_3Fo[2]                     5.0      59880.2520     0.0516   5.815E+04    67     0    522
3d9(2D)8h_3Fo[3]                     7.0      59880.2521     0.0516   5.815E+04    67     0    523
3d9(2D)8g_3Ge[3]                     7.0      59880.2810     0.0516   5.815E+04    59     0    524
3d9(2D)8g_3Fe[4]                     9.0      59880.2820     0.0516   5.815E+04    59     0    525
3d9(2D)8h_1Ko[7]                    15.0      59880.4830     0.0515   5.816E+04    57     0    526
3d9(2D)8h_3Ko[8]                    17.0      59880.4831     0.0515   5.816E+04    67     0    527
3d9(2D)8g_1He[5]                    11.0      59880.4940     0.0515   5.816E+04    64     0    528
3d9(2D)8g_3He[6]                    13.0      59880.4960     0.0515   5.816E+04    66     0    529
3d9(2D)8h_3Go[3]                     7.0      59880.6330     0.0515   5.816E+04    58     0    530
3d9(2D)8h_3Go[4]                     9.0      59880.6331     0.0515   5.816E+04    58     0    531
3d9(2D)8g_1Ge[4]                     9.0      59880.6510     0.0515   5.816E+04    64     0    532
3d9(2D)8g_3Ge[5]                    11.0      59880.6530     0.0515   5.816E+04    59     0    533
3d9(2D)8i_3Ge[4]                     9.0      59880.6840     0.0515   5.816E+04    66     0    534
3d9(2D)8i_3Ge[3]                     7.0      59880.6841     0.0515   5.816E+04    66     0    535
3d9(2D)8i_3Le[9]                    19.0      59880.8000     0.0515   5.817E+04    66     0    536
3d9(2D)8i_1Le[8]                    17.0      59880.8001     0.0515   5.817E+04    64     0    537
3d9(2D)8k_3Ho[5]                    11.0      59880.9000     0.0515   5.817E+04    67     0    538
3d9(2D)8k_3Ho[4]                     9.0      59880.9001     0.0515   5.817E+04    67     0    539
3d9(2D)8i_3He[4]                     9.0      59880.9260     0.0515   5.817E+04    59     0    540
3d9(2D)8i_3He[5]                    11.0      59880.9261     0.0515   5.817E+04    59     0    541
3d9(2D)8k_1Mo[9]                    19.0      59880.9650     0.0515   5.817E+04    57     0    542
3d9(2D)8k_3Mo[10]                   21.0      59880.9651     0.0515   5.817E+04    67     0    543
3d9(2D)8h_3Go[5]                    11.0      59880.9720     0.0515   5.817E+04    58     0    544
3d9(2D)8h_3Ho[4]                     9.0      59880.9721     0.0515   5.817E+04    58     0    545
3d9(2D)8h_1Io[6]                    13.0      59881.0460     0.0515   5.817E+04    57     0    546
3d9(2D)8h_3Io[7]                    15.0      59881.0461     0.0515   5.817E+04    67     0    547
3d9(2D)8k_3Io[5]                    11.0      59881.0630     0.0515   5.818E+04    58     0    548
3d9(2D)8k_3Io[6]                    13.0      59881.0631     0.0515   5.818E+04    58     0    549
3d9(2D)8i_3Ie[5]                    11.0      59881.1240     0.0515   5.818E+04    59     0    550
3d9(2D)8i_3He[6]                    13.0      59881.1241     0.0515   5.818E+04    59     0    551
3d9(2D)8i_1Ke[7]                    15.0      59881.1360     0.0515   5.818E+04    64     0    552
3d9(2D)8i_3Ke[8]                    17.0      59881.1361     0.0515   5.818E+04    66     0    553
3d9(2D)8h_1Ho[5]                    11.0      59881.1560     0.0515   5.818E+04    57     0    554
3d9(2D)8h_3Ho[6]                    13.0      59881.1561     0.0515   5.818E+04    58     0    555
3d9(2D)8k_1Lo[8]                    17.0      59881.1820     0.0515   5.818E+04    57     0    556
3d9(2D)8k_3Lo[9]                    19.0      59881.1821     0.0515   5.818E+04    67     0    557
3d9(2D)8k_3Ko[6]                    13.0      59881.1890     0.0515   5.818E+04    58     0    558
3d9(2D)8k_3Io[7]                    15.0      59881.1891     0.0515   5.818E+04    58     0    559
3d9(2D)8i_1Ie[6]                    13.0      59881.2180     0.0515   5.818E+04    64     0    560
3d9(2D)8i_3Ie[7]                    15.0      59881.2181     0.0515   5.818E+04    59     0    561
3d9(2D)8k_1Ko[7]                    15.0      59881.2410     0.0515   5.818E+04    57     0    562
3d9(2D)8k_3Ko[8]                    17.0      59881.2411     0.0515   5.818E+04    58     0    563
3d9(2D)8p_3Do[2]                     5.0      59922.6200     0.0503   5.962E+04    58     0    564
3d9(2D)8p_3Po[1]                     3.0      59938.3380     0.0498   6.018E+04    58     0    565
3d9(2D)8p_3Do[1]                     3.0      59985.0530     0.0484   6.192E+04    58     0    566
3d9(2D)11p_1Fo[3]                    7.0      60039.7060     0.0468   6.409E+04    57     0    567
3d9(2D)9f_3Po[1]                     3.0      60043.6100     0.0467   6.425E+04    69     0    568
3d9(2D)9f_3Po[0]                     1.0      60043.8040     0.0467   6.426E+04    69     0    569
3d9(2D)9f_1Ho[5]                    11.0      60044.2800     0.0466   6.428E+04    57     0    570
3d9(2D)9f_3Ho[6]                    13.0      60044.4700     0.0466   6.429E+04    69     0    571
3d9(2D)9f_1Do[2]                     5.0      60044.4720     0.0466   6.429E+04    57     0    572
3d9(2D)11p_3Fo[4]                    9.0      60044.7690     0.0466   6.430E+04    69     0    573
3d9(2D)9f_3Do[1]                     3.0      60044.9750     0.0466   6.431E+04    58     0    574
3d9(2D)9f_3Do[3]                     7.0      60045.4390     0.0466   6.433E+04    58     0    575
3d9(2D)9f_3Do[2]                     5.0      60045.8170     0.0466   6.434E+04    58     0    576
3d9(2D)9f_1Go[4]                     9.0      60046.0900     0.0466   6.435E+04    57     0    577
3d9(2D)9f_3Go[5]                    11.0      60046.1880     0.0466   6.436E+04    69     0    578
3d9(2D)9f_3Fo[4]                     9.0      60046.2550     0.0466   6.436E+04    69     0    579
3d9(2D)9f_1Fo[3]                     7.0      60046.4240     0.0466   6.437E+04    57     0    580
3d9(2D)11p_3Po[2]                    5.0      60049.5620     0.0465   6.450E+04    69     0    581
3d9(2D)6g_3De[3]                     7.0      60051.6150     0.0464   6.458E+04    59     0    582
3d9(2D)6g_1De[2]                     5.0      60051.6151     0.0464   6.458E+04    64     0    583
3d9(2D)6g_3Ie[5]                    11.0      60052.4750     0.0464   6.462E+04    59     0    584
3d9(2D)6g_3Ie[6]                    13.0      60052.4751     0.0464   6.462E+04    59     0    585
3d9(2D)6h_1Fo[3]                     7.0      60053.8190     0.0464   6.468E+04    57     0    586
3d9(2D)6h_3Fo[4]                     9.0      60053.8191     0.0464   6.468E+04    58     0    587
3d9(2D)6g_3Ge[3]                     7.0      60054.0870     0.0463   6.469E+04    59     0    588
3d9(2D)6g_3Fe[4]                     9.0      60054.0900     0.0463   6.469E+04    59     0    589
3d9(2D)6h_3Ko[6]                    13.0      60054.2060     0.0463   6.469E+04    58     0    590
3d9(2D)6h_3Ko[7]                    15.0      60054.2061     0.0463   6.469E+04    58     0    591
3d9(2D)6g_3He[4]                     9.0      60054.8960     0.0463   6.472E+04    59     0    592
3d9(2D)6g_3He[5]                    11.0      60054.9020     0.0463   6.472E+04    59     0    593
3d9(2D)6h_b3Go[5]                   11.0      60055.1920     0.0463   6.473E+04    58     0    594
3d9(2D)6h_b3Ho[4]                    9.0      60055.1921     0.0463   6.473E+04    58     0    595
3d9(2D)6h_3Io[5]                    11.0      60055.5770     0.0463   6.475E+04    58     0    596
3d9(2D)6h_3Io[6]                    13.0      60055.5771     0.0463   6.475E+04    58     0    597
3d9(2D)11p_3Do[3]                    7.0      60063.5690     0.0461   6.509E+04    69     0    598
3d9(2D)11s_3De[3]                    7.0      60063.5880     0.0461   6.509E+04    70     0    599
3d9(2D)11p_1Do[2]                    5.0      60066.4480     0.0460   6.521E+04    57     0    600
3d9(2D)11s_1De[2]                    5.0      60067.1140     0.0460   6.524E+04    64     0    601
3d9(2D)11p_1Po[1]                    3.0      60089.7250     0.0453   6.621E+04    71     0    602
3d9(2D)9g_3De[1]                     3.0      60239.2320     0.0408   7.349E+04    59     0    603
3d9(2D)9g_3De[2]                     5.0      60239.2330     0.0408   7.349E+04    59     0    604
3d9(2D)9g_1Ie[6]                    13.0      60239.6090     0.0408   7.351E+04    64     0    605
3d9(2D)9g_3Ie[7]                    15.0      60239.6091     0.0408   7.351E+04    59     0    606
3d9(2D)9g_3Fe[3]                     7.0      60239.6830     0.0408   7.351E+04    59     0    607
3d9(2D)9g_3Fe[2]                     5.0      60239.6831     0.0408   7.351E+04    59     0    608
3d9(2D)9g_3Ge[3]                     7.0      60240.1180     0.0408   7.354E+04    59     0    609
3d9(2D)9g_3Fe[4]                     9.0      60240.1190     0.0408   7.354E+04    59     0    610
3d9(2D)9g_1He[5]                    11.0      60240.2440     0.0408   7.354E+04    64     0    611
3d9(2D)9g_3He[6]                    13.0      60240.2441     0.0408   7.354E+04    59     0    612
3d9(2D)9h_3Fo[2]                     5.0      60240.3110     0.0408   7.355E+04    61     0    613
3d9(2D)9h_3Fo[3]                     7.0      60240.3111     0.0408   7.355E+04    61     0    614
3d9(2D)9g_1Ge[4]                     9.0      60240.3680     0.0408   7.355E+04    64     0    615
3d9(2D)9g_3Ge[5]                    11.0      60240.3690     0.0408   7.355E+04    59     0    616
3d9(2D)9h_1Ko[7]                    15.0      60240.4750     0.0408   7.356E+04    71     0    617
3d9(2D)9h_3Ko[8]                    17.0      60240.4751     0.0408   7.356E+04    61     0    618
3d9(2D)9h_3Go[3]                     7.0      60240.5810     0.0408   7.356E+04    61     0    619
3d9(2D)9h_3Go[4]                     9.0      60240.5811     0.0408   7.356E+04    61     0    620
3d9(2D)9k_3Ho[5]                    11.0      60240.7530     0.0407   7.357E+04    61     0    621
3d9(2D)9k_3Ho[4]                     9.0      60240.7531     0.0407   7.357E+04    61     0    622
3d9(2D)9i_3Ge[4]                     9.0      60240.7800     0.0407   7.357E+04    59     0    623
3d9(2D)9i_3Ge[3]                     7.0      60240.7801     0.0407   7.357E+04    59     0    624
3d9(2D)9k_1Mo[9]                    19.0      60240.8010     0.0407   7.357E+04    71     0    625
3d9(2D)9k_3Mo[10]                   21.0      60240.8011     0.0407   7.357E+04    61     0    626
3d9(2D)9h_3Go[5]                    11.0      60240.8220     0.0407   7.357E+04    61     0    627
3d9(2D)9h_3Ho[4]                     9.0      60240.8221     0.0407   7.357E+04    61     0    628
3d9(2D)9i_3Le[9]                    19.0      60240.8610     0.0407   7.358E+04    59     0    629
3d9(2D)9i_1Le[8]                    17.0      60240.8611     0.0407   7.358E+04    64     0    630
3d9(2D)9k_3Io[5]                    11.0      60240.8730     0.0407   7.358E+04    61     0    631
3d9(2D)9k_3Io[6]                    13.0      60240.8731     0.0407   7.358E+04    61     0    632
3d9(2D)9h_1Io[6]                    13.0      60240.8750     0.0407   7.358E+04    71     0    633
3d9(2D)9h_3Io[7]                    15.0      60240.8751     0.0407   7.358E+04    61     0    634
3d9(2D)9i_3He[4]                     9.0      60240.9480     0.0407   7.358E+04    59     0    635
3d9(2D)9i_3He[5]                    11.0      60240.9481     0.0407   7.358E+04    59     0    636
3d9(2D)9h_1Ho[5]                    11.0      60240.9530     0.0407   7.358E+04    71     0    637
3d9(2D)9h_3Ho[6]                    13.0      60240.9531     0.0407   7.358E+04    61     0    638
3d9(2D)9k_1Lo[8]                    17.0      60240.9600     0.0407   7.358E+04    71     0    639
3d9(2D)9k_3Lo[9]                    19.0      60240.9601     0.0407   7.358E+04    61     0    640
3d9(2D)9k_3Ko[6]                    13.0      60240.9650     0.0407   7.358E+04    61     0    641
3d9(2D)9k_3Io[7]                    15.0      60240.9651     0.0407   7.358E+04    61     0    642
3d9(2D)9k_1Ko[7]                    15.0      60241.0040     0.0407   7.358E+04    71     0    643
3d9(2D)9k_3Ko[8]                    17.0      60241.0041     0.0407   7.358E+04    61     0    644
3d9(2D)9i_3Ie[5]                    11.0      60241.0860     0.0407   7.359E+04    59     0    645
3d9(2D)9i_3He[6]                    13.0      60241.0861     0.0407   7.359E+04    59     0    646
3d9(2D)9i_1Ke[7]                    15.0      60241.0940     0.0407   7.359E+04    64     0    647
3d9(2D)9i_3Ke[8]                    17.0      60241.0941     0.0407   7.359E+04    59     0    648
3d9(2D)9i_1Ie[6]                    13.0      60241.1510     0.0407   7.359E+04    64     0    649
3d9(2D)9i_3Ie[7]                    15.0      60241.1511     0.0407   7.359E+04    59     0    650
3d9(2D)9s_3De[2]                     5.0      60289.5410     0.0393   7.631E+04    59     0    651
3d9(2D)9s_3De[1]                     3.0      60297.3890     0.0391   7.677E+04    59     0    652
3d9(2D)12p_1Fo[3]                    7.0      60299.4910     0.0390   7.689E+04    71     0    653
3d9(2D)12p_3Fo[4]                    9.0      60303.5080     0.0389   7.713E+04    61     0    654
3d9(2D)12p_3Po[2]                    5.0      60305.8390     0.0388   7.727E+04    61     0    655
3d9(2D)12p_3Do[3]                    7.0      60314.7390     0.0385   7.781E+04    61     0    656
3d9(2D)12p_1Do[2]                    5.0      60317.6510     0.0384   7.798E+04    71     0    657
3d9(2D)12p_1Po[1]                    3.0      60325.3250     0.0382   7.845E+04    71     0    658
3d8(3F)4s_6s_5Fe[4]                  9.0      60354.4190     0.0373   8.028E+04    68     0    659
3d9(2D)12s_3De[3]                    7.0      60370.0910     0.0369   8.131E+04    63     0    660
3d9(2D)12s_1De[2]                    5.0      60372.2480     0.0368   8.145E+04    64     0    661
3d9(2D)13p_1Fo[3]                    7.0      60491.7090     0.0332   9.023E+04    71     0    662
3d9(2D)13p_3Fo[4]                    9.0      60494.8210     0.0331   9.048E+04    61     0    663
3d9(2D)13p_3Po[2]                    5.0      60496.2680     0.0331   9.060E+04    61     0    664
3d9(2D)8d_3Pe[0]                     1.0      60498.1690     0.0330   9.076E+04    63     0    665
3d9(2D)9l_3Ie[5]                    11.0      60498.3340     0.0330   9.077E+04    63     0    666
3d9(2D)9l_3Ie[6]                    13.0      60498.3341     0.0330   9.077E+04    63     0    667
3d9(2D)9l_1Ne[10]                   21.0      60498.3530     0.0330   9.077E+04    64     0    668
3d9(2D)9l_3Ne[11]                   23.0      60498.3531     0.0330   9.077E+04    63     0    669
3d9(2D)9l_3Ke[6]                    13.0      60498.3900     0.0330   9.078E+04    63     0    670
3d9(2D)9l_3Ke[7]                    15.0      60498.3901     0.0330   9.078E+04    63     0    671
3d9(2D)9l_1Me[9]                    19.0      60498.4240     0.0330   9.078E+04    64     0    672
3d9(2D)9l_3Me[10]                   21.0      60498.4241     0.0330   9.078E+04    63     0    673
3d9(2D)9l_3Le[7]                    15.0      60498.4310     0.0330   9.078E+04    63     0    674
3d9(2D)9l_3Ke[8]                    17.0      60498.4311     0.0330   9.078E+04    63     0    675
3d9(2D)9l_3Le[9]                    19.0      60498.4460     0.0330   9.078E+04    63     0    676
3d9(2D)9l_1Le[8]                    17.0      60498.4461     0.0330   9.078E+04    64     0    677
3d9(2D)13p_3Do[3]                    7.0      60501.7120     0.0329   9.105E+04    61     0    678
3d9(2D)13p_1Do[2]                    5.0      60505.1610     0.0328   9.134E+04    71     0    679
3d9(2D)13p_1Po[1]                    3.0      60508.3770     0.0327   9.161E+04    71     0    680
3d9(2D)8d_3Pe[1]                     3.0      60621.5610     0.0293   1.022E+05    63     0    681
3d9(2D)8d_3Ge[3]                     7.0      60630.1100     0.0291   1.031E+05    63     0    682
3d9(2D)8d_3De[1]                     3.0      60632.9940     0.0290   1.034E+05    63     0    683
3d9(2D)8d_3Ge[4]                     9.0      60634.0980     0.0290   1.035E+05    63     0    684
3d9(2D)8d_3De[2]                     5.0      60637.9520     0.0288   1.039E+05    63     0    685
3d9(2D)8d_3Fe[3]                     7.0      60644.2380     0.0287   1.046E+05    63     0    686
3d9(2D)8d_3Fe[2]                     5.0      60647.5610     0.0286   1.050E+05    63     0    687
3d9(2D)9p_3Fo[3]                     7.0      60652.0660     0.0284   1.055E+05    61     0    688
3d9(2D)9p_3Fo[2]                     5.0      60658.7730     0.0282   1.062E+05    61     0    689
3d9(2D)7f_3Do[1]                     3.0      60659.9410     0.0282   1.064E+05    65     0    690
3d9(2D)7f_3Ho[5]                    11.0      60660.8620     0.0282   1.065E+05    65     0    691
3d9(2D)7f_3Ho[4]                     9.0      60661.0480     0.0281   1.065E+05    65     0    692
3d9(2D)7f_3Po[2]                     5.0      60661.2860     0.0281   1.065E+05    65     0    693
3d9(2D)7f_3Fo[2]                     5.0      60662.5340     0.0281   1.067E+05    65     0    694
3d9(2D)7f_b3Fo[3]                    7.0      60664.0220     0.0281   1.068E+05    65     0    695
3d9(2D)7f_b3Go[4]                    9.0      60664.1940     0.0281   1.069E+05    65     0    696
3d9(2D)7f_3Go[3]                     7.0      60665.3340     0.0280   1.070E+05    65     0    697
3d9(2D)9p_3Po[0]                     1.0      60667.5820     0.0280   1.072E+05    65     0    698
3d9(2D)9p_3Do[2]                     5.0      60673.1490     0.0278   1.079E+05    65     0    699
3d9(2D)9p_3Do[1]                     3.0      60695.8600     0.0271   1.106E+05    65     0    700
3d9(2D)9p_b3Do[1]                    3.0      60718.9720     0.0264   1.135E+05    65     0    701
3d8(3F)4s_5p_b3Do[3]                 7.0      60814.7380     0.0235   1.273E+05    65     0    702
3d8(3F)4s_5p_1Go[4]                  9.0      60834.2540     0.0230   1.306E+05    71     0    703
3d9(2D)7g_3De[3]                     7.0      60861.4780     0.0221   1.354E+05    63     0    704
3d9(2D)7g_1De[2]                     5.0      60861.4781     0.0221   1.354E+05    64     0    705
3d9(2D)7g_3Ie[6]                    13.0      60861.9870     0.0221   1.355E+05    63     0    706
3d9(2D)7g_3Ie[5]                    11.0      60861.9920     0.0221   1.355E+05    63     0    707
3d9(2D)7h_1Fo[3]                     7.0      60862.8620     0.0221   1.357E+05    71     0    708
3d9(2D)7h_3Fo[4]                     9.0      60862.8621     0.0221   1.357E+05    65     0    709
3d9(2D)7g_b3Ge[3]                    7.0      60863.0260     0.0221   1.357E+05    63     0    710
3d9(2D)7g_b3Fe[4]                    9.0      60863.0280     0.0221   1.357E+05    63     0    711
3d9(2D)7h_3Ko[6]                    13.0      60863.1040     0.0221   1.357E+05    65     0    712
3d9(2D)7h_3Ko[7]                    15.0      60863.1041     0.0221   1.357E+05    65     0    713
3d9(2D)7i_1Ge[4]                     9.0      60863.3000     0.0221   1.357E+05    64     0    714
3d9(2D)7i_3Ge[5]                    11.0      60863.3001     0.0221   1.357E+05    63     0    715
3d9(2D)7i_3Le[7]                    15.0      60863.4250     0.0221   1.358E+05    63     0    716
3d9(2D)7i_3Le[8]                    17.0      60863.4251     0.0221   1.358E+05    63     0    717
3d9(2D)7g_3He[4]                     9.0      60863.5060     0.0221   1.358E+05    63     0    718
3d9(2D)7g_3He[5]                    11.0      60863.5120     0.0221   1.358E+05    63     0    719
3d9(2D)7h_b3Go[5]                   11.0      60863.7210     0.0221   1.358E+05    65     0    720
3d9(2D)7h_b3Ho[4]                    9.0      60863.7211     0.0221   1.358E+05    65     0    721
3d9(2D)7i_b3Ie[5]                   11.0      60863.8280     0.0221   1.358E+05    63     0    722
3d9(2D)7i_b3He[6]                   13.0      60863.8281     0.0221   1.358E+05    63     0    723
3d9(2D)7i_3Ke[6]                    13.0      60863.9530     0.0221   1.359E+05    63     0    724
3d9(2D)7i_3Ke[7]                    15.0      60863.9531     0.0221   1.359E+05    63     0    725
3d9(2D)7h_3Io[5]                    11.0      60863.9610     0.0221   1.359E+05    65     0    726
3d9(2D)7h_3Io[6]                    13.0      60863.9611     0.0221   1.359E+05    65     0    727
3d8(3F)4s_5p_3Go[5]                 11.0      60878.1860     0.0216   1.385E+05    61     0    728
3d8(3F)4s_5p_3Fo[4]                  9.0      60960.7300     0.0192   1.564E+05    65     0    729
3d8(3F)4s_5p_1Fo[3]                  7.0      61007.5510     0.0178   1.688E+05    71     0    730
3d8(3F)4s_5p_1Do[2]                  5.0      61036.2360     0.0169   1.774E+05    71     0    731
3d8(3F)4s_6s_5Fe[3]                  7.0      61070.4320     0.0159   1.888E+05    68     0    732
3d9(2D)9d_3Pe[0]                     1.0      61093.1900     0.0152   1.973E+05    66     0    733
3d9(2D)10s_3De[2]                    5.0      61132.6170     0.0140   2.140E+05    66     0    734
3d9(2D)10s_3De[1]                    3.0      61133.5960     0.0140   2.144E+05    66     0    735
3d9(2D)9d_3Pe[1]                     3.0      61162.3750     0.0131   2.285E+05    66     0    736
3d9(2D)9d_3Ge[3]                     7.0      61167.7990     0.0130   2.314E+05    66     0    737
3d9(2D)9d_3De[1]                     3.0      61169.5890     0.0129   2.323E+05    66     0    738
3d9(2D)9d_3Ge[4]                     9.0      61170.2700     0.0129   2.327E+05    66     0    739
3d9(2D)9d_3De[2]                     5.0      61172.8010     0.0128   2.341E+05    66     0    740
3d9(2D)9d_3Fe[3]                     7.0      61176.8950     0.0127   2.363E+05    66     0    741
3d8(3F)4s_6s_3Fe[4]                  9.0      61177.4120     0.0127   2.366E+05    66     0    742
3d9(2D)9d_3Fe[2]                     5.0      61179.3150     0.0126   2.377E+05    66     0    743
3d9(2D)10p_3Fo[3]                    7.0      61186.7090     0.0124   2.420E+05    67     0    744
3d9(2D)10p_3Fo[2]                    5.0      61188.2050     0.0123   2.428E+05    67     0    745
3d9(2D)8f_b3Do[1]                    3.0      61189.0360     0.0123   2.433E+05    67     0    746
3d9(2D)8f_3Po[2]                     5.0      61189.5530     0.0123   2.436E+05    67     0    747
3d9(2D)8f_3Ho[5]                    11.0      61189.8960     0.0123   2.438E+05    67     0    748
3d9(2D)8f_3Ho[4]                     9.0      61190.1780     0.0123   2.440E+05    67     0    749
3d9(2D)10p_3Po[0]                    1.0      61191.2320     0.0123   2.446E+05    67     0    750
3d9(2D)8f_3Fo[2]                     5.0      61191.7220     0.0122   2.449E+05    67     0    751
3d9(2D)8f_3Fo[3]                     7.0      61191.7840     0.0122   2.450E+05    67     0    752
3d9(2D)8f_3Go[4]                     9.0      61192.4670     0.0122   2.454E+05    67     0    753
3d9(2D)8f_3Go[3]                     7.0      61192.6830     0.0122   2.455E+05    67     0    754
3d9(2D)10p_3Po[1]                    3.0      61204.5310     0.0119   2.529E+05    67     0    755
3d9(2D)10p_3Do[1]                    3.0      61212.5950     0.0116   2.581E+05    67     0    756
3d9(2D)10p_3Do[2]                    5.0      61251.5550     0.0104   2.870E+05    67     0    757
3d8(3P)4s_4p_3So[1]                  3.0      61359.9390     0.0072   4.166E+05    67     0    758
3d9(2D)8g_3Ie[6]                    13.0      61386.8030     0.0064   4.690E+05    66     0    759
3d9(2D)8g_3De[3]                     7.0      61386.8580     0.0064   4.692E+05    66     0    760
3d9(2D)8g_1De[2]                     5.0      61386.8610     0.0064   4.692E+05    72     0    761
3d9(2D)8g_3Ie[5]                    11.0      61387.0600     0.0064   4.696E+05    66     0    762
3d9(2D)8g_b3Ge[3]                    7.0      61387.8780     0.0064   4.714E+05    66     0    763
3d9(2D)8g_b3Fe[4]                    9.0      61387.8790     0.0064   4.714E+05    66     0    764
3d9(2D)8h_1Fo[3]                     7.0      61387.9540     0.0064   4.716E+05    71     0    765
3d9(2D)8h_3Fo[4]                     9.0      61387.9541     0.0064   4.716E+05    67     0    766
3d9(2D)8h_3Ko[6]                    13.0      61388.1150     0.0064   4.720E+05    67     0    767
3d9(2D)8h_3Ko[7]                    15.0      61388.1151     0.0064   4.720E+05    67     0    768
3d9(2D)8g_3He[5]                    11.0      61388.1620     0.0064   4.721E+05    66     0    769
3d9(2D)8g_3He[4]                     9.0      61388.1660     0.0064   4.721E+05    66     0    770
3d9(2D)8i_1Ge[4]                     9.0      61388.3160     0.0063   4.724E+05    72     0    771
3d9(2D)8i_3Ge[5]                    11.0      61388.3161     0.0063   4.724E+05    66     0    772
3d9(2D)8i_3Le[7]                    15.0      61388.3980     0.0063   4.726E+05    66     0    773
3d9(2D)8i_3Le[8]                    17.0      61388.3981     0.0063   4.726E+05    66     0    774
3d9(2D)8k_1Ho[5]                    11.0      61388.4970     0.0063   4.728E+05    71     0    775
3d9(2D)8k_3Ho[6]                    13.0      61388.4971     0.0063   4.728E+05    67     0    776
3d9(2D)8h_b3Go[5]                   11.0      61388.5260     0.0063   4.729E+05    67     0    777
3d9(2D)8h_b3Ho[4]                    9.0      61388.5261     0.0063   4.729E+05    67     0    778
3d9(2D)8k_3Mo[8]                    17.0      61388.5430     0.0063   4.729E+05    67     0    779
3d9(2D)8k_3Mo[9]                    19.0      61388.5431     0.0063   4.729E+05    67     0    780
3d9(2D)8i_b3Ie[5]                   11.0      61388.6620     0.0063   4.732E+05    66     0    781
3d9(2D)8i_b3He[6]                   13.0      61388.6621     0.0063   4.732E+05    66     0    782
3d9(2D)8h_3Io[5]                    11.0      61388.6860     0.0063   4.732E+05    67     0    783
3d9(2D)8h_3Io[6]                    13.0      61388.6861     0.0063   4.732E+05    67     0    784
3d9(2D)8k_b3Ko[6]                   13.0      61388.7230     0.0063   4.733E+05    67     0    785
3d9(2D)8k_b3Io[7]                   15.0      61388.7231     0.0063   4.733E+05    67     0    786
3d9(2D)8i_3Ke[6]                    13.0      61388.7440     0.0063   4.734E+05    66     0    787
3d9(2D)8i_3Ke[7]                    15.0      61388.7441     0.0063   4.734E+05    66     0    788
3d9(2D)8k_3Lo[7]                    15.0      61388.7690     0.0063   4.734E+05    67     0    789
3d9(2D)8k_3Lo[8]                    17.0      61388.7691     0.0063   4.734E+05    67     0    790
3d8(3F)4s_4d_3De[3]                  7.0      61433.2860     0.0050   5.998E+05    66     0    791
3d8(3F)4s_4d_3Pe[2]                  5.0      61437.9720     0.0049   6.172E+05    66     0    792
3d8(3F)4s_4d_3He[6]                 13.0      61445.7000     0.0046   6.481E+05    70     0    793
3d8(3F)4s_4d_3He[5]                 11.0      61530.0030     0.0021   1.429E+06    70     0    794
3d9(2D)11p_3Fo[3]                    7.0      61548.2210     0.0016   1.931E+06    69     0    795
3d9(2D)11p_3Fo[2]                    5.0      61550.1970     0.0015   2.008E+06    69     0    796
3d9(2D)9f_b3Do[1]                    3.0      61551.2470     0.0015   2.051E+06    69     0    797
3d9(2D)9f_3Po[2]                     5.0      61551.4750     0.0015   2.061E+06    69     0    798
3d9(2D)9f_3Ho[5]                    11.0      61551.7290     0.0014   2.072E+06    69     0    799
3d9(2D)9f_3Ho[4]                     9.0      61551.9570     0.0014   2.081E+06    69     0    800
3d9(2D)11p_3Po[0]                    1.0      61552.1160     0.0014   2.088E+06    69     0    801
3d9(2D)9f_3Fo[2]                     5.0      61552.9840     0.0014   2.127E+06    69     0    802
3d9(2D)9f_b3Do[3]                    7.0      61553.0470     0.0014   2.130E+06    69     0    803
3d9(2D)9f_3Go[4]                     9.0      61553.4770     0.0014   2.149E+06    69     0    804
3d9(2D)9f_3Go[3]                     7.0      61553.7040     0.0014   2.160E+06    69     0    805
3d8(3F)4s_4d_1Pe[1]                  3.0      61554.7090     0.0014   2.208E+06    72     0    806
3d9(2D)11p_3Do[1]                    3.0      61560.1910     0.0012   2.512E+06    69     0    807
3d9(2D)11s_3De[2]                    5.0      61569.4940     0.0009   3.278E+06    70     0    808
3d9(2D)11s_3De[1]                    3.0      61573.2450     0.0008   3.738E+06    70     0    809
3d9(2D)11p_b3Do[1]                   3.0      61576.6460     0.0007   4.282E+06    69     0    810
3d9(2D)11p_3Do[2]                    5.0      61577.4540     0.0007   4.435E+06    69     0    811
