********************************************************************************
                                                                                
                 Super level assignments for CrVII
	         E%LS=5                
                                                                                
                                g          E(cm^-1)     10^15 Hz      eV        
********************************************************************************
                                                                                
17-Jun-2014                                      !Format date                   
21-Nov-2019                            !Date
712                                    !Number of energy levels
6                                      !Entry number of link to super level
  
3s2_3p6_1Se[0]                  1.0         -0.0000    38.7581   7.735E+01     1     0      1
3s2_3p5(2P)3d_3Po[0]            1.0     341179.3000    28.5298   1.051E+02     2     0      2
3s2_3p5(2P)3d_3Po[1]            3.0     342773.5000    28.4820   1.053E+02     2     0      3
3s2_3p5(2P)3d_3Po[2]            5.0     346137.1000    28.3811   1.056E+02     2     0      4
3s2_3p5(2P)3d_3Fo[4]            9.0     357543.7000    28.0392   1.069E+02     3     0      5
3s2_3p5(2P)3d_3Fo[3]            7.0     360171.9000    27.9604   1.072E+02     3     0      6
3s2_3p5(2P)3d_3Fo[2]            5.0     363060.9000    27.8738   1.076E+02     3     0      7
3s2_3p5(2P)3d_1Do[2]            5.0     382682.3000    27.2855   1.099E+02     4     0      8
3s2_3p5(2P)3d_3Do[3]            7.0     382737.4000    27.2839   1.099E+02     5     0      9
3s2_3p5(2P)3d_3Do[1]            3.0     385828.3000    27.1912   1.103E+02     5     0     10
3s2_3p5(2P)3d_3Do[2]            5.0     386616.6000    27.1676   1.103E+02     5     0     11
3s2_3p5(2P)3d_1Fo[3]            7.0     389226.2000    27.0894   1.107E+02     4     0     12
3s2_3p5(2P)3d_1Po[1]            3.0     493035.4000    23.9772   1.250E+02     6     0     13
3s_3p6_3d_3De[1]                3.0     608679.6000    20.5103   1.462E+02     7     0     14
3s_3p6_3d_3De[2]                5.0     609142.7000    20.4964   1.463E+02     7     0     15
3s_3p6_3d_3De[3]                7.0     609887.8000    20.4741   1.464E+02     7     0     16
3s_3p6_3d_1De[2]                5.0     627826.7000    19.9363   1.504E+02     8     0     17
3s2_3p4(3P)3d2_5Se[2]           5.0     667653.3361    18.7423   1.600E+02     9     0     18
3s2_3p4(3P)3d2_5De[0]           1.0     669451.5808    18.6884   1.604E+02     9     0     19
3s2_3p4(3P)3d2_5De[1]           3.0     669556.0249    18.6853   1.604E+02     9     0     20
3s2_3p4(3P)3d2_5De[2]           5.0     669729.2907    18.6801   1.605E+02     9     0     21
3s2_3p4(3P)3d2_5De[3]           7.0     669925.1729    18.6742   1.605E+02     9     0     22
3s2_3p4(3P)3d2_5De[4]           9.0     670274.3461    18.6637   1.606E+02     9     0     23
3s2_3p5(2P)4s_3Po[1]            3.0     672427.7000    18.5992   1.612E+02    10     0     24
3s2_3p4(3P)3d2_5Fe[5]          11.0     673684.1549    18.5615   1.615E+02     9     0     25
3s2_3p4(3P)3d2_5Fe[4]           9.0     674338.8736    18.5419   1.617E+02     9     0     26
3s2_3p4(3P)3d2_5Fe[3]           7.0     674853.8178    18.5265   1.618E+02     9     0     27
3s2_3p4(3P)3d2_5Fe[2]           5.0     675130.9279    18.5182   1.619E+02     9     0     28
3s2_3p4(3P)3d2_5Fe[1]           3.0     675311.3068    18.5127   1.619E+02     9     0     29
3s2_3p4(1D)3d2_1Fce[3]          7.0     677181.5959    18.4567   1.624E+02    11     0     30
3s2_3p4(3P)3d2_3Gbe[4]          9.0     677388.1404    18.4505   1.625E+02    12     0     31
3s2_3p4(3P)3d2_3Gce[5]         11.0     677886.4826    18.4355   1.626E+02    12     0     32
3s2_3p5(2P)4s_3Po[0]            1.0     678534.7000    18.4161   1.628E+02    10     0     33
3s2_3p4(3P)3d2_5Ge[6]          13.0     679033.0078    18.4012   1.629E+02     9     0     34
3s2_3p4(3P)3d2_5Ge[5]          11.0     681510.8496    18.3269   1.636E+02     9     0     35
3s2_3p5(2P)4s_1Po[1]            3.0     682610.2000    18.2939   1.639E+02    13     0     36
3s2_3p4(1D)3d2_1Fde[3]          7.0     682894.8758    18.2854   1.640E+02    11     0     37
3s2_3p4(3P)3d2_5Ge[4]           9.0     682915.7719    18.2848   1.640E+02     9     0     38
3s2_3p4(3P)3d2_5Ge[3]           7.0     683803.8549    18.2581   1.642E+02     9     0     39
3s2_3p4(3P)3d2_5Ge[2]           5.0     684289.3055    18.2436   1.643E+02     9     0     40
3s2_3p4(3P)3d2_3Fee[2]          5.0     684468.6632    18.2382   1.644E+02    14     0     41
3s2_3p4(3P)3d2_3Pe[0]           1.0     685544.7651    18.2060   1.647E+02    12     0     42
3s2_3p4(3P)3d2_3Pe[1]           3.0     686390.2013    18.1806   1.649E+02    12     0     43
3s2_3p4(3P)3d2_3Fce[4]          9.0     686496.9326    18.1774   1.649E+02    15     0     44
3s2_3p4(3P)3d2_3Pe[2]           5.0     686667.3665    18.1723   1.650E+02    12     0     45
3s2_3p4(1S)3d2_3Pe[0]           1.0     686718.2111    18.1708   1.650E+02    12     0     46
3s2_3p4(1S)3d2_3Pe[1]           3.0     687736.2769    18.1403   1.653E+02    12     0     47
3s2_3p4(3P)3d2_3Fde[3]          7.0     687839.5883    18.1372   1.653E+02    14     0     48
3s2_3p4(1S)3d2_3Pe[2]           5.0     689091.0262    18.0996   1.656E+02    12     0     49
3s2_3p4(3P)3d2_3Fe[2]           5.0     689505.6096    18.0872   1.657E+02    12     0     50
3s2_3p4(3P)3d2_3Fe[3]           7.0     691957.2202    18.0137   1.664E+02    12     0     51
3s2_3p4(1D)3d2_1De[2]           5.0     691967.6881    18.0134   1.664E+02    11     0     52
3s2_3p4(3P)3d2_3Ge[4]           9.0     692548.3473    17.9960   1.666E+02    12     0     53
3s2_3p4(3P)3d2_3Ge[5]          11.0     692578.8027    17.9951   1.666E+02    12     0     54
3s2_3p4(3P)3d2_3Fe[4]           9.0     693728.1612    17.9606   1.669E+02    12     0     55
3s2_3p4(1D)3d2_3De[3]           7.0     694276.7982    17.9442   1.671E+02    12     0     56
3s2_3p4(1S)3d2_1Ge[4]           9.0     695162.4936    17.9176   1.673E+02    11     0     57
3s2_3p4(3P)3d2_3Ge[3]           7.0     695547.8776    17.9061   1.674E+02    12     0     58
3s2_3p4(1D)3d2_3De[2]           5.0     695583.9754    17.9050   1.674E+02    12     0     59
3s2_3p4(1D)3d2_3De[1]           3.0     696184.5067    17.8870   1.676E+02    12     0     60
3s2_3p4(3P)3d2_3Se[1]           3.0     696890.6994    17.8658   1.678E+02    12     0     61
3s2_3p4(3P)3d2_3Fbe[3]          7.0     698285.0653    17.8240   1.682E+02    12     0     62
3s2_3p4(3P)3d2_3Fbe[4]          9.0     698559.8405    17.8158   1.683E+02    12     0     63
3s2_3p4(3P)3d2_1De[2]           5.0     699969.8067    17.7735   1.687E+02    11     0     64
3s2_3p4(1D)3d2_3Pe[0]           1.0     700727.2267    17.7508   1.689E+02    14     0     65
3s2_3p4(3P)3d2_5Pe[3]           7.0     701033.3866    17.7416   1.690E+02    16     0     66
3s2_3p4(3P)3d2_5Dbe[2]          5.0     701820.1637    17.7180   1.692E+02    16     0     67
3s2_3p4(3P)3d2_1Gbe[4]          9.0     702099.8795    17.7096   1.693E+02    11     0     68
3s2_3p4(1D)3d2_3Pbe[1]          3.0     702158.6491    17.7079   1.693E+02    12     0     69
3s2_3p4(3P)3d2_5Dbe[4]          9.0     702442.4264    17.6994   1.694E+02    16     0     70
3s2_3p4(1D)3d2_3Pbe[2]          5.0     702576.8154    17.6953   1.694E+02    12     0     71
3s2_3p4(3P)3d2_5Dbe[1]          3.0     702925.0319    17.6849   1.695E+02    16     0     72
3s2_3p4(3P)3d2_5Dbe[3]          7.0     703206.4816    17.6765   1.696E+02    16     0     73
3s2_3p4(3P)3d2_5Dbe[0]          1.0     703230.6125    17.6757   1.696E+02    16     0     74
3s2_3p4(1D)3d2_3He[4]           9.0     703301.7726    17.6736   1.696E+02    12     0     75
3s2_3p4(3P)3d2_3Fbe[2]          5.0     703483.7072    17.6682   1.697E+02    12     0     76
3s2_3p4(1D)3d2_3He[5]          11.0     704261.0469    17.6449   1.699E+02    12     0     77
3s2_3p4(1D)3d2_3He[6]          13.0     704276.7008    17.6444   1.699E+02    12     0     78
3s2_3p4(3P)3d2_3Fce[2]          5.0     704589.4701    17.6350   1.700E+02    15     0     79
3s2_3p4(3P)3d2_3De[1]           3.0     704914.4632    17.6253   1.701E+02    12     0     80
3s2_3p4(3P)3d2_5Pbe[3]          7.0     706041.2752    17.5915   1.704E+02    16     0     81
3s2_3p4(3P)3d2_5Pe[1]           3.0     706533.9649    17.5767   1.706E+02    16     0     82
3s2_3p4(3P)3d2_5Pe[2]           5.0     706636.8158    17.5736   1.706E+02    16     0     83
3s2_3p4(1D)3d2_1Se[0]           1.0     707484.3242    17.5482   1.708E+02    11     0     84
3s2_3p4(1D)3d2_1Dbe[2]          5.0     707557.5173    17.5460   1.709E+02    11     0     85
3s2_3p4(3P)3d2_3De[2]           5.0     708241.4036    17.5255   1.711E+02    12     0     86
3s2_3p4(1D)3d2_1Fe[3]           7.0     708565.8302    17.5158   1.712E+02    11     0     87
3s2_3p4(3P)3d2_3Dbe[1]          3.0     708984.1606    17.5033   1.713E+02    17     0     88
3s2_3p4(3P)3d2_3De[3]           7.0     710203.7124    17.4667   1.716E+02    12     0     89
3s2_3p4(1D)3d2_1Ie[6]          13.0     710324.6471    17.4631   1.717E+02    11     0     90
3s2_3p4(3P)3d2_1Ge[4]           9.0     710400.8318    17.4608   1.717E+02    11     0     91
3s2_3p4(1D)3d2_1Fbe[3]          7.0     711526.3233    17.4270   1.720E+02    18     0     92
3s2_3p4(1D)3d2_3Ge[4]           9.0     712165.1587    17.4079   1.722E+02    12     0     93
3s2_3p4(3P)3d2_3Fde[4]          9.0     713335.1486    17.3728   1.726E+02    14     0     94
3s2_3p4(1D)3d2_3Pe[2]           5.0     713578.1446    17.3655   1.726E+02    14     0     95
3s2_3p4(3P)3d2_3Gbe[5]         11.0     713850.1012    17.3574   1.727E+02    12     0     96
3s2_3p4(3P)3d2_3Pbe[0]          1.0     714106.7340    17.3497   1.728E+02    17     0     97
3s2_3p4(1D)3d2_3Pe[1]           3.0     714227.6881    17.3461   1.728E+02    14     0     98
3s2_3p4(1S)3d2_1Se[0]           1.0     715694.5737    17.3021   1.733E+02    18     0     99
3s2_3p4(3P)3d2_3Fee[3]          7.0     716097.2412    17.2900   1.734E+02    14     0    100
3s2_3p4(3P)3d2_1Dbe[2]          5.0     716097.2930    17.2900   1.734E+02    18     0    101
3s2_3p4(3P)3d2_3He[5]          11.0     716498.7942    17.2780   1.735E+02    14     0    102
3s2_3p4(1D)3d2_1Ibe[6]         13.0     718055.1190    17.2313   1.740E+02    18     0    103
3s2_3p4(3P)3d2_1Pe[1]           3.0     718248.2462    17.2255   1.740E+02    18     0    104
3s2_3p4(3P)3d2_3He[4]           9.0     718971.9797    17.2038   1.743E+02    14     0    105
3s2_3p4(3P)3d2_3Fde[2]          5.0     719201.8799    17.1969   1.743E+02    14     0    106
3s2_3p4(3P)3d2_3Pde[2]          5.0     719574.8356    17.1858   1.744E+02    17     0    107
3s2_3p4(3P)3d2_3Ffe[2]          5.0     720467.2044    17.1590   1.747E+02    15     0    108
3s2_3p4(3P)3d2_3Fce[3]          7.0     720657.2553    17.1533   1.748E+02    15     0    109
3s2_3p4(1D)3d2_1Ge[4]           9.0     722146.3755    17.1087   1.752E+02    18     0    110
3s2_3p4(3P)3d2_3Pce[1]          3.0     722672.6205    17.0929   1.754E+02    17     0    111
3s2_3p4(1D)3d2_3Dbe[3]          7.0     722813.5139    17.0887   1.754E+02    17     0    112
3s2_3p4(1D)3d2_1Gbe[4]          9.0     722920.6831    17.0855   1.755E+02    18     0    113
3s2_3p4(3P)3d2_3Pde[0]          1.0     723010.1818    17.0828   1.755E+02    17     0    114
3s2_3p4(1D)3d2_1Pe[1]           3.0     723444.0903    17.0698   1.756E+02    18     0    115
3s2_3p4(1D)3d2_3Dbe[1]          3.0     726827.4418    16.9683   1.767E+02    17     0    116
3s2_3p4(1D)3d2_3Dbe[2]          5.0     727036.3176    16.9621   1.767E+02    17     0    117
3s2_3p4(3P)3d2_3Dce[1]          3.0     731349.1854    16.8328   1.781E+02    17     0    118
3s2_3p4(3P)3d2_3Dbe[2]          5.0     731774.1375    16.8200   1.782E+02    17     0    119
3s2_3p4(3P)3d2_3Pbe[2]          5.0     734230.7373    16.7464   1.790E+02    17     0    120
3s2_3p5(2P)4p_3Se[1]            3.0     734605.3000    16.7352   1.791E+02    17     0    121
3s2_3p4(3P)3d2_3Pce[2]          5.0     735461.4076    16.7095   1.794E+02    17     0    122
3s2_3p4(3P)3d2_3Dbe[3]          7.0     736460.8385    16.6795   1.797E+02    17     0    123
3s2_3p4(1D)3d2_1He[5]          11.0     737125.7655    16.6596   1.800E+02    18     0    124
3s2_3p4(1D)3d2_3Fe[2]           5.0     738887.5594    16.6068   1.805E+02    17     0    125
3s2_3p4(3P)3d2_3Pbe[1]          3.0     740234.7855    16.5664   1.810E+02    17     0    126
3s2_3p4(1D)3d2_3Fe[3]           7.0     740392.0843    16.5617   1.810E+02    17     0    127
3s2_3p4(3P)3d2_1Fe[3]           7.0     741415.6830    16.5310   1.814E+02    18     0    128
3s2_3p4(3P)3d2_3Pce[0]          1.0     741751.6344    16.5209   1.815E+02    17     0    129
3s2_3p4(1S)3d2_3Fe[4]           9.0     742128.5212    16.5096   1.816E+02    17     0    130
3s2_3p5(2P)4s_3Po[2]            5.0     742560.6421    16.4967   1.817E+02    10     0    131
3s2_3p5(2P)4p_3De[2]            5.0     745328.9000    16.4137   1.826E+02    19     0    132
3s2_3p5(2P)4p_3De[3]            7.0     745631.1000    16.4046   1.827E+02    19     0    133
3s2_3p5(2P)4p_3De[1]            3.0     748629.3000    16.3147   1.838E+02    19     0    134
3s2_3p5(2P)4p_3Pe[2]            5.0     751649.3000    16.2242   1.848E+02    19     0    135
3s2_3p5(2P)4p_1Pe[1]            3.0     754378.9000    16.1424   1.857E+02    20     0    136
3s2_3p5(2P)4p_3Pe[0]            1.0     757035.8000    16.0627   1.866E+02    19     0    137
3s2_3p5(2P)4p_1De[2]            5.0     758374.4000    16.0226   1.871E+02    20     0    138
3s2_3p5(2P)4p_3Pe[1]            3.0     758572.1000    16.0166   1.872E+02    19     0    139
3s2_3p5(2P)4p_1Se[0]            1.0     774221.7452    15.5475   1.928E+02    20     0    140
3s2_3p4(3P)3d2_1Dce[2]          5.0     785325.5918    15.2146   1.970E+02    20     0    141
3s2_3p4(3P)3d2_1Se[0]           1.0     829642.4458    13.8860   2.159E+02    21     0    142
3s2_3p5(2P)4d_3Po[1]            3.0     843588.8567    13.4679   2.226E+02    22     0    143
3s2_3p5(2P)4d_3Po[0]            1.0     844107.9976    13.4523   2.229E+02    22     0    144
3s2_3p5(2P)4d_3Po[2]            5.0     847259.5004    13.3579   2.244E+02    22     0    145
3s2_3p5(2P)4d_3Fo[4]            9.0     848112.8561    13.3323   2.249E+02    22     0    146
3s2_3p5(2P)4d_3Fo[3]            7.0     848569.2272    13.3186   2.251E+02    22     0    147
3s2_3p5(2P)4d_3Fo[2]            5.0     851380.8342    13.2343   2.265E+02    22     0    148
3s2_3p5(2P)4d_3Do[3]            7.0     852187.4519    13.2101   2.269E+02    22     0    149
3s2_3p5(2P)4d_1Po[1]            3.0     853369.2094    13.1747   2.276E+02    23     0    150
3s2_3p5(2P)4d_3Fbo[2]           5.0     860064.6266    12.9740   2.311E+02    22     0    151
3s2_3p5(2P)4d_3Dbo[3]           7.0     860913.6654    12.9485   2.315E+02    22     0    152
3s2_3p5(2P)4d_3Do[2]            5.0     861170.2729    12.9408   2.317E+02    22     0    153
3s2_3p5(2P)4d_3Do[1]            3.0     862074.8861    12.9137   2.322E+02    22     0    154
3s_3p6(2S)4s_3Se[1]             3.0     871003.4375    12.6460   2.371E+02    24     0    155
3s_3p6(2S)4s_1Se[0]             1.0     880645.5675    12.3570   2.426E+02    25     0    156
3s2_3p5(2P)4f_3De[1]            3.0     910865.6297    11.4510   2.618E+02    24     0    157
3s2_3p5(2P)4f_3De[2]            5.0     912123.3844    11.4133   2.627E+02    24     0    158
2s2_3p5(2P)4f_3Ge[5]           11.0     913276.3262    11.3787   2.635E+02    24     0    159
3s2_3p5(2P)4f_3De[3]            7.0     914036.2196    11.3560   2.640E+02    24     0    160
2s2_3p5(2P)4f_3Ge[4]            9.0     914403.0647    11.3450   2.643E+02    24     0    161
3s2_3p5(2P)4f_3Ge[3]            7.0     916918.5741    11.2695   2.660E+02    26     0    162
3s2_3p5(2P)4f_1Ge[4]            9.0     917960.1522    11.2383   2.668E+02    25     0    163
3s2_3p5(2P)4f_3Fe[2]            5.0     921034.6208    11.1461   2.690E+02    26     0    164
3s2_3p5(2P)4f_1Fe[3]            7.0     925762.1616    11.0044   2.724E+02    27     0    165
3s2_3p5(2P)4f_3Fe[3]            7.0     926456.5470    10.9836   2.729E+02    26     0    166
3s2_3p5(2P)4f_3Fe[4]            9.0     926508.9534    10.9820   2.730E+02    26     0    167
3s2_3p5(2P)4f_1De[2]            5.0     930174.8025    10.8721   2.757E+02    27     0    168
3s2_3p4(3P)3d_4s_5De[3]         7.0     937788.3427    10.6439   2.817E+02    28     0    169
3s2_3p4(3P)3d_4s_5De[4]         9.0     937844.2518    10.6422   2.817E+02    28     0    170
3s2_3p4(3P)3d_4s_5De[2]         5.0     938363.3809    10.6266   2.821E+02    28     0    171
3s2_3p4(3P)3d_4s_5De[1]         3.0     939182.2139    10.6021   2.828E+02    28     0    172
3s2_3p4(3P)3d_4s_5De[0]         1.0     939808.2338    10.5833   2.833E+02    28     0    173
3s2_3p5(2P)5s_3Po[2]            5.0     946414.4061    10.3853   2.887E+02    29     0    174
3s2_3p4(3P)3d_4s_3De[3]         7.0     946677.7537    10.3774   2.889E+02    26     0    175
3s2_3p4(3P)3d_4s_3De[2]         5.0     946902.2734    10.3707   2.891E+02    26     0    176
3s2_3p4(3P)3d_4s_3De[1]         3.0     948127.8407    10.3339   2.901E+02    26     0    177
3s2_3p5(2P)5s_3Po[1]            3.0     948349.3391    10.3273   2.903E+02    29     0    178
3s_3p6(2S)4p_3Po[0]             1.0     950582.2493    10.2603   2.922E+02    29     0    179
3s_3p6(2S)4p_3Po[1]             3.0     951674.4802    10.2276   2.931E+02    29     0    180
3s2_3p4(3P)3d_4s_5Fe[5]        11.0     953085.0337    10.1853   2.943E+02    28     0    181
3s_3p6(2S)4p_3Po[2]             5.0     954517.4597    10.1424   2.956E+02    29     0    182
3s2_3p4(3P)3d_4s_5Fe[4]         9.0     955827.8115    10.1031   2.967E+02    28     0    183
3s2_3p5(2P)5s_1Po[1]            3.0     957844.0322    10.0426   2.985E+02    30     0    184
3s2_3p5(2P)5s_3Po[0]            1.0     957992.0474    10.0382   2.987E+02    29     0    185
3s2_3p4(3P)3d_4s_5Fe[3]         7.0     958074.1320    10.0357   2.987E+02    28     0    186
3s2_3p4(3P)3d_4s_5Fe[2]         5.0     959469.0636     9.9939   3.000E+02    28     0    187
3s2_3p4(1D)3d_4s_3Pe[0]         1.0     959499.7333     9.9930   3.000E+02    26     0    188
3s2_3p4(3P)3d_4s_5Fe[1]         3.0     959950.6139     9.9795   3.004E+02    28     0    189
3s2_3p4(3P)3d_4s_5Fbe[1]        3.0     960162.0485     9.9731   3.006E+02    28     0    190
3s2_3p4(3P)3d_4s_3Fe[4]         9.0     961978.3964     9.9187   3.023E+02    31     0    191
3s2_3p4(3P)3d_4s_5Pe[2]         5.0     963328.0555     9.8782   3.035E+02    28     0    192
3s2_3p4(3P)3d_4s_5Pe[1]         3.0     963706.7444     9.8669   3.038E+02    28     0    193
3s2_3p4(3P)3d_4s_3Fe[3]         7.0     965907.8045     9.8009   3.059E+02    31     0    194
3s2_3p4(1D)3d_4s_3De[1]         3.0     966065.3162     9.7962   3.060E+02    31     0    195
3s2_3p4(1D)3d_4s_3De[2]         5.0     966253.0838     9.7905   3.062E+02    31     0    196
3s2_3p4(1D)3d_4s_1Pe[1]         3.0     967774.8815     9.7449   3.076E+02    27     0    197
3s2_3p4(3P)3d_4s_3Fe[2]         5.0     967947.9700     9.7397   3.078E+02    31     0    198
3s2_3p4(3P)3d_4s_5Pe[3]         7.0     968155.7893     9.7335   3.080E+02    28     0    199
3s2_3p4(3P)3d_4s_3Fbe[2]        5.0     969024.6817     9.7074   3.088E+02    31     0    200
3s2_3p4(3P)3d_4s_3Fbe[4]        9.0     969555.3274     9.6915   3.093E+02    31     0    201
3s2_3p4(1D)3d_4s_3Ge[3]         7.0     970493.0097     9.6634   3.102E+02    31     0    202
3s2_3p4(3P)3d_4s_3Pe[0]         1.0     971526.3447     9.6324   3.112E+02    31     0    203
3s2_3p4(1D)3d_4s_3De[3]         7.0     971836.2225     9.6232   3.115E+02    31     0    204
3s2_3p5(2P)5p_3Se[1]            3.0     971852.4625     9.6227   3.115E+02    31     0    205
3s2_3p4(1D)3d_4s_1De[2]         5.0     973348.6447     9.5778   3.130E+02    32     0    206
3s2_3p5(2P)5p_3De[2]            5.0     974356.6517     9.5476   3.140E+02    31     0    207
3s2_3p4(3P)3d_4s_3Pe[1]         3.0     974490.7305     9.5436   3.141E+02    31     0    208
3s2_3p5(2P)5p_3De[3]            7.0     974806.4438     9.5341   3.144E+02    31     0    209
3s2_3p4(1D)3d_4s_3Ge[5]        11.0     975146.1520     9.5239   3.148E+02    31     0    210
3s2_3p4(1D)3d_4s_3Ge[4]         9.0     975722.8522     9.5066   3.154E+02    31     0    211
3s2_3p5(2P)5p_1Pe[1]            3.0     976185.8180     9.4928   3.158E+02    32     0    212
3s2_3p5(2P)5p_3Pe[2]            5.0     976249.6545     9.4908   3.159E+02    31     0    213
3s2_3p4(1D)3d_4s_3Gbe[3]        7.0     976286.3162     9.4897   3.159E+02    31     0    214
3s2_3p4(3P)3d_4s_3Fce[2]        5.0     977395.3981     9.4565   3.170E+02    31     0    215
3s2_3p4(1D)3d_4s_1Ge[4]         9.0     978173.2725     9.4332   3.178E+02    32     0    216
3s2_3p4(3P)3d_4s_3Pe[2]         5.0     978221.0042     9.4317   3.179E+02    31     0    217
3s2_3p5(2P)5p_3Pe[0]            1.0     980756.5052     9.3557   3.204E+02    31     0    218
3s2_3p4(3P)3d4s_1Fe[3]          7.0     980856.8366     9.3527   3.205E+02    32     0    219
3s2_3p5(2P)5p_3De[1]            3.0     984165.1488     9.2535   3.240E+02    31     0    220
3s2_3p5(2P)5p_3Pe[1]            3.0     985656.7855     9.2088   3.255E+02    31     0    221
3s2_3p5(2P)5p_3Dbe[2]           5.0     985751.7118     9.2060   3.256E+02    31     0    222
3s2_3p5(2P)5p_1Se[0]            1.0     990549.9696     9.0621   3.308E+02    32     0    223
3s2_3p4(1D)3d_4s_3Fe[2]         5.0     992628.3601     8.9998   3.331E+02    31     0    224
3s2_3p4(1D)3d_4s_3Fe[3]         7.0     993264.8622     8.9807   3.338E+02    31     0    225
3s_3p6_4p_1Po[1]                3.0     994105.0000     8.9556   3.348E+02    30     0    226
3s2_3p4(1D)3d_4s_3Fe[4]         9.0     995095.0996     8.9259   3.359E+02    31     0    227
3s2_3p4(1D)3d_4s_1Fe[3]         7.0     997924.7277     8.8410   3.391E+02    32     0    228
3s2_3p4(3P)3d_4p_5Fo[3]         7.0     998497.0903     8.8239   3.398E+02    33     0    229
3s2_3p4(3P)3d_4p_5Fo[2]         5.0     998526.5368     8.8230   3.398E+02    33     0    230
3s2_3p4(3P)3d_4p_5Po[3]         7.0     998916.1997     8.8113   3.402E+02    33     0    231
3s2_3p4(3P)3d_4p_5Fo[4]         9.0     999031.5470     8.8079   3.404E+02    33     0    232
3s2_3p4(3P)3d_4p_5Po[2]         5.0     999112.6978     8.8054   3.405E+02    33     0    233
3s2_3p4(3P)3d_4p_5Fo[1]         3.0     999191.9406     8.8030   3.406E+02    33     0    234
3s2_3p4(3P)3d_4p_5Po[1]         3.0     999744.5797     8.7865   3.412E+02    33     0    235
3s2_3p4(3P)3d_4p_5Fo[5]        11.0    1000401.1824     8.7668   3.420E+02    33     0    236
3s2_3p4(3P)3d_4p_5Do[4]         9.0    1002747.6530     8.6964   3.447E+02    33     0    237
3s2_3p4(3P)3d_4p_5Do[0]         1.0    1002964.3072     8.6900   3.450E+02    33     0    238
3s2_3p4(3P)3d_4p_5Do[3]         7.0    1003292.0758     8.6801   3.454E+02    33     0    239
3s2_3p4(3P)3d_4p_5Do[1]         3.0    1003560.7087     8.6721   3.457E+02    33     0    240
3s2_3p4(3P)3d_4p_5Do[2]         5.0    1003619.5339     8.6703   3.458E+02    33     0    241
3s2_3p4(3P)3d_4p_3Do[3]         7.0    1004876.1756     8.6326   3.473E+02    34     0    242
3s2_3p4(3P)3d_4p_3Do[2]         5.0    1005459.4686     8.6152   3.480E+02    34     0    243
3s2_3p4(3P)3d_4p_3Do[1]         3.0    1006024.8527     8.5982   3.487E+02    34     0    244
3s2_3p4(3P)3d_4p_3Fo[4]         9.0    1007266.2695     8.5610   3.502E+02    34     0    245
3s2_3p4(3P)3d_4p_3Po[0]         1.0    1008573.2415     8.5218   3.518E+02    34     0    246
3s2_3p4(3P)3d_4p_3Fo[3]         7.0    1008790.1761     8.5153   3.521E+02    34     0    247
3s2_3p4(3P)3d_4p_3Po[1]         3.0    1009419.9800     8.4964   3.528E+02    34     0    248
3s2_3p4(3P)3d_4p_3Po[2]         5.0    1009489.0528     8.4943   3.529E+02    34     0    249
3s2_3p4(3P)3d_4p_3Fo[2]         5.0    1009873.0259     8.4828   3.534E+02    34     0    250
3s2_3p4(1S)3d_4s_3De[1]         3.0    1011053.7820     8.4474   3.549E+02    35     0    251
3s2_3p4(1S)3d_4s_3De[2]         5.0    1011746.9881     8.4267   3.558E+02    35     0    252
3s2_3p4(3P)3d_4p_5Fbo[5]       11.0    1011769.9617     8.4260   3.558E+02    33     0    253
3s2_3p4(3P)3d_4p_5Fbo[4]        9.0    1012697.0132     8.3982   3.570E+02    33     0    254
3s2_3p5(2P)5d_3Po[0]            1.0    1013995.6003     8.3592   3.586E+02    34     0    255
3s2_3p4(1S)3d_4s_3De[3]         7.0    1014065.5254     8.3571   3.587E+02    35     0    256
3s2_3p5(2P)5d_3Fo[4]            9.0    1014617.1904     8.3406   3.594E+02    34     0    257
3s2_3p4(3P)3d_4p_5Fbo[3]        7.0    1014973.4947     8.3299   3.599E+02    33     0    258
3s2_3p5(2P)5d_3Po[1]            3.0    1014990.6290     8.3294   3.599E+02    34     0    259
3s2_3p4(3P)3d_4p_5Fco[3]        7.0    1015077.9042     8.3268   3.600E+02    33     0    260
3s2_3p5(2P)5d_1Po[1]            3.0    1015721.1236     8.3075   3.609E+02    36     0    261
3s2_3p5(2P)5d_3Po[2]            5.0    1016092.9578     8.2964   3.614E+02    34     0    262
3s2_3p5(2P)5d_3Do[3]            7.0    1016233.5759     8.2922   3.615E+02    34     0    263
3s2_3p5(2P)5d_3Do[2]            5.0    1016397.6148     8.2872   3.618E+02    34     0    264
3s2_3p4(1S)3d4s_1De[2]          5.0    1016467.6439     8.2851   3.618E+02    32     0    265
3s2_3p4(3P)3d_4p_5Fbo[2]        5.0    1016841.8436     8.2739   3.623E+02    33     0    266
3s2_3p4(3P)3d_4p_5Go[6]        13.0    1016969.5536     8.2701   3.625E+02    33     0    267
3s2_3p4(3P)3d_4p_5Dbo[4]        9.0    1017422.2926     8.2565   3.631E+02    33     0    268
3s2_3p4(3P)3d_4p_5Fbo[1]        3.0    1017805.0224     8.2450   3.636E+02    33     0    269
3s2_3p4(3P)3d_4p_5Go[5]        11.0    1018157.6896     8.2345   3.641E+02    33     0    270
3s2_3p4(1D)3d_4p_3Do[1]         3.0    1018339.8182     8.2290   3.643E+02    34     0    271
3s2_3p4(3P)3d_4p_5Go[3]         7.0    1019643.0764     8.1899   3.660E+02    33     0    272
3s2_3p4(3P)3d_4p_3Fbo[2]        5.0    1019766.7220     8.1862   3.662E+02    34     0    273
3s2_3p4(3P)3d_4p_5Go[4]         9.0    1020081.1359     8.1768   3.666E+02    33     0    274
3s2_3p4(3P)3d_4p_5Dbo[0]        1.0    1020630.2182     8.1603   3.674E+02    33     0    275
3s2_3p4(3P)3d_4p_5Dbo[1]        3.0    1020848.8953     8.1538   3.677E+02    33     0    276
3s2_3p4(3P)3d_4p_5Dbo[2]        5.0    1020852.5191     8.1537   3.677E+02    33     0    277
3s2_3p4(3P)3d_4p_5Gbo[3]        7.0    1021655.5937     8.1296   3.688E+02    33     0    278
3s2_3p4(3P)3d_4p_5Dco[4]        9.0    1021769.4923     8.1262   3.689E+02    33     0    279
3s2_3p4(3P)3d_4p_3Fbo[3]        7.0    1022626.4584     8.1005   3.701E+02    34     0    280
3s2_3p4(1D)3d_4p_1Po[1]         3.0    1022989.1664     8.0896   3.706E+02    36     0    281
3s2_3p4(3P)3d_4p_5Go[2]         5.0    1023032.8913     8.0883   3.706E+02    33     0    282
3s2_3p4(1D)3d_4p_3Do[2]         5.0    1023317.2859     8.0798   3.710E+02    34     0    283
3s2_3p5(2P)5d_3Fo[2]            5.0    1023975.9110     8.0600   3.719E+02    34     0    284
3s2_3p4(3P)3d_4p_3Go[5]        11.0    1024463.0832     8.0454   3.726E+02    34     0    285
3s2_3p5(2P)5d_1Do[2]            5.0    1024895.3716     8.0325   3.732E+02    36     0    286
3s2_3p5(2P)5d_3Fo[3]            7.0    1025609.8089     8.0111   3.742E+02    34     0    287
3s2_3p5(2P)5d_3Do[1]            3.0    1025805.9005     8.0052   3.745E+02    34     0    288
3s2_3p4(1D)3d_4p_3Do[3]         7.0    1025921.1363     8.0017   3.747E+02    34     0    289
3s2_3p4(1D)3d_4p_1Do[2]         5.0    1026442.6421     7.9861   3.754E+02    36     0    290
3s2_3p4(1D)3d_4p_3So[1]         3.0    1026596.3514     7.9815   3.756E+02    34     0    291
3s2_3p4(3P)3d_4p_5Pbo[1]        3.0    1026709.1614     7.9781   3.758E+02    33     0    292
3s2_3p4(1D)3d_4p_3Dbo[3]        7.0    1026731.6249     7.9774   3.758E+02    37     0    293
3s2_3p4(3P)3d_4p_3Go[4]         9.0    1026733.8874     7.9774   3.758E+02    34     0    294
3s2_3p4(3P)3d_4p_5Pbo[2]        5.0    1027493.4686     7.9546   3.769E+02    33     0    295
3s2_3p4(1D)3d_4p_3Dbo[1]        3.0    1027753.4600     7.9468   3.772E+02    37     0    296
3s2_3p4(1D)3d_4p_1So[0]         1.0    1027807.0551     7.9452   3.773E+02    36     0    297
3s2_3p4(3P)3d_4p_5Pco[2]        5.0    1027940.4669     7.9412   3.775E+02    33     0    298
3s2_3p4(1D)3d_4p_3Fo[2]         5.0    1028374.3700     7.9282   3.781E+02    34     0    299
3s2_3p4(3P)3d_4p_3Dbo[3]        7.0    1028396.3454     7.9275   3.782E+02    34     0    300
3s2_3p4(3P)3d_4p_3Pbo[1]        3.0    1028975.8156     7.9101   3.790E+02    34     0    301
3s2_3p4(3P)3d_4p_5Pbo[3]        7.0    1029427.7232     7.8966   3.796E+02    33     0    302
3s2_3p4(3P)3d_4p_3Fbo[4]        9.0    1029577.1214     7.8921   3.799E+02    34     0    303
3s2_3p4(3P)3d_4p_3Pbo[0]        1.0    1029885.9090     7.8829   3.803E+02    34     0    304
3s2_3p4(3P)3d_4p_3Go[3]         7.0    1030222.1846     7.8728   3.808E+02    34     0    305
3s2_3p4(3P)3d_4p_3Pbo[2]        5.0    1030377.9939     7.8681   3.810E+02    34     0    306
3s2_3p4(1D)3d_4s_3Se[1]         3.0    1030462.2972     7.8656   3.811E+02    35     0    307
3s2_3p4(3P)3d_4p_3Gbo[3]        7.0    1030884.8679     7.8529   3.818E+02    34     0    308
3s2_3p4(3P)3d_4p_5Dco[0]        1.0    1031276.2959     7.8412   3.823E+02    33     0    309
3s2_3p4(1D)3d_4p_3Ho[4]         9.0    1031821.0222     7.8249   3.831E+02    34     0    310
3s2_3p4(3P)3d_4p_5Dco[1]        3.0    1031899.1633     7.8225   3.832E+02    33     0    311
3s2_3p4(1D)3d_4p_3Ho[5]        11.0    1032058.5104     7.8177   3.835E+02    34     0    312
3s2_3p4(3P)3d_4p_5Dco[2]        5.0    1032069.8141     7.8174   3.835E+02    33     0    313
3s2_3p4(3P)3d_4p_5Dbo[3]        7.0    1032625.4706     7.8007   3.843E+02    33     0    314
3s2_3p4(3P)3d_4p_5Ddo[1]        3.0    1032965.8836     7.7905   3.848E+02    33     0    315
3s2_3p4(3P)3d_4p_3Fco[2]        5.0    1033082.1159     7.7870   3.850E+02    38     0    316
3s2_3p4(3P)3d_4p_5Ddo[4]        9.0    1033701.6346     7.7685   3.859E+02    33     0    317
3s2_3p4(3P)3d_4p_3Fco[3]        7.0    1033921.9865     7.7619   3.862E+02    38     0    318
3s2_3p4(3P)3d_4p_3Fdo[2]        5.0    1034099.0585     7.7566   3.865E+02    39     0    319
3s2_3p4(1D)3d_4p_3Po[0]         1.0    1034256.7268     7.7518   3.867E+02    40     0    320
3s2_3p4(1D)3d_4p_1Fo[3]         7.0    1034388.3006     7.7479   3.869E+02    36     0    321
3s2_3p4(1D)3d_4p_1Go[4]         9.0    1034391.5597     7.7478   3.869E+02    36     0    322
3s2_3p4(3P)3d_4p_5So[2]         5.0    1034918.4098     7.7320   3.877E+02    33     0    323
3s2_3p4(1D)3d_4p_3Fo[4]         9.0    1035071.7222     7.7274   3.880E+02    34     0    324
3s2_3p4(1D)3d_4s_1Se[0]         1.0    1035149.3934     7.7251   3.881E+02    41     0    325
3s2_3p4(1D)3d_4p_3Hbo[5]       11.0    1035996.4472     7.6997   3.894E+02    34     0    326
3s2_3p4(1D)3d_4p_3Ho[6]        13.0    1036162.1527     7.6947   3.896E+02    34     0    327
3s2_3p4(3P)3d_4p_3Dbo[1]        3.0    1036316.2901     7.6901   3.898E+02    34     0    328
3s2_3p4(3P)3d_4p_3Dco[3]        7.0    1036675.4180     7.6793   3.904E+02    34     0    329
3s2_3p4(3P)3d_4p_3Dbo[2]        5.0    1036998.2279     7.6696   3.909E+02    34     0    330
3s2_3p4(1D)3d_4p_3Go[3]         7.0    1037358.3328     7.6588   3.914E+02    34     0    331
3s2_3p4(1D)3d_4p_3Go[5]        11.0    1038142.2105     7.6353   3.926E+02    34     0    332
3s2_3p4(3P)3d_4p_3Gbo[4]        9.0    1038334.4567     7.6296   3.929E+02    34     0    333
3s2_3p4(3P)3d_4p_3Dco[1]        3.0    1038594.5259     7.6218   3.933E+02    34     0    334
3s2_3p4(1D)3d_4p_3Go[4]         9.0    1039303.1618     7.6005   3.944E+02    34     0    335
3s2_3p4(3P)3d_4p_3Dco[2]        5.0    1039789.7335     7.5860   3.952E+02    34     0    336
3s2_3p4(3P)3d_4p_3Ddo[1]        3.0    1040234.3076     7.5726   3.959E+02    34     0    337
3s2_3p4(3P)3d_4p_3Ddo[3]        7.0    1040885.5392     7.5531   3.969E+02    34     0    338
3s2_3p4(3P)3d_4p_3So[1]         3.0    1041053.6740     7.5481   3.972E+02    34     0    339
3s2_3p4(3P)3d_4p_3Gco[3]        7.0    1041103.2172     7.5466   3.973E+02    34     0    340
3s2_3p4(3P)3d_4s_3Pbe[2]        5.0    1041564.7716     7.5327   3.980E+02    35     0    341
3s2_3p4(3P)3d_4p_3Pco[0]        1.0    1041878.0041     7.5234   3.985E+02    34     0    342
3s2_3p4(1D)3d_4p_1Ho[5]        11.0    1042098.8156     7.5167   3.988E+02    36     0    343
3s2_3p4(3P)3d_4p_3Ddo[2]        5.0    1042455.4364     7.5060   3.994E+02    34     0    344
3s2_3p4(3P)3d_4p_3Deo[3]        7.0    1043269.6134     7.4816   4.007E+02    34     0    345
3s2_3p4(3P)3d_4s_3Pbe[1]        3.0    1043300.8850     7.4807   4.008E+02    35     0    346
3s2_3p4(3P)3d_4p_3Deo[2]        5.0    1043582.7346     7.4722   4.012E+02    34     0    347
3s2_3p4(3P)3d_4p_3Pco[1]        3.0    1043831.4874     7.4648   4.016E+02    34     0    348
3s2_3p4(3P)3d_4p_1Go[4]         9.0    1044247.0049     7.4523   4.023E+02    36     0    349
3s2_3p4(3P)3d_4s_3Pbe[0]        1.0    1045527.0747     7.4140   4.044E+02    35     0    350
3s2_3p4(3P)3d_4p_3Deo[1]        3.0    1046076.3123     7.3975   4.053E+02    34     0    351
3s2_3p5(2P)5f_3De[1]            3.0    1046420.9502     7.3872   4.058E+02    35     0    352
3s2_3p5(2P)5f_3De[2]            5.0    1047131.9073     7.3658   4.070E+02    35     0    353
3s2_3p5(2P)5f_3Ge[5]           11.0    1047382.3605     7.3583   4.074E+02    35     0    354
3s2_3p4(3P)3d_4p_3Pco[2]        5.0    1047419.6307     7.3572   4.075E+02    34     0    355
3s2_3p5(2P)5f_3Ge[4]            9.0    1047999.3590     7.3398   4.084E+02    35     0    356
3s2_3p5(2P)5f_3De[3]            7.0    1048145.1047     7.3355   4.087E+02    35     0    357
3s2_3p4(3P)3d_4s_1Pe[1]         3.0    1048250.0657     7.3323   4.089E+02    41     0    358
3s2_3p5(2P)5f_1Fe[3]            7.0    1049231.0400     7.3029   4.105E+02    41     0    359
3s2_3p5(2P)5f_3Fe[4]            9.0    1049587.7478     7.2922   4.111E+02    35     0    360
3s2_3p4(3P)3d_4s_3Dbe[3]        7.0    1049764.8253     7.2869   4.114E+02    35     0    361
3s2_3p4(1D)3d_4p_3Fbo[4]        9.0    1050589.6741     7.2622   4.128E+02    37     0    362
3s2_3p4(1D)3d_4p_3Fo[3]         7.0    1050764.9965     7.2569   4.131E+02    34     0    363
3s2_3p5(2P)5f_1De[2]            5.0    1050794.1294     7.2561   4.132E+02    41     0    364
3s2_3p4(1D)3d_4p_3Fbo[2]        5.0    1050989.7756     7.2502   4.135E+02    37     0    365
3s2_3p4(3P)3d_4s_3Dbe[2]        5.0    1052253.9287     7.2123   4.157E+02    35     0    366
3s2_3p4(1D)3d_4p_3Gbo[3]        7.0    1053496.9870     7.1750   4.178E+02    37     0    367
3s2_3p5(2P)5g_3Fo[2]            5.0    1054284.2762     7.1514   4.192E+02    37     0    368
3s2_3p5(2P)5g_3Fo[3]            7.0    1054550.0502     7.1435   4.197E+02    37     0    369
3s2_3p5(2P)5g_3Fbo[2]           5.0    1054556.4904     7.1433   4.197E+02    34     0    370
3s2_3p4(1D)3d_4p_1Fbo[3]        7.0    1054783.4481     7.1365   4.201E+02    36     0    371
3s2_3p5(2P)5g_3Ho[6]           13.0    1054804.0246     7.1358   4.201E+02    37     0    372
3s2_3p5(2P)5g_1Ho[5]           11.0    1054854.3364     7.1343   4.202E+02    36     0    373
3s2_3p4(1D)3d_4p_3Gbo[4]        9.0    1055031.5008     7.1290   4.205E+02    37     0    374
3s2_3p5(2P)5g_3Go[3]            7.0    1055566.7855     7.1130   4.215E+02    37     0    375
3s2_3p5(2P)5g_1Go[4]            9.0    1055580.2952     7.1126   4.215E+02    36     0    376
3s2_3p5(2P)5g_3Go[5]           11.0    1055735.8508     7.1079   4.218E+02    37     0    377
3s2_3p5(2P)5g_3Go[4]            9.0    1055982.1999     7.1005   4.222E+02    37     0    378
3s2_3p4(1D)3d_4p_3Fbo[3]        7.0    1056938.1320     7.0719   4.239E+02    37     0    379
3s2_3p4(1D)3d_4p_3Fco[2]        5.0    1057362.8029     7.0591   4.247E+02    37     0    380
3s2_3p4(1D)3d_4p_3Fco[4]        9.0    1058366.1308     7.0290   4.265E+02    37     0    381
3s2_3p4(1D)3d_4p_3Gbo[5]       11.0    1058426.3069     7.0272   4.266E+02    37     0    382
3s2_3p5(2P)5f_3Ge[3]            7.0    1058558.6108     7.0233   4.269E+02    35     0    383
3s2_3p4(3P)3d_4s_3Dbe[1]        3.0    1058739.7142     7.0179   4.272E+02    35     0    384
3s2_3p5(2P)5f_3Dbe[3]           7.0    1058757.2726     7.0173   4.272E+02    35     0    385
3s2_3p5(2P)5f_1Ge[4]            9.0    1059033.7534     7.0090   4.277E+02    41     0    386
3s2_3p5(2P)5f_3Fe[2]            5.0    1060096.6919     6.9772   4.297E+02    35     0    387
3s2_3p4(1D)3d_4p_1Gbo[4]        9.0    1060632.5237     6.9611   4.307E+02    36     0    388
3s2_3p4(3P)3d_4s_1De[2]         5.0    1061711.8365     6.9287   4.327E+02    41     0    389
3s2_3p4(1D)3d_4p_1Dbo[2]        5.0    1062034.7428     6.9191   4.333E+02    36     0    390
3s2_3p4(1D)3d_4p_3Dco[1]        3.0    1065634.3860     6.8112   4.401E+02    37     0    391
3s2_3p5(2P)5g_3Ho[4]            9.0    1065663.7883     6.8103   4.402E+02    37     0    392
3s2_3p5(2P)5g_3Ho[5]           11.0    1065705.9394     6.8090   4.403E+02    37     0    393
3s2_3p5(2P)5g_3Fo[4]            9.0    1065716.0285     6.8087   4.403E+02    37     0    394
3s2_3p5(2P)5g_3Gbo[3]           7.0    1065759.3072     6.8074   4.404E+02    37     0    395
3s2_3p5(2P)6s_3Po[2]            5.0    1066016.2141     6.7997   4.409E+02    37     0    396
3s2_3p5(2P)6s_1Po[1]            3.0    1066635.2350     6.7811   4.421E+02    42     0    397
3s2_3p4(1D)3d_4p_3Dbo[2]        5.0    1067324.6208     6.7605   4.434E+02    37     0    398
3s2_3p4(1D)3d_4p_3Dco[3]        7.0    1068210.6660     6.7339   4.452E+02    37     0    399
3s2_3p4(1D)3d_4p_1Fco[3]        7.0    1070369.5891     6.6692   4.495E+02    42     0    400
3s2_3p4(1S)3d_4p_3Fo[2]         5.0    1073931.0959     6.5624   4.568E+02    37     0    401
3s2_3p4(1S)3d_4p_3Do[1]         3.0    1075012.3184     6.5300   4.591E+02    37     0    402
3s2_3p4(1S)3d_4p_3Do[2]         5.0    1075100.5577     6.5274   4.593E+02    37     0    403
3s2_3p4(1S)3d_4p_3Fo[3]         7.0    1076322.0080     6.4907   4.619E+02    37     0    404
3s2_3p5(2P)6s_3Po[0]            1.0    1076367.8751     6.4894   4.620E+02    37     0    405
3s2_3p5(2P)6s_3Po[1]            3.0    1076677.3406     6.4801   4.626E+02    37     0    406
3s2_3p4(1S)3d_4p_3Do[3]         7.0    1077540.4395     6.4542   4.645E+02    37     0    407
3s2_3p4(1S)3d_4p_1Do[2]         5.0    1078027.3894     6.4396   4.655E+02    42     0    408
3s2_3p4(1S)3d_4p_3Fo[4]         9.0    1079038.2553     6.4093   4.677E+02    37     0    409
3s2_3p4(1S)3d_4p_3Po[1]         3.0    1080300.5127     6.3715   4.705E+02    38     0    410
3s2_3p4(1S)3d_4p_3Po[0]         1.0    1080432.7583     6.3675   4.708E+02    38     0    411
3s2_3p5(2P)6p_3Se[1]            3.0    1080744.5669     6.3582   4.715E+02    43     0    412
3s2_3p5(2P)6p_3De[2]            5.0    1081883.5770     6.3240   4.741E+02    43     0    413
3s2_3p5(2P)6p_3De[3]            7.0    1082083.9051     6.3180   4.745E+02    43     0    414
3s2_3p4(1S)3d_4p_3Po[2]         5.0    1082262.2580     6.3127   4.749E+02    38     0    415
3s2_3p5(2P)6p_1Pe[1]            3.0    1082665.4557     6.3006   4.758E+02    41     0    416
3s2_3p5(2P)6p_3Pe[2]            5.0    1082974.1661     6.2913   4.765E+02    43     0    417
3s2_3p4(1S)3d_4p_1Fo[3]         7.0    1083554.3483     6.2739   4.778E+02    42     0    418
3s2_3p5(2P)6p_3Pe[0]            1.0    1085384.8283     6.2190   4.821E+02    43     0    419
3s2_3p4(1S)3d_4p_1Po[1]         3.0    1085852.2046     6.2050   4.831E+02    42     0    420
3s2_3p5(2P)6p_3De[1]            3.0    1092169.6255     6.0156   4.984E+02    43     0    421
3s2_3p5(2P)6p_3Pe[1]            3.0    1092729.2435     5.9989   4.997E+02    43     0    422
3s2_3p5(2P)6p_3Dbe[2]           5.0    1093006.2725     5.9906   5.004E+02    43     0    423
3s2_3p5(2P)6p_1Se[0]            1.0    1094708.1124     5.9395   5.047E+02    44     0    424
3s2_3p4(1D)3d_4p_3Pbo[0]        1.0    1096903.1357     5.8737   5.104E+02    45     0    425
3s2_3p4(1D)3d_4p_3Po[1]         3.0    1097600.4685     5.8528   5.122E+02    40     0    426
3s2_3p4(3P)3d_4p_3Pdo[1]        3.0    1099340.1856     5.8007   5.168E+02    45     0    427
3s2_3p4(1D)3d_4p_3Po[2]         5.0    1099550.3126     5.7944   5.174E+02    40     0    428
3s2_3p4(3P)3d_4p_3Pdo[2]        5.0    1100601.0661     5.7629   5.202E+02    45     0    429
3s2_3p4(1D)3d_4p_1Pbo[1]        3.0    1101001.5544     5.7509   5.213E+02    42     0    430
3s2_3p4(3P)3d_4p_3Pdo[0]        1.0    1101304.1993     5.7418   5.221E+02    45     0    431
3s2_3p5(2P)6d_3Fo[4]            9.0    1104039.0780     5.6598   5.297E+02    45     0    432
3s2_3p5(2P)6d_1Do[2]            5.0    1104156.8092     5.6563   5.300E+02    42     0    433
3s2_3p5(2P)6d_3Fo[3]            7.0    1104246.0674     5.6536   5.303E+02    45     0    434
3s2_3p5(2P)6d_1Fo[3]            7.0    1104638.5578     5.6418   5.314E+02    42     0    435
3s2_3p5(2P)6d_3Po[0]            1.0    1104703.5878     5.6399   5.316E+02    45     0    436
3s2_3p5(2P)6d_3Po[1]            3.0    1105065.5084     5.6290   5.326E+02    45     0    437
3s2_3p5(2P)6d_1Po[1]            3.0    1105266.1611     5.6230   5.332E+02    42     0    438
3s2_3p5(2P)6d_3Po[2]            5.0    1105709.7982     5.6097   5.344E+02    45     0    439
3s2_3p5(2P)6d_1Dbo[2]           5.0    1106235.8413     5.5940   5.359E+02    42     0    440
3s2_3p5(2P)6d_3Do[3]            7.0    1106545.3840     5.5847   5.368E+02    45     0    441
3s2_3p4(3P)3d_4p_3Dfo[1]        3.0    1108340.3102     5.5309   5.420E+02    45     0    442
3s2_3p4(3P)3d_4p_1So[0]         1.0    1108748.6618     5.5186   5.432E+02    42     0    443
3s2_3p4(3P)3d_4p_3Sbo[1]        3.0    1111080.5724     5.4487   5.502E+02    45     0    444
3s2_3p4(3P)3d_4p_1Do[2]         5.0    1111747.3943     5.4287   5.522E+02    42     0    445
3s2_3p5(2P)6d_3Do[1]            3.0    1114114.1047     5.3578   5.595E+02    45     0    446
3s2_3p4(3P)3d_4p_3Fdo[3]        7.0    1114661.8581     5.3413   5.613E+02    39     0    447
3s2_3p5(2P)6d_3Fo[2]            5.0    1114731.8163     5.3392   5.615E+02    45     0    448
3s2_3p5(2P)6d_3Do[2]            5.0    1114885.6523     5.3346   5.620E+02    45     0    449
3s2_3p5(2P)6d_3Fbo[3]           7.0    1115321.1216     5.3216   5.634E+02    45     0    450
3s2_3p4(3P)3d_4p_3Fco[4]        9.0    1115864.3168     5.3053   5.651E+02    38     0    451
3s2_3p4(3P)3d_4p_1Dbo[2]        5.0    1116479.5848     5.2869   5.671E+02    42     0    452
3s2_3p5(2P)6d_1Pbo[1]           3.0    1117198.7118     5.2653   5.694E+02    42     0    453
3s2_3p4(3P)3d_4p_3Peo[2]        5.0    1117828.5610     5.2464   5.714E+02    45     0    454
3s2_3p4(3P)3d_4p_3Dfo[3]        7.0    1118324.1360     5.2316   5.730E+02    45     0    455
3s2_3p5(2P)6f_3De[1]            3.0    1120855.2591     5.1557   5.815E+02    43     0    456
3s2_3p5(2P)6f_3De[2]            5.0    1121298.7853     5.1424   5.830E+02    43     0    457
3s2_3p5(2P)6f_3Ge[5]           11.0    1121364.3773     5.1404   5.832E+02    43     0    458
3s2_3p4(3P)3d_4p_3Dgo[1]        3.0    1121651.9262     5.1318   5.842E+02    45     0    459
3s2_3p5(2P)6f_3Ge[4]            9.0    1121724.5249     5.1296   5.844E+02    43     0    460
3s2_3p5(2P)6f_3De[3]            7.0    1121869.8630     5.1253   5.849E+02    43     0    461
3s2_3p5(2P)6f_1Fe[3]            7.0    1122406.7826     5.1092   5.868E+02    44     0    462
3s2_3p5(2P)6f_3Fe[4]            9.0    1122581.7851     5.1039   5.874E+02    43     0    463
3s2_3p4(3P)3d_4p_3Feo[2]        5.0    1123320.9596     5.0818   5.899E+02    45     0    464
3s2_3p5(2P)6f_1De[2]            5.0    1123461.2131     5.0775   5.904E+02    44     0    465
3s2_3p4(3P)3d_4p_3Dfo[2]        5.0    1125034.3849     5.0304   5.960E+02    45     0    466
3s2_3p4(3P)3d_4p_3Peo[1]        3.0    1125514.4518     5.0160   5.977E+02    45     0    467
3s2_3p5(2P)6g_3Fo[3]            7.0    1125912.6666     5.0041   5.991E+02    45     0    468
3s2_3p5(2P)6g_3Fo[2]            5.0    1125971.0078     5.0023   5.993E+02    45     0    469
3s2_3p5(2P)6g_3Ho[6]           13.0    1126099.2689     4.9985   5.998E+02    45     0    470
3s2_3p5(2P)6g_1Ho[5]           11.0    1126141.6884     4.9972   5.999E+02    46     0    471
3s2_3p4(3P)3d_4p_3Peo[0]        1.0    1126299.0774     4.9925   6.005E+02    45     0    472
3s2_3p5(2P)6g_3Fo[4]            9.0    1126490.5360     4.9867   6.012E+02    45     0    473
3s2_3p5(2P)6g_3Go[3]            7.0    1126557.9290     4.9847   6.014E+02    45     0    474
3s2_3p5(2P)6g_1Go[4]            9.0    1126700.7975     4.9804   6.019E+02    46     0    475
3s2_3p5(2P)6g_3Go[5]           11.0    1126720.7133     4.9798   6.020E+02    45     0    476
3s2_3p5(2P)6h_3Ge[3]            7.0    1126772.5597     4.9783   6.022E+02    43     0    477
3s2_3p5(2P)6h_3Ge[4]            9.0    1126779.5350     4.9781   6.022E+02    43     0    478
3s2_3p5(2P)6h_1Ie[6]           13.0    1126862.0320     4.9756   6.025E+02    44     0    479
3s2_3p5(2P)6h_3Ie[7]           15.0    1126865.3266     4.9755   6.025E+02    47     0    480
3s2_3p5(2P)6h_3He[4]            9.0    1127087.7143     4.9688   6.033E+02    43     0    481
3s2_3p5(2P)6h_3Ge[5]           11.0    1127090.6836     4.9687   6.034E+02    43     0    482
3s2_3p5(2P)6h_1He[5]           11.0    1127178.6029     4.9661   6.037E+02    44     0    483
3s2_3p5(2P)6h_3He[6]           13.0    1127183.3702     4.9660   6.037E+02    43     0    484
3s2_3p4(3P)3d_4p_1Fo[3]         7.0    1127184.3276     4.9659   6.037E+02    46     0    485
3s2_3p5(2P)6f_3Ge[3]            7.0    1132378.5555     4.8102   6.232E+02    43     0    486
3s2_3p5(2P)6f_3Dbe[3]           7.0    1132447.3643     4.8082   6.235E+02    43     0    487
3s2_3p5(2P)6f_3Gbe[4]           9.0    1132658.3506     4.8018   6.243E+02    43     0    488
3s2_3p5(2P)6f_3Fe[2]            5.0    1133472.2735     4.7774   6.275E+02    43     0    489
3s2_3p5(2P)7s_3Po[2]            5.0    1134011.6008     4.7613   6.296E+02    45     0    490
3s2_3p5(2P)7s_1Po[1]            3.0    1134066.0740     4.7596   6.299E+02    46     0    491
3s2_3p5(2P)6g_3Ho[4]            9.0    1136989.2091     4.6720   6.417E+02    45     0    492
3s2_3p5(2P)6g_3Fbo[4]           9.0    1137019.7546     4.6711   6.418E+02    45     0    493
3s2_3p5(2P)6g_3Ho[5]           11.0    1137025.7150     4.6709   6.418E+02    45     0    494
3s2_3p5(2P)6g_3Gbo[3]           7.0    1137089.2521     4.6690   6.421E+02    45     0    495
3s2_3p5(2P)6h_3Ie[5]           11.0    1137653.3529     4.6521   6.444E+02    47     0    496
3s2_3p5(2P)6h_3Ie[6]           13.0    1137658.8326     4.6519   6.444E+02    47     0    497
3s2_3p5(2P)6h_3Hbe[4]           9.0    1137659.2301     4.6519   6.445E+02    47     0    498
3s2_3p5(2P)6h_3Gbe[5]          11.0    1137662.0819     4.6518   6.445E+02    47     0    499
3s2_3p5(2P)7p_3Se[1]            3.0    1141828.7872     4.5269   6.622E+02    47     0    500
3s2_3p4(3P)3d_4p_1Po[1]         3.0    1141865.2023     4.5258   6.624E+02    46     0    501
3s2_3p5(2P)7p_3De[2]            5.0    1142353.2821     4.5112   6.646E+02    47     0    502
3s2_3p5(2P)7p_3De[3]            7.0    1142498.7717     4.5068   6.652E+02    47     0    503
3s2_3p5(2P)7p_1Pe[1]            3.0    1142858.9233     4.4960   6.668E+02    44     0    504
3s2_3p5(2P)7p_3Pe[2]            5.0    1143047.3254     4.4904   6.676E+02    47     0    505
3s2_3p5(2P)7s_3Po[0]            1.0    1144577.7244     4.4445   6.745E+02    45     0    506
3s2_3p5(2P)7p_1Se[0]            1.0    1144631.1499     4.4429   6.748E+02    44     0    507
3s2_3p5(2P)7s_3Po[1]            3.0    1145520.9306     4.4162   6.788E+02    45     0    508
3s2_3p5(2P)7p_3De[1]            3.0    1152938.3375     4.1938   7.148E+02    47     0    509
3s2_3p5(2P)7p_3Pe[1]            3.0    1153331.0547     4.1821   7.169E+02    47     0    510
3s2_3p5(2P)7p_3Dbe[2]           5.0    1153427.7825     4.1792   7.173E+02    47     0    511
3s2_3p5(2P)7p_3Pe[0]            1.0    1154384.0177     4.1505   7.223E+02    47     0    512
3s2_3p5(2P)7d_3Po[0]            1.0    1155888.8498     4.1054   7.302E+02    48     0    513
3s2_3p5(2P)7d_3Po[1]            3.0    1156131.0075     4.0981   7.315E+02    48     0    514
3s2_3p5(2P)7d_3Fo[4]            9.0    1156491.3407     4.0873   7.335E+02    48     0    515
3s2_3p5(2P)7d_3Po[2]            5.0    1156522.4149     4.0864   7.336E+02    48     0    516
3s2_3p5(2P)7d_3Fo[3]            7.0    1156599.6222     4.0841   7.341E+02    48     0    517
3s2_3p5(2P)7d_1Do[2]            5.0    1156990.7682     4.0724   7.362E+02    46     0    518
3s2_3p5(2P)7d_3Do[3]            7.0    1157093.3699     4.0693   7.367E+02    48     0    519
3s2_3p5(2P)7d_1Po[1]            3.0    1158034.9524     4.0411   7.419E+02    46     0    520
3s2_3p5(2P)7f_3De[1]            3.0    1166320.5374     3.7927   7.905E+02    47     0    521
3s2_3p5(2P)7f_3De[2]            5.0    1166608.3155     3.7840   7.923E+02    47     0    522
3s2_3p5(2P)7f_3Ge[5]           11.0    1166622.9265     3.7836   7.923E+02    47     0    523
3s2_3p5(2P)7f_3Ge[4]            9.0    1166848.6727     3.7768   7.938E+02    47     0    524
3s2_3p5(2P)7f_3De[3]            7.0    1166956.8101     3.7736   7.945E+02    47     0    525
3s2_3p5(2P)7f_1Fe[3]            7.0    1167266.4682     3.7643   7.964E+02    49     0    526
3s2_3p5(2P)7d_3Pbo[2]           5.0    1167290.3941     3.7636   7.966E+02    48     0    527
3s2_3p5(2P)7d_3Fo[2]            5.0    1167323.6066     3.7626   7.968E+02    48     0    528
3s2_3p5(2P)7f_3Fe[4]            9.0    1167367.7153     3.7613   7.971E+02    47     0    529
3s2_3p5(2P)7d_3Fbo[3]           7.0    1167504.2286     3.7572   7.979E+02    48     0    530
3s2_3p5(2P)7f_1De[2]            5.0    1167922.6188     3.7446   8.006E+02    49     0    531
3s2_3p5(2P)7d_3Do[1]            3.0    1167973.1250     3.7431   8.009E+02    48     0    532
3s2_3p5(2P)7g_3Fo[2]            5.0    1169612.8317     3.6940   8.116E+02    48     0    533
3s2_3p5(2P)7g_3Fo[3]            7.0    1169684.2473     3.6918   8.120E+02    48     0    534
3s2_3p5(2P)7g_3Ho[6]           13.0    1169739.3148     3.6902   8.124E+02    48     0    535
3s2_3p5(2P)7g_1Ho[5]           11.0    1169772.5830     3.6892   8.126E+02    46     0    536
3s2_3p5(2P)7g_3Fo[4]            9.0    1169994.0668     3.6825   8.141E+02    48     0    537
3s2_3p5(2P)7g_3Go[3]            7.0    1170049.0096     3.6809   8.145E+02    48     0    538
3s2_3p5(2P)7g_1Go[4]            9.0    1170128.4065     3.6785   8.150E+02    46     0    539
3s2_3p5(2P)7g_3Go[5]           11.0    1170142.7541     3.6781   8.151E+02    48     0    540
3s2_3p5(2P)7h_3Ge[3]            7.0    1170143.7463     3.6780   8.151E+02    47     0    541
3s2_3p5(2P)7h_3Ge[4]            9.0    1170149.6536     3.6779   8.151E+02    47     0    542
3s2_3p5(2P)7h_1Ie[6]           13.0    1170201.5962     3.6763   8.155E+02    49     0    543
3s2_3p5(2P)7h_3Ie[7]           15.0    1170202.8527     3.6763   8.155E+02    47     0    544
3s2_3p5(2P)7h_3He[4]            9.0    1170348.2045     3.6719   8.164E+02    47     0    545
3s2_3p5(2P)7h_3Ge[5]           11.0    1170349.2034     3.6719   8.165E+02    47     0    546
3s2_3p5(2P)7h_1He[5]           11.0    1170404.8170     3.6702   8.168E+02    49     0    547
3s2_3p5(2P)7h_3He[6]           13.0    1170407.9831     3.6701   8.168E+02    47     0    548
3s2_3p5(2P)8s_3Po[2]            5.0    1174595.8446     3.5446   8.458E+02    48     0    549
3s2_3p5(2P)8s_1Po[1]            3.0    1174835.9237     3.5374   8.475E+02    46     0    550
3s2_3p5(2P)7f_3Ge[3]            7.0    1177617.0011     3.4540   8.680E+02    47     0    551
3s2_3p5(2P)7f_3Dbe[3]           7.0    1177643.7804     3.4532   8.682E+02    47     0    552
3s2_3p5(2P)7f_3Gbe[4]           9.0    1177792.1041     3.4487   8.693E+02    47     0    553
3s2_3p5(2P)7f_3Fe[2]            5.0    1178264.4118     3.4346   8.729E+02    47     0    554
3s2_3p5(2P)8p_3Se[1]            3.0    1179981.0342     3.3831   8.861E+02    47     0    555
3s2_3p5(2P)8p_3De[2]            5.0    1180297.5288     3.3736   8.886E+02    50     0    556
3s2_3p5(2P)8p_3De[3]            7.0    1180392.2964     3.3708   8.894E+02    50     0    557
3s2_3p5(2P)8p_1Pe[1]            3.0    1180615.4576     3.3641   8.912E+02    49     0    558
3s2_3p5(2P)7g_3Ho[4]            9.0    1180673.7294     3.3624   8.916E+02    48     0    559
3s2_3p5(2P)7g_3Fbo[4]           9.0    1180688.5669     3.3619   8.917E+02    48     0    560
3s2_3p5(2P)7g_3Ho[5]           11.0    1180701.4982     3.3615   8.918E+02    48     0    561
3s2_3p5(2P)8p_3Pe[2]            5.0    1180738.2790     3.3604   8.921E+02    50     0    562
3s2_3p5(2P)7g_3Gbo[3]           7.0    1180745.8920     3.3602   8.922E+02    48     0    563
3s2_3p5(2P)7h_3Ie[5]           11.0    1181075.2285     3.3503   8.948E+02    47     0    564
3s2_3p5(2P)7h_3Ie[6]           13.0    1181079.1386     3.3502   8.948E+02    47     0    565
3s2_3p5(2P)7h_3Hbe[4]           9.0    1181079.5016     3.3502   8.949E+02    47     0    566
3s2_3p5(2P)7h_3Gbe[5]          11.0    1181080.1451     3.3502   8.949E+02    47     0    567
3s2_3p5(2P)8p_1Se[0]            1.0    1181801.5105     3.3286   9.007E+02    49     0    568
3s2_3p5(2P)8s_3Po[0]            1.0    1185304.6618     3.2235   9.300E+02    48     0    569
3s2_3p5(2P)8s_3Po[1]            3.0    1185464.4007     3.2187   9.314E+02    48     0    570
3s2_3p5(2P)8d_3Po[0]            1.0    1189050.1575     3.1112   9.636E+02    48     0    571
3s2_3p5(2P)8d_3Po[1]            3.0    1189187.8675     3.1071   9.649E+02    48     0    572
3s2_3p5(2P)8d_3Po[2]            5.0    1189465.9249     3.0988   9.675E+02    48     0    573
3s2_3p5(2P)8d_3Fo[4]            9.0    1189469.3460     3.0987   9.675E+02    48     0    574
3s2_3p5(2P)8d_3Fo[3]            7.0    1189533.6638     3.0967   9.681E+02    48     0    575
3s2_3p5(2P)8d_1Do[2]            5.0    1189794.2168     3.0889   9.705E+02    51     0    576
3s2_3p5(2P)8d_3Do[3]            7.0    1189852.7839     3.0872   9.711E+02    48     0    577
3s2_3p5(2P)8d_1Po[1]            3.0    1189949.7953     3.0843   9.720E+02    51     0    578
3s2_3p5(2P)8p_3De[1]            3.0    1191029.0582     3.0519   9.823E+02    50     0    579
3s2_3p5(2P)8p_3Pe[1]            3.0    1191282.8131     3.0443   9.848E+02    50     0    580
3s2_3p5(2P)8p_3Dbe[2]           5.0    1191344.0399     3.0425   9.854E+02    50     0    581
3s2_3p5(2P)8p_3Pe[0]            1.0    1191926.9448     3.0250   9.911E+02    50     0    582
3s2_3p5(2P)8f_3De[1]            3.0    1195991.2812     2.9032   1.033E+03    50     0    583
3s2_3p5(2P)8f_3Ge[5]           11.0    1196182.8466     2.8974   1.035E+03    50     0    584
3s2_3p5(2P)8f_3De[2]            5.0    1196187.1869     2.8973   1.035E+03    50     0    585
3s2_3p5(2P)8f_3Ge[4]            9.0    1196333.6371     2.8929   1.036E+03    50     0    586
3s2_3p5(2P)8f_3De[3]            7.0    1196413.2649     2.8905   1.037E+03    50     0    587
3s2_3p5(2P)8f_1Fe[3]            7.0    1196609.2499     2.8846   1.039E+03    49     0    588
3s2_3p5(2P)8f_3Fe[4]            9.0    1196673.3778     2.8827   1.040E+03    50     0    589
3s2_3p5(2P)8f_1De[2]            5.0    1197051.8717     2.8714   1.044E+03    49     0    590
3s2_3p5(2P)8g_3Fo[2]            5.0    1198229.5454     2.8361   1.057E+03    48     0    591
3s2_3p5(2P)8g_3Fo[3]            7.0    1198285.5192     2.8344   1.058E+03    48     0    592
3s2_3p5(2P)8g_3Ho[6]           13.0    1198320.1090     2.8333   1.058E+03    48     0    593
3s2_3p5(2P)8g_1Ho[5]           11.0    1198345.2097     2.8326   1.058E+03    51     0    594
3s2_3p5(2P)8g_3Fo[4]            9.0    1198495.7889     2.8281   1.060E+03    48     0    595
3s2_3p5(2P)8g_3Go[3]            7.0    1198536.4472     2.8268   1.061E+03    48     0    596
3s2_3p5(2P)8g_1Go[4]            9.0    1198584.9696     2.8254   1.061E+03    51     0    597
3s2_3p5(2P)8h_3Ge[3]            7.0    1198590.9552     2.8252   1.061E+03    50     0    598
3s2_3p5(2P)8g_3Go[5]           11.0    1198595.2026     2.8251   1.061E+03    48     0    599
3s2_3p5(2P)8h_3Ge[4]            9.0    1198595.6337     2.8251   1.061E+03    50     0    600
3s2_3p5(2P)8h_1Ie[6]           13.0    1198630.3489     2.8240   1.062E+03    49     0    601
3s2_3p5(2P)8h_3Ie[7]           15.0    1198630.6588     2.8240   1.062E+03    50     0    602
3s2_3p5(2P)8h_3He[4]            9.0    1198730.8532     2.8210   1.063E+03    50     0    603
3s2_3p5(2P)8h_3Ge[5]           11.0    1198730.9737     2.8210   1.063E+03    50     0    604
3s2_3p5(2P)8h_1He[5]           11.0    1198768.4438     2.8199   1.063E+03    49     0    605
3s2_3p5(2P)8h_3He[6]           13.0    1198770.5549     2.8198   1.063E+03    50     0    606
3s2_3p5(2P)8k_3Ie[5]           11.0    1198795.6386     2.8191   1.063E+03    50     0    607
3s2_3p5(2P)8k_3Ie[6]           13.0    1198796.6265     2.8190   1.063E+03    50     0    608
3s2_3p5(2P)8k_1Le[8]           17.0    1198806.5281     2.8188   1.064E+03    49     0    609
3s2_3p5(2P)8k_3Le[9]           19.0    1198807.5201     2.8187   1.064E+03    50     0    610
3s2_3p5(2P)8k_3Ke[6]           13.0    1198849.5982     2.8175   1.064E+03    50     0    611
3s2_3p5(2P)8k_3Ie[7]           15.0    1198850.5674     2.8174   1.064E+03    50     0    612
3s2_3p5(2P)8k_1Ke[7]           15.0    1198860.6412     2.8171   1.064E+03    49     0    613
3s2_3p5(2P)8k_3Ke[8]           17.0    1198861.6138     2.8171   1.064E+03    50     0    614
3s2_3p5(2P)8d_3Pbo[2]           5.0    1200199.3723     2.7770   1.080E+03    48     0    615
3s2_3p5(2P)8d_3Fo[2]            5.0    1200377.7841     2.7716   1.082E+03    48     0    616
3s2_3p5(2P)8d_3Fbo[3]           7.0    1200482.0822     2.7685   1.083E+03    48     0    617
3s2_3p5(2P)8d_3Do[1]            3.0    1200521.9701     2.7673   1.083E+03    48     0    618
3s2_3p5(2P)9s_3Po[2]            5.0    1201640.5980     2.7338   1.097E+03    48     0    619
3s2_3p5(2P)9s_1Po[1]            3.0    1201759.4153     2.7302   1.098E+03    51     0    620
3s2_3p5(2P)9p_3Se[1]            3.0    1205345.1611     2.6227   1.143E+03    50     0    621
3s2_3p5(2P)9p_3De[2]            5.0    1205532.9455     2.6171   1.146E+03    50     0    622
3s2_3p5(2P)9p_3De[3]            7.0    1205600.2155     2.6151   1.146E+03    50     0    623
3s2_3p5(2P)9p_1Pe[1]            3.0    1205762.7100     2.6102   1.149E+03    49     0    624
3s2_3p5(2P)9p_3Pe[2]            5.0    1205843.8901     2.6078   1.150E+03    50     0    625
3s2_3p5(2P)9p_1Se[0]            1.0    1206619.3914     2.5845   1.160E+03    49     0    626
3s2_3p5(2P)8f_3Ge[3]            7.0    1207187.7713     2.5675   1.168E+03    50     0    627
3s2_3p5(2P)8f_3Dbe[3]           7.0    1207214.0620     2.5667   1.168E+03    50     0    628
3s2_3p5(2P)8f_3Gbe[4]           9.0    1207303.9882     2.5640   1.169E+03    50     0    629
3s2_3p5(2P)8f_3Fe[2]            5.0    1207625.8383     2.5544   1.174E+03    50     0    630
3s_3p6(2S)5p_3Po[0]             1.0    1209037.4394     2.5120   1.193E+03    48     0    631
3s2_3p5(2P)8g_3Ho[4]            9.0    1209291.6300     2.5044   1.197E+03    48     0    632
3s2_3p5(2P)8g_3Fbo[4]           9.0    1209299.8381     2.5042   1.197E+03    48     0    633
3s2_3p5(2P)8g_3Ho[5]           11.0    1209312.2032     2.5038   1.197E+03    48     0    634
3s2_3p5(2P)8g_3Gbo[3]           7.0    1209344.3772     2.5028   1.198E+03    48     0    635
3s_3p6(2S)5p_3Po[1]             3.0    1209511.5693     2.4978   1.200E+03    48     0    636
3s2_3p5(2P)8h_3Ie[5]           11.0    1209561.8344     2.4963   1.201E+03    50     0    637
3s2_3p5(2P)8h_3Ie[6]           13.0    1209564.6015     2.4962   1.201E+03    50     0    638
3s2_3p5(2P)8h_3Gbe[5]          11.0    1209564.8398     2.4962   1.201E+03    50     0    639
3s2_3p5(2P)8h_3Hbe[4]           9.0    1209565.1191     2.4962   1.201E+03    50     0    640
3s2_3p5(2P)8k_3Le[7]           15.0    1209708.5146     2.4919   1.203E+03    50     0    641
3s2_3p5(2P)8k_3Kbe[6]          13.0    1209708.6314     2.4919   1.203E+03    50     0    642
3s2_3p5(2P)8k_3Le[8]           17.0    1209709.5216     2.4919   1.203E+03    50     0    643
3s2_3p5(2P)8k_3Ibe[7]          15.0    1209709.6384     2.4919   1.203E+03    50     0    644
3s_3p6(2S)5p_3Po[2]             5.0    1210577.9577     2.4659   1.216E+03    48     0    645
3s_3p6(2S)5p_1Po[1]             3.0    1211144.7882     2.4489   1.224E+03    51     0    646
3s2_3p5(2P)9d_3Fo[4]            9.0    1211845.5898     2.4279   1.235E+03    52     0    647
3s2_3p5(2P)9d_3Fo[3]            7.0    1211887.1751     2.4266   1.235E+03    52     0    648
3s2_3p5(2P)9d_1Do[2]            5.0    1212067.7409     2.4212   1.238E+03    51     0    649
3s2_3p5(2P)9d_3Do[3]            7.0    1212106.9331     2.4200   1.239E+03    52     0    650
3s2_3p5(2P)9d_3Po[1]            3.0    1212347.9459     2.4128   1.243E+03    52     0    651
3s2_3p5(2P)9d_3Po[0]            1.0    1212353.7872     2.4126   1.243E+03    52     0    652
3s_3p6(2S)5p_3Pbo[2]            5.0    1212596.8523     2.4053   1.246E+03    48     0    653
3s2_3p5(2P)9s_3Po[1]            3.0    1212625.6216     2.4045   1.247E+03    48     0    654
3s2_3p5(2P)9s_3Po[0]            1.0    1212766.1228     2.4003   1.249E+03    48     0    655
3s_3p6(2S)5p_1Pbo[1]            3.0    1213244.8158     2.3859   1.257E+03    51     0    656
3s2_3p5(2P)9f_3De[1]            3.0    1216267.7001     2.2953   1.306E+03    50     0    657
3s2_3p5(2P)9f_3De[2]            5.0    1216450.5794     2.2898   1.309E+03    50     0    658
3s2_3p5(2P)9f_3Dbe[1]           3.0    1216482.6384     2.2888   1.310E+03    50     0    659
3s2_3p5(2P)9f_3Ge[5]           11.0    1216507.2625     2.2881   1.310E+03    50     0    660
3s2_3p5(2P)9p_3Pe[1]            3.0    1216567.1735     2.2863   1.311E+03    50     0    661
3s2_3p5(2P)9f_3Ge[4]            9.0    1216613.0684     2.2849   1.312E+03    50     0    662
3s2_3p5(2P)9p_3Dbe[2]           5.0    1216653.2683     2.2837   1.313E+03    50     0    663
3s2_3p5(2P)9f_3De[3]            7.0    1216674.6188     2.2831   1.313E+03    50     0    664
3s2_3p5(2P)9f_1Fe[3]            7.0    1216806.1391     2.2791   1.315E+03    49     0    665
3s2_3p5(2P)9f_3Fe[4]            9.0    1216849.2899     2.2778   1.316E+03    50     0    666
3s2_3p5(2P)9p_3Pe[0]            1.0    1217005.5945     2.2732   1.319E+03    50     0    667
3s2_3p5(2P)9f_1De[2]            5.0    1217138.5015     2.2692   1.321E+03    49     0    668
3s2_3p5(2P)9g_3Fo[2]            5.0    1217966.6801     2.2443   1.336E+03    52     0    669
3s2_3p5(2P)9g_3Fo[3]            7.0    1218007.3172     2.2431   1.336E+03    52     0    670
3s2_3p5(2P)9g_3Ho[6]           13.0    1218028.3243     2.2425   1.337E+03    52     0    671
3s2_3p5(2P)9g_1Ho[5]           11.0    1218047.1804     2.2419   1.337E+03    51     0    672
3s2_3p5(2P)9g_3Fo[4]            9.0    1218154.8972     2.2387   1.339E+03    52     0    673
3s2_3p5(2P)9g_3Go[3]            7.0    1218184.8984     2.2378   1.340E+03    52     0    674
3s2_3p5(2P)9g_1Go[4]            9.0    1218216.7174     2.2368   1.340E+03    51     0    675
3s2_3p5(2P)9h_3Ge[3]            7.0    1218220.0696     2.2367   1.340E+03    50     0    676
3s2_3p5(2P)9h_3Ge[4]            9.0    1218223.9991     2.2366   1.340E+03    50     0    677
3s2_3p5(2P)9g_3Go[5]           11.0    1218224.1357     2.2366   1.340E+03    52     0    678
3s2_3p5(2P)9h_1Ie[6]           13.0    1218247.9761     2.2359   1.341E+03    49     0    679
3s2_3p5(2P)9h_3Ie[7]           15.0    1218248.1564     2.2359   1.341E+03    50     0    680
3s2_3p5(2P)9h_3He[4]            9.0    1218319.9805     2.2338   1.342E+03    50     0    681
3s2_3p5(2P)9h_3Ge[5]           11.0    1218320.0000     2.2338   1.342E+03    50     0    682
3s2_3p5(2P)9h_1He[5]           11.0    1218346.1820     2.2330   1.343E+03    49     0    683
3s2_3p5(2P)9h_3He[6]           13.0    1218347.8938     2.2329   1.343E+03    50     0    684
3s2_3p5(2P)9k_3Ie[5]           11.0    1218367.8766     2.2323   1.343E+03    50     0    685
3s2_3p5(2P)9k_3Ie[6]           13.0    1218368.3732     2.2323   1.343E+03    50     0    686
3s2_3p5(2P)9k_1Le[8]           17.0    1218375.5362     2.2321   1.343E+03    49     0    687
3s2_3p5(2P)9k_3Le[9]           19.0    1218376.0348     2.2321   1.343E+03    50     0    688
3s2_3p5(2P)9k_3Ke[6]           13.0    1218406.0385     2.2312   1.344E+03    50     0    689
3s2_3p5(2P)9k_3Ie[7]           15.0    1218406.5257     2.2312   1.344E+03    50     0    690
3s2_3p5(2P)9k_1Ke[7]           15.0    1218413.8098     2.2309   1.344E+03    49     0    691
3s2_3p5(2P)9k_3Ke[8]           17.0    1218414.2990     2.2309   1.344E+03    50     0    692
3s2_3p5(2P)9d_3Fo[2]            5.0    1222800.4541     2.0994   1.428E+03    52     0    693
3s2_3p5(2P)9d_3Fbo[3]           7.0    1222870.4359     2.0973   1.429E+03    52     0    694
3s2_3p5(2P)9d_3Po[2]            5.0    1222900.5021     2.0964   1.430E+03    52     0    695
3s2_3p5(2P)9d_3Do[1]            3.0    1223013.6129     2.0930   1.432E+03    52     0    696
3s2_3p5(2P)9f_3Ge[3]            7.0    1227531.4242     1.9576   1.531E+03    50     0    697
3s2_3p5(2P)9f_3Dbe[3]           7.0    1227546.9152     1.9571   1.532E+03    50     0    698
3s2_3p5(2P)9f_3Gbe[4]           9.0    1227612.2464     1.9552   1.533E+03    50     0    699
3s2_3p5(2P)9f_3Fe[2]            5.0    1227839.1495     1.9484   1.539E+03    50     0    700
3s2_3p5(2P)9g_3Ho[4]            9.0    1229030.4187     1.9127   1.567E+03    52     0    701
3s2_3p5(2P)9g_3Fbo[4]           9.0    1229037.5656     1.9124   1.568E+03    52     0    702
3s2_3p5(2P)9g_3Ho[5]           11.0    1229045.6439     1.9122   1.568E+03    52     0    703
3s2_3p5(2P)9g_3Gbo[3]           7.0    1229070.3194     1.9115   1.568E+03    52     0    704
3s2_3p5(2P)9h_3Ie[5]           11.0    1229221.7330     1.9069   1.572E+03    50     0    705
3s2_3p5(2P)9h_3Ie[6]           13.0    1229224.0019     1.9069   1.572E+03    50     0    706
3s2_3p5(2P)9h_3Gbe[5]          11.0    1229224.1962     1.9069   1.572E+03    50     0    707
3s2_3p5(2P)9h_3Hbe[4]           9.0    1229224.5451     1.9068   1.572E+03    50     0    708
3s2_3p5(2P)9k_3Le[7]           15.0    1229328.4634     1.9037   1.575E+03    50     0    709
3s2_3p5(2P)9k_3Kbe[6]          13.0    1229328.5579     1.9037   1.575E+03    50     0    710
3s2_3p5(2P)9k_3Le[8]           17.0    1229328.9689     1.9037   1.575E+03    50     0    711
3s2_3p5(2P)9k_3Ibe[7]          15.0    1229329.0633     1.9037   1.575E+03    50     0    712
